stockCode,stackName,date,startPrice,highPrice,lowPrice,finalPrice,amountTrade,amounForeigner,amountAgencyBuy,days5MovAvr,days20MovAvr,days60MovAvr,days120MovAvr
A00781K,코리아써키트2우B,20190129,4170,4170,4170,4170,392,995,0,4285,4219,4319,4551
A00781K,코리아써키트2우B,20190128,4270,4270,4110,4170,956,995,0,4301,4220,4325,4556
A00781K,코리아써키트2우B,20190125,4450,4450,4170,4270,1025,995,0,4317,4222,4328,4562
A00781K,코리아써키트2우B,20190124,4355,4460,4355,4460,6,995,0,4313,4216,4329,4567
A00781K,코리아써키트2우B,20190123,4360,4360,4000,4355,81,995,0,4271,4200,4328,4570
A00781K,코리아써키트2우B,20190122,4250,4250,4250,4250,1,995,0,4250,4190,4332,4574
A00781K,코리아써키트2우B,20190121,4250,4250,4250,4250,1,995,0,4240,4187,4338,4580
A00781K,코리아써키트2우B,20190118,4250,4250,4250,4250,13,995,0,4250,4183,4346,4586
A00781K,코리아써키트2우B,20190117,4250,4250,4250,4250,9,995,0,4237,4177,4354,4590
A00781K,코리아써키트2우B,20190116,4295,4295,4160,4250,100,995,0,4207,4176,4362,4595
A00781K,코리아써키트2우B,20190115,4320,4320,4200,4200,8,995,0,4173,4182,4367,4600
A00781K,코리아써키트2우B,20190114,4320,4320,4150,4300,44,995,0,4173,4186,4375,4606
A00781K,코리아써키트2우B,20190111,4095,4185,4095,4185,31,687,0,4153,4185,4381,4612
A00781K,코리아써키트2우B,20190110,4190,4275,4060,4100,185,687,0,4146,4190,4390,4617
A00781K,코리아써키트2우B,20190109,4200,4200,3950,4080,1671,687,0,4166,4196,4397,4624
A00781K,코리아써키트2우B,20190108,4200,4200,4200,4200,1,687,0,4169,4208,4405,4631
A00781K,코리아써키트2우B,20190107,4200,4200,4200,4200,3,687,0,4167,4220,4410,4640
A00781K,코리아써키트2우B,20190104,4150,4150,4150,4150,139,687,0,4167,4232,4420,4645
A00781K,코리아써키트2우B,20190103,4080,4200,4080,4200,3,687,0,4168,4250,4432,4650
A00781K,코리아써키트2우B,20190102,4090,4095,4085,4095,26,687,0,4156,4260,4445,4655
A00781K,코리아써키트2우B,20181228,4200,4200,4120,4190,28,687,0,4170,4278,4457,4662
A00781K,코리아써키트2우B,20181227,4200,4200,4200,4200,3,687,0,4167,4291,4469,4667
A00781K,코리아써키트2우B,20181226,4145,4155,4145,4155,2,690,0,4163,4304,4480,4672
A00781K,코리아써키트2우B,20181224,4160,4160,4140,4140,33,690,0,4156,4320,4492,4679
A00781K,코리아써키트2우B,20181221,4160,4210,4160,4165,14,690,0,4177,4334,4504,4684
A00781K,코리아써키트2우B,20181220,4175,4175,4175,4175,14,690,0,4214,4350,4518,4690
A00781K,코리아써키트2우B,20181219,4145,4200,4035,4180,125,690,0,4236,4367,4529,4697
A00781K,코리아써키트2우B,20181218,4140,4140,4120,4120,106,690,0,4256,4376,4541,4703
A00781K,코리아써키트2우B,20181217,4100,4245,4085,4245,492,690,0,4288,4387,4554,4709
A00781K,코리아써키트2우B,20181214,4380,4380,4065,4350,226,690,0,4283,4398,4564,4716
A00781K,코리아써키트2우B,20181213,4380,4390,4280,4285,57,690,0,4277,4408,4573,4720
A00781K,코리아써키트2우B,20181212,4380,4390,4280,4280,92,690,0,4309,4419,4583,4725
A00781K,코리아써키트2우B,20181211,4400,4400,4280,4280,211,690,0,4342,4430,4594,4729
A00781K,코리아써키트2우B,20181210,4320,4325,4220,4220,89,690,0,4390,4438,4609,4733
A00781K,코리아써키트2우B,20181207,4400,4400,4265,4320,486,690,0,4422,4448,4620,4739
A00781K,코리아써키트2우B,20181206,4445,4450,4445,4445,50,690,0,4449,4459,4629,4745
A00781K,코리아써키트2우B,20181205,4400,4450,4400,4445,127,690,0,4453,4464,4636,4750
A00781K,코리아써키트2우B,20181204,4530,4530,4520,4520,52,690,0,4457,4467,4642,4755
A00781K,코리아써키트2우B,20181203,4445,4450,4380,4380,23,690,0,4447,4462,4648,4760
A00781K,코리아써키트2우B,20181130,4460,4460,4455,4455,193,690,0,4456,4465,4655,4766
A00781K,코리아써키트2우B,20181129,4465,4465,4465,4465,354,690,0,4460,4461,4662,4771
A00781K,코리아써키트2우B,20181128,4465,4465,4465,4465,0,690,0,4469,4463,4668,4776
A00781K,코리아써키트2우B,20181127,4450,4640,4450,4470,74,690,0,4449,4458,4674,4781
A00781K,코리아써키트2우B,20181126,4550,4640,4425,4425,207,690,0,4422,4452,4680,4787
A00781K,코리아써키트2우B,20181123,4510,4600,4475,4475,360,690,0,4433,4448,4686,4792
A00781K,코리아써키트2우B,20181122,4430,4510,4385,4510,294,690,0,4446,4454,4692,4798
A00781K,코리아써키트2우B,20181121,4335,4390,4330,4365,1029,690,0,4445,4462,4697,4807
A00781K,코리아써키트2우B,20181120,4515,4515,4335,4335,32,690,0,4472,4479,4704,4815
A00781K,코리아써키트2우B,20181119,4535,4540,4475,4480,556,690,0,4491,4500,4713,4824
A00781K,코리아써키트2우B,20181116,4540,4540,4540,4540,2,690,0,4483,4510,4719,4834
A00781K,코리아써키트2우B,20181115,4535,4550,4440,4505,367,690,0,4482,4512,4725,4843
A00781K,코리아써키트2우B,20181114,4430,4595,4430,4500,1843,690,0,4487,4520,4730,4851
A00781K,코리아써키트2우B,20181113,4430,4430,4325,4430,23,690,0,4489,4529,4735,4856
A00781K,코리아써키트2우B,20181112,4375,4440,4375,4440,4,690,0,4488,4542,4741,4861
A00781K,코리아써키트2우B,20181109,4535,4535,4530,4535,38,690,0,4487,4547,4748,4868
A00781K,코리아써키트2우B,20181108,4520,4530,4455,4530,40,690,0,4457,4548,4753,4875
A00781K,코리아써키트2우B,20181107,4430,4510,4365,4510,44,690,0,4451,4547,4758,4881
A00781K,코리아써키트2우B,20181106,4550,4570,4425,4425,12,690,0,4421,4562,4764,4885
A00781K,코리아써키트2우B,20181105,4600,4600,4430,4435,245,690,0,4406,4585,4771,4889
A00781K,코리아써키트2우B,20181102,4530,4530,4385,4385,264,690,0,4391,4610,4777,4893
A00781K,코리아써키트2우B,20181101,4360,4540,4300,4500,323,690,0,4432,4634,4783,4895
A00781K,코리아써키트2우B,20181031,4450,4450,4360,4360,32,690,0,4464,4654,4788,4897
A00781K,코리아써키트2우B,20181030,4000,4350,4000,4350,1069,690,0,4535,4678,4796,4900
A00781K,코리아써키트2우B,20181029,4400,4400,4360,4360,340,690,0,4613,4704,4804,4902
A00781K,코리아써키트2우B,20181026,4655,4655,4350,4590,536,690,0,4677,4730,4812,4905
A00781K,코리아써키트2우B,20181025,4550,4675,4545,4660,252,690,0,4675,4749,4817,4907
A00781K,코리아써키트2우B,20181024,4600,4720,4600,4715,54,690,0,4678,4759,4821,4908
A00781K,코리아써키트2우B,20181023,4780,4780,4740,4740,215,690,0,4671,4768,4825,4908
A00781K,코리아써키트2우B,20181022,4590,4800,4580,4680,1900,690,0,4659,4776,4826,4907
A00781K,코리아써키트2우B,20181019,4615,4620,4580,4580,6,690,0,4632,4784,4829,4908
A00781K,코리아써키트2우B,20181018,4615,4680,4615,4675,11,690,0,4629,4799,4834,4909
A00781K,코리아써키트2우B,20181017,4600,4680,4585,4680,21,690,0,4594,4809,4837,4909
A00781K,코리아써키트2우B,20181016,4640,4680,4640,4680,10,690,0,4623,4822,4843,4908
A00781K,코리아써키트2우B,20181015,4565,4565,4425,4545,166,690,0,4661,4848,4845,4909
A00781K,코리아써키트2우B,20181012,4300,4585,4300,4565,35,690,0,4738,4864,4851,4910
A00781K,코리아써키트2우B,20181011,4725,4725,4400,4500,1255,690,0,4798,4880,4857,4911
A00781K,코리아써키트2우B,20181010,4785,4825,4685,4825,219,690,0,4878,4896,4870,4913
A00781K,코리아써키트2우B,20181008,4880,4880,4790,4870,58,690,0,4882,4898,4870,4911
A00781K,코리아써키트2우B,20181005,4930,4930,4930,4930,9,690,0,4882,4896,4868,4910
A00781K,코리아써키트2우B,20181004,4890,4890,4800,4865,208,690,0,4871,4892,4866,4909
A00781K,코리아써키트2우B,20181002,4950,4950,4900,4900,7,690,0,4894,4891,4866,4908
A00781K,코리아써키트2우B,20181001,4850,4850,4780,4845,2607,690,0,4886,4888,4866,4907
A00781K,코리아써키트2우B,20180928,4870,4870,4870,4870,1,690,0,4896,4887,4865,4907
A00781K,코리아써키트2우B,20180927,4965,4980,4860,4875,120,690,0,4902,4884,4865,4906
A00781K,코리아써키트2우B,20180921,4835,4980,4835,4980,94,690,0,4897,4880,4864,4905
A00781K,코리아써키트2우B,20180920,4940,4985,4860,4860,439,690,0,4875,4872,4863,4902
A00781K,코리아써키트2우B,20180919,4975,4975,4895,4895,103,690,0,4878,4869,4865,4900
A00781K,코리아써키트2우B,20180918,4855,4920,4855,4900,845,690,0,4887,4866,4864,4898
A00781K,코리아써키트2우B,20180917,4880,4985,4850,4850,145,690,0,4947,4864,4864,4896
A00781K,코리아써키트2우B,20180914,4995,4995,4855,4870,59,690,0,4948,4862,4867,4895
A00781K,코리아써키트2우B,20180913,5000,5000,4870,4875,201,690,0,4954,4865,4867,4895
A00781K,코리아써키트2우B,20180912,5200,5240,4940,4940,427,690,0,4944,4860,4867,4895
A00781K,코리아써키트2우B,20180911,4920,5200,4880,5200,221,690,0,4928,4853,4864,4896
A00781K,코리아써키트2우B,20180910,4940,4945,4855,4855,82,690,0,4854,4834,4857,4894
A00781K,코리아써키트2우B,20180907,4835,4945,4835,4900,1894,690,0,4851,4833,4859,4896
A00781K,코리아써키트2우B,20180906,4825,4900,4800,4825,372,690,0,4842,4830,4861,4897
A00781K,코리아써키트2우B,20180905,4845,4895,4835,4860,3054,690,0,4844,4832,4865,4899
A00781K,코리아써키트2우B,20180904,4880,4880,4820,4830,269,690,0,4836,4831,4868,4901
A00781K,코리아써키트2우B,20180903,4855,4855,4810,4840,1641,690,0,4832,4831,4872,4902
A00781K,코리아써키트2우B,20180831,4860,4870,4855,4855,209,690,0,4825,4829,4877,4904
A00781K,코리아써키트2우B,20180830,4835,4870,4830,4835,396,690,0,4819,4824,4880,4906
A00781K,코리아써키트2우B,20180829,4850,4860,4820,4820,178,690,0,4810,4823,4883,4908
A00781K,코리아써키트2우B,20180828,4840,4840,4810,4810,11,690,0,4814,4822,4888,4911
A00781K,코리아써키트2우B,20180827,4795,4830,4795,4805,61,690,0,4822,4824,4893,4912
A00781K,코리아써키트2우B,20180824,4835,4840,4790,4825,806,690,0,4826,4827,4898,4915
A00781K,코리아써키트2우B,20180823,4785,4845,4785,4790,940,690,0,4844,4829,4905,4916
A00781K,코리아써키트2우B,20180822,4765,4845,4765,4840,1382,690,0,4843,4836,4918,4918
A00781K,코리아써키트2우B,20180821,4825,4850,4825,4850,64,690,0,4834,4840,4926,4920
A00781K,코리아써키트2우B,20180820,4995,4995,4820,4825,900,690,0,4826,4839,4934,4921
A00781K,코리아써키트2우B,20180817,4890,4915,4740,4915,475,690,0,4831,4840,4948,4923
A00781K,코리아써키트2우B,20180816,4830,4830,4755,4785,1724,690,0,4815,4837,4961,4926
A00781K,코리아써키트2우B,20180814,4890,4890,4775,4795,1631,690,0,4829,4843,4972,4931
A00781K,코리아써키트2우B,20180813,4815,4895,4805,4810,1087,690,0,4839,4853,4976,4935
A00781K,코리아써키트2우B,20180810,5040,5250,4850,4850,1730,690,0,4843,4854,4980,4939
A00781K,코리아써키트2우B,20180809,4800,4930,4800,4835,2220,690,0,4833,4856,4989,4942
A00781K,코리아써키트2우B,20180808,4950,4950,4845,4855,1517,690,0,4817,4860,4998,4945
A00781K,코리아써키트2우B,20180807,4905,4910,4845,4845,655,690,0,4809,4884,5004,4947
A00781K,코리아써키트2우B,20180806,4805,4900,4805,4830,785,690,0,4803,4881,5006,4951
A00781K,코리아써키트2우B,20180803,4880,4880,4795,4800,800,690,0,4807,4876,5008,4954
A00781K,코리아써키트2우B,20180802,4805,4880,4755,4755,999,690,0,4819,4876,5009,4958
A00781K,코리아써키트2우B,20180801,4725,4895,4725,4815,1884,690,0,4841,4882,5008,4961
A00781K,코리아써키트2우B,20180731,4835,4885,4815,4815,666,690,0,4862,4886,5006,4966
A00781K,코리아써키트2우B,20180730,4985,4985,4850,4850,535,690,0,4886,4885,5004,4971
A00781K,코리아써키트2우B,20180727,4900,4900,4845,4860,1761,690,0,4879,4888,5001,4975
A00781K,코리아써키트2우B,20180726,4905,4905,4805,4865,1075,690,0,4876,4886,4998,4979
A00781K,코리아써키트2우B,20180725,4920,4920,4920,4920,0,690,0,4875,4887,4997,4983
A00781K,코리아써키트2우B,20180724,4985,4985,4760,4935,402,690,0,4871,4890,4994,4985
A00781K,코리아써키트2우B,20180723,4870,4995,4815,4815,3192,690,0,4884,4885,4990,4987
A00781K,코리아써키트2우B,20180720,4995,4995,4840,4845,294,690,0,4886,4891,4988,4990
A00781K,코리아써키트2우B,20180719,4950,4995,4860,4860,206,690,0,4894,4899,4986,4992
A00781K,코리아써키트2우B,20180718,4835,4965,4835,4900,507,690,0,4908,4900,4984,4994
A00781K,코리아써키트2우B,20180717,4970,5000,4845,5000,1884,690,0,4992,4897,4980,4997
A00781K,코리아써키트2우B,20180716,4885,4985,4825,4825,85,690,0,4952,4886,4974,5000
A00781K,코리아써키트2우B,20180713,4820,5060,4820,4885,565,690,0,4931,4882,4973,5004
A00781K,코리아써키트2우B,20180712,4905,5110,4905,4930,620,690,0,4915,4887,4970,5008
A00781K,코리아써키트2우B,20180711,4810,5320,4805,5320,314,690,0,4906,4892,4966,5011
A00781K,코리아써키트2우B,20180710,4800,4950,4745,4800,174,690,0,4819,4879,4956,5011
A00781K,코리아써키트2우B,20180709,4800,4830,4700,4720,3267,690,0,4818,4893,4953,5018
A00781K,코리아써키트2우B,20180706,4735,4865,4710,4805,6656,690,0,4854,4911,4952,5024
A00781K,코리아써키트2우B,20180705,4770,4885,4770,4885,465,690,0,4859,4928,4952,5028
A00781K,코리아써키트2우B,20180704,4790,4885,4755,4885,2014,690,0,4858,4934,4949,5032
A00781K,코리아써키트2우B,20180703,4800,4850,4795,4795,6314,690,0,4879,4940,4948,5036
A00781K,코리아써키트2우B,20180702,4915,4915,4900,4900,747,690,0,4887,4957,4948,5041
A00781K,코리아써키트2우B,20180629,4880,4930,4830,4830,844,690,0,4892,4968,4947,5045
A00781K,코리아써키트2우B,20180628,5280,5280,4880,4880,243,690,0,4928,4980,4945,5049
A00781K,코리아써키트2우B,20180627,4900,5000,4840,4990,34,690,0,4928,4998,4941,5054
A00781K,코리아써키트2우B,20180626,4960,4990,4835,4835,285,690,0,4898,5028,4935,5058
A00781K,코리아써키트2우B,20180625,5040,5040,4850,4925,1245,690,0,4888,5052,4933,5063
A00781K,코리아써키트2우B,20180622,4880,5590,4880,5010,2698,690,0,4853,5072,4928,5067
A00781K,코리아써키트2우B,20180621,4840,4900,4760,4880,925,690,0,4847,5106,4924,5072
A00781K,코리아써키트2우B,20180620,4795,4890,4795,4840,1136,690,0,4877,5147,4922,5078
A00781K,코리아써키트2우B,20180619,4750,4800,4700,4785,2138,690,0,4919,5176,4924,5086
A00781K,코리아써키트2우B,20180618,4910,4910,4750,4750,7480,690,0,4980,5190,4928,5095
A00781K,코리아써키트2우B,20180615,4950,4980,4920,4980,1015,690,0,5044,5204,4932,5104
A00781K,코리아써키트2우B,20180614,5030,5030,4945,5030,1491,690,0,5076,5223,4933,5111
A00781K,코리아써키트2우B,20180612,5090,5090,5000,5050,457,690,0,5072,5241,4933,5116
A00781K,코리아써키트2우B,20180611,5100,5100,5090,5090,2,690,0,5064,5248,4934,5121
A00781K,코리아써키트2우B,20180608,5120,5120,5000,5070,1049,690,0,5072,5244,4933,5128
A00781K,코리아써키트2우B,20180607,4980,5140,4980,5140,1211,690,0,5084,5238,4932,5135
A00781K,코리아써키트2우B,20180605,5120,5130,5000,5010,1375,690,0,5068,5224,4930,5142
A00781K,코리아써키트2우B,20180604,5050,5090,5010,5010,3916,690,0,5116,5207,4932,5150
A00781K,코리아써키트2우B,20180601,5100,5140,5040,5130,1825,690,0,5230,5191,4933,5160
A00781K,코리아써키트2우B,20180531,5080,5300,5030,5130,2932,690,0,5270,5171,4933,5168
A00781K,코리아써키트2우B,20180530,5230,5230,5060,5060,5102,690,0,5308,5147,4931,5185
A00781K,코리아써키트2우B,20180529,5500,5500,5220,5250,7523,690,0,5432,5130,4932,5203
A00781K,코리아써키트2우B,20180528,5320,5580,5210,5580,2323,690,0,5522,5105,4927,5220
A00781K,코리아써키트2우B,20180525,5080,5330,5060,5330,5965,690,0,5490,5063,4918,5232
A00781K,코리아써키트2우B,20180524,5650,5670,5170,5320,14801,690,0,5438,5033,4913,5244
A00781K,코리아써키트2우B,20180523,5900,6240,5640,5680,19607,690,0,5380,5002,4908,5256
A00781K,코리아써키트2우B,20180521,5500,6340,5500,5700,42502,690,0,5316,4954,4898,5266
A00781K,코리아써키트2우B,20180518,5190,5440,5100,5420,12813,690,0,5254,4905,4891,5274
A00781K,코리아써키트2우B,20180517,4970,5220,4970,5070,1470,690,0,5210,4867,4890,5283
A00781K,코리아써키트2우B,20180516,5360,5360,4960,5030,2134,690,0,5196,4847,4894,5295
A00781K,코리아써키트2우B,20180515,5390,5450,5200,5360,1335,690,0,5181,4832,4897,5307
A00781K,코리아써키트2우B,20180514,5360,5590,5010,5390,18202,690,0,5079,4800,4895,5316
A00781K,코리아써키트2우B,20180511,5000,5220,5000,5200,10934,977,0,4935,4765,4891,5324
A00781K,코리아써키트2우B,20180510,4960,5000,4815,5000,10124,977,0,4835,4739,4891,5335
A00781K,코리아써키트2우B,20180509,4845,5040,4785,4955,12252,977,0,4781,4721,4895,5349
A00781K,코리아써키트2우B,20180508,4670,4850,4660,4850,12269,977,0,4718,4708,4900,5363
A00781K,코리아써키트2우B,20180504,4780,4780,4660,4670,4656,977,0,4692,4704,4906,5376
A00781K,코리아써키트2우B,20180503,4625,4785,4625,4700,4171,977,0,4708,4708,4915,5391
A00781K,코리아써키트2우B,20180502,4655,4815,4655,4730,6147,977,0,4718,4712,4927,5406
A00781K,코리아써키트2우B,20180430,4775,4775,4615,4640,344,977,0,4718,4718,4938,5420
A00781K,코리아써키트2우B,20180427,4780,4780,4700,4720,364,977,0,4728,4726,4949,5434
A00781K,코리아써키트2우B,20180426,4730,4775,4730,4750,222,977,0,4728,4725,4960,5448
A00781K,코리아써키트2우B,20180425,4740,4835,4740,4750,3780,977,0,4722,4720,4970,5462
A00781K,코리아써키트2우B,20180424,4690,4740,4640,4730,1878,977,0,4705,4714,4976,5476
A00781K,코리아써키트2우B,20180423,4690,4745,4690,4690,1518,977,0,4692,4713,4984,5489
A00781K,코리아써키트2우B,20180420,4690,4745,4650,4720,712,977,0,4703,4712,4991,5502
A00781K,코리아써키트2우B,20180419,4650,4770,4615,4720,740,977,0,4701,4712,4997,5515
A00781K,코리아써키트2우B,20180418,4670,4670,4620,4665,347,1088,0,4695,4714,5003,5529
A00781K,코리아써키트2우B,20180417,4670,4715,4665,4665,227,1088,0,4699,4730,5015,5543
A00781K,코리아써키트2우B,20180416,4710,4745,4620,4745,1324,1088,0,4692,4746,5026,5557
A00781K,코리아써키트2우B,20180413,4780,4780,4685,4710,46,1088,0,4681,4759,5035,5571
A00781K,코리아써키트2우B,20180412,4700,4770,4685,4690,228,1088,0,4696,4776,5045,5585
A00781K,코리아써키트2우B,20180411,4630,4700,4630,4685,106,1088,0,4705,4793,5056,5599
A00781K,코리아써키트2우B,20180410,4650,4650,4630,4630,665,1088,0,4726,4813,5067,5614
A00781K,코리아써키트2우B,20180409,4765,4765,4635,4690,403,1088,0,4768,4834,5083,5628
A00781K,코리아써키트2우B,20180406,4845,4845,4785,4785,105,1088,0,4791,4852,5095,5642
A00781K,코리아써키트2우B,20180405,4790,4790,4735,4735,120,1088,0,4776,4863,5105,5658
A00781K,코리아써키트2우B,20180404,4800,4845,4790,4790,149,1088,0,4757,4882,5116,5673
A00781K,코리아써키트2우B,20180403,4770,4840,4670,4840,267,1088,0,4727,4897,5125,5688
A00781K,코리아써키트2우B,20180402,4845,4845,4805,4805,57,1088,0,4699,4911,5134,5701
A00781K,코리아써키트2우B,20180330,4650,4840,4650,4710,3109,1088,0,4671,4921,5144,5715
A00781K,코리아써키트2우B,20180329,4645,4840,4640,4640,741,1088,0,4674,4940,5154,5730
A00781K,코리아써키트2우B,20180328,4685,4780,4630,4640,2531,1088,0,4700,4955,5167,5747
A00781K,코리아써키트2우B,20180327,4720,4785,4665,4700,90,1088,0,4766,4975,5182,5762
A00781K,코리아써키트2우B,20180326,4700,4800,4640,4665,1008,1088,0,4826,4993,5193,5777
A00781K,코리아써키트2우B,20180323,4720,4770,4695,4725,598,1088,0,4893,5012,5206,5795
A00781K,코리아써키트2우B,20180322,4950,4970,4715,4770,8634,1088,0,4956,5028,5221,5811
A00781K,코리아써키트2우B,20180321,4955,4990,4955,4970,643,1088,0,5010,5054,5235,5829
A00781K,코리아써키트2우B,20180320,4950,5000,4920,5000,45,1088,0,5032,5073,5249,5846
A00781K,코리아써키트2우B,20180319,5010,5040,4905,5000,1707,1088,0,5042,5088,5262,5860
A00781K,코리아써키트2우B,20180316,5040,5040,4950,5040,364,1088,0,5052,5101,5276,5873
A00781K,코리아써키트2우B,20180315,5100,5120,5030,5040,240,1088,0,5046,5109,5289,5886
A00781K,코리아써키트2우B,20180314,5010,5100,4960,5080,731,1088,0,5062,5116,5300,5900
A00781K,코리아써키트2우B,20180313,5060,5190,5000,5050,815,1088,0,5062,5121,5309,5911
A00781K,코리아써키트2우B,20180312,5010,5100,5000,5050,432,1088,0,5076,5132,5322,5922
A00781K,코리아써키트2우B,20180309,5000,5080,4970,5010,2878,1088,0,5068,5142,5337,5933
A00781K,코리아써키트2우B,20180308,5170,5170,4955,5120,629,1088,0,5082,5151,5353,5945
A00781K,코리아써키트2우B,20180307,5110,5110,4950,5080,57,1088,0,5049,5155,5369,5956
A00781K,코리아써키트2우B,20180306,5010,5160,4990,5120,320,1088,0,5041,5171,5388,5968
A00781K,코리아써키트2우B,20180305,5010,5070,4955,5010,332,1088,0,5029,5185,5403,5980
A00781K,코리아써키트2우B,20180302,5090,5200,4960,5080,953,1088,0,5033,5201,5439,5994
A00781K,코리아써키트2우B,20180228,5100,5100,4955,4955,827,1088,0,5027,5215,5474,6008
A00781K,코리아써키트2우B,20180227,5050,5200,5000,5040,2947,1088,0,5096,5234,5513,6023
A00781K,코리아써키트2우B,20180226,5030,5240,5000,5060,1457,1088,0,5156,5240,5546,6038
A00781K,코리아써키트2우B,20180223,5050,5090,5000,5030,5373,1088,0,5204,5245,5574,6052
A00781K,코리아써키트2우B,20180222,5340,5340,5020,5050,8322,1088,0,5250,5250,5605,6067
A00781K,코리아써키트2우B,20180221,5220,5300,5200,5300,123,1088,0,5282,5251,5633,6080
A00781K,코리아써키트2우B,20180220,5330,5340,5180,5340,737,1088,0,5258,5242,5657,6091
A00781K,코리아써키트2우B,20180219,5240,5300,5100,5300,4118,1088,0,5224,5242,5677,6102
A00781K,코리아써키트2우B,20180214,5300,5330,5100,5260,399,1088,0,5218,5242,5697,6114
A00781K,코리아써키트2우B,20180213,5290,5290,5100,5210,420,1088,0,5218,5245,5716,6127
A00781K,코리아써키트2우B,20180212,5300,5300,5130,5180,1088,1088,0,5212,5252,5737,6140
A00781K,코리아써키트2우B,20180209,5270,5270,5100,5170,726,1088,0,5216,5258,5757,6151
A00781K,코리아써키트2우B,20180208,5220,5270,5120,5270,1460,1088,0,5264,5267,5780,6160
A00781K,코리아써키트2우B,20180207,5160,5330,5030,5260,2852,1088,0,5290,5283,5803,6168
A00781K,코리아써키트2우B,20180206,5110,5190,4930,5180,6801,1088,0,5304,5291,5825,6178
A00781K,코리아써키트2우B,20180205,5390,5410,5200,5200,4539,1088,0,5338,5302,5847,6188
A00781K,코리아써키트2우B,20180202,5380,5450,5260,5410,1811,1088,0,5366,5310,5867,6199
A00781K,코리아써키트2우B,20180201,5360,5400,5200,5400,4646,1088,0,5314,5308,5884,6208
A00781K,코리아써키트2우B,20180131,5340,5400,5290,5330,115,1088,0,5268,5306,5902,6215
A00781K,코리아써키트2우B,20180130,5220,5370,5200,5350,1824,1088,0,5230,5308,5919,6223
A00781K,코리아써키트2우B,20180129,5300,5340,5220,5340,884,1097,0,5172,5307,5936,6229
A00781K,코리아써키트2우B,20180126,5210,5360,5070,5150,2135,1097,0,5126,5313,5954,6236
A00781K,코리아써키트2우B,20180125,5200,5200,5110,5170,515,1097,0,5164,5330,5975,6245
A00781K,코리아써키트2우B,20180124,5070,5180,5060,5140,4427,1167,0,5194,5341,5994,6253
A00781K,코리아써키트2우B,20180123,5110,5190,5060,5060,1558,1167,0,5228,5356,6013,6262
A00781K,코리아써키트2우B,20180122,5240,5260,5030,5110,8493,1167,0,5284,5384,6032,6272
A00781K,코리아써키트2우B,20180119,5360,5360,5230,5340,1212,1167,0,5326,5409,6054,6284
A00781K,코리아써키트2우B,20180118,5430,5450,5220,5320,2101,1167,0,5326,5432,6071,6295
A00781K,코리아써키트2우B,20180117,5350,5350,5220,5310,1222,1167,0,5380,5455,6089,6306
A00781K,코리아써키트2우B,20180116,5260,5340,5220,5340,1547,1167,0,5402,5482,6107,6316
A00781K,코리아써키트2우B,20180115,5340,5370,5250,5320,2088,1167,0,5412,5507,6124,6326
A00781K,코리아써키트2우B,20180112,5570,5590,5320,5340,3792,1167,0,5420,5524,6143,6335
A00781K,코리아써키트2우B,20180111,5410,5590,5300,5590,2418,1168,0,5426,5540,6160,6344
A00781K,코리아써키트2우B,20180110,5420,5420,5260,5420,4540,1168,0,5384,5552,6173,6352
A00781K,코리아써키트2우B,20180109,5350,5410,5340,5390,1892,1168,0,5374,5578,6189,6363
A00781K,코리아써키트2우B,20180108,5290,5360,5250,5360,231,1168,0,5360,5608,6211,6372
A00781K,코리아써키트2우B,20180105,5380,5400,5270,5370,1875,1168,0,5380,5642,6231,6383
A00781K,코리아써키트2우B,20180104,5380,5400,5280,5380,175,1192,0,5404,5684,6250,6393
A00781K,코리아써키트2우B,20180103,5320,5420,5310,5370,2432,1202,0,5406,5718,6268,6403
A00781K,코리아써키트2우B,20180102,5400,5400,5260,5320,7396,1295,0,5418,5808,6286,6413
A00781K,코리아써키트2우B,20171228,5490,5530,5340,5460,3568,1266,-2023,5478,5900,6307,6426
A00781K,코리아써키트2우B,20171227,5320,5490,5310,5490,1366,1245,0,5510,5991,6326,6438
A00781K,코리아써키트2우B,20171226,5500,5540,5380,5390,5083,1245,0,5572,6069,6342,6452
A00781K,코리아써키트2우B,20171222,5630,5630,5400,5430,20226,1246,-193,5650,6138,6362,6464
A00781K,코리아써키트2우B,20171221,5650,5650,5560,5620,1143,1259,-55,5736,6208,6384,6478
A00781K,코리아써키트2우B,20171220,5850,5950,5600,5620,3031,1259,-101,5778,6266,6402,6491
A00781K,코리아써키트2우B,20171219,5780,5810,5710,5800,1461,1259,-72,5788,6320,6424,6504
A00781K,코리아써키트2우B,20171218,5860,5940,5710,5780,1723,1242,-11,5756,6358,6444,6515
A00781K,코리아써키트2우B,20171215,5810,5880,5720,5860,4124,1242,-69,5770,6393,6458,6526
A00781K,코리아써키트2우B,20171214,5700,5850,5600,5830,7516,1191,192,5786,6422,6470,6535
A00781K,코리아써키트2우B,20171213,5610,5670,5610,5670,1008,1198,50,5816,6452,6483,6544
A00781K,코리아써키트2우B,20171212,5890,5890,5590,5640,8929,1300,36,5890,6488,6500,6556
A00781K,코리아써키트2우B,20171211,5940,5990,5680,5850,11991,1265,15,6004,6534,6514,6565
A00781K,코리아써키트2우B,20171208,5980,6030,5830,5940,2776,388,21,6048,6573,6522,6572
A00781K,코리아써키트2우B,20171207,5900,6070,5810,5980,5990,329,61,6290,6605,6529,6581
A00781K,코리아써키트2우B,20171206,6260,6280,5920,6040,16589,294,-56,6530,6630,6537,6590
A00781K,코리아써키트2우B,20171205,6190,6350,6010,6210,72720,169,2205,6776,6650,6544,6597
A00781K,코리아써키트2우B,20171204,7050,7200,5790,6070,101728,169,-1527,6944,6662,6548,6600
A00781K,코리아써키트2우B,20171201,7200,7400,7000,7150,2908,169,-133,7082,6682,6557,6604
A00781K,코리아써키트2우B,20171130,7350,7350,6950,7180,5381,169,-253,7020,6642,6548,6599
A00781K,코리아써키트2우B,20171129,7160,7330,6990,7270,24554,169,-238,6938,6602,6543,6593
A00781K,코리아써키트2우B,20171128,6880,7390,6880,7050,33830,169,2,6828,6556,6534,6587
A00781K,코리아써키트2우B,20171127,6890,6900,6670,6760,8605,169,-175,6728,6525,6529,6584
A00781K,코리아써키트2우B,20171124,6710,7140,6710,6840,18309,169,-187,6672,6502,6529,6584
A00781K,코리아써키트2우B,20171123,6760,6980,6660,6770,9251,169,-100,6590,6475,6528,6584
A00781K,코리아써키트2우B,20171122,6630,6900,6500,6720,10461,169,-28,6526,6448,6526,6584
A00781K,코리아써키트2우B,20171121,6540,6670,6430,6550,7562,169,-21,6460,6434,6525,6581
A00781K,코리아써키트2우B,20171120,6540,6550,6430,6480,4153,169,9,6458,6424,6527,6582
A00781K,코리아써키트2우B,20171117,6510,6690,6420,6430,10633,169,-507,6490,6419,6532,6575
A00781K,코리아써키트2우B,20171116,6330,6540,6330,6450,1623,169,72,6520,6416,6538,6567
A00781K,코리아써키트2우B,20171115,6540,6650,6360,6390,8308,169,47,6528,6414,6543,6559
A00781K,코리아써키트2우B,20171114,6640,6640,6480,6540,5787,169,-240,6538,6415,6544,6552
A00781K,코리아써키트2우B,20171113,6580,6700,6530,6640,7902,169,-53,6516,6408,6540,6543
A00781K,코리아써키트2우B,20171110,6490,6620,6470,6580,10787,231,74,6482,6394,6534,6533
A00781K,코리아써키트2우B,20171109,6200,6490,6200,6490,3212,235,125,6436,6384,6532,6524
A00781K,코리아써키트2우B,20171108,6480,6480,6360,6440,422,512,19,6416,6395,6529,6515
A00781K,코리아써키트2우B,20171107,6580,6630,6370,6430,1497,513,67,6400,6400,6531,6507
A00781K,코리아써키트2우B,20171106,6350,6560,6270,6470,4312,513,212,6398,6404,6532,6499
A00781K,코리아써키트2우B,20171103,6460,6460,6310,6350,1008,513,48,6366,6404,6528,6491
A00781K,코리아써키트2우B,20171102,6470,6470,6320,6390,1615,513,26,6354,6410,6526,6484
A00781K,코리아써키트2우B,20171101,6590,6590,6340,6360,5209,515,-48,6322,6419,6522,6477
A00781K,코리아써키트2우B,20171031,6380,6590,6300,6420,7689,515,-9,6336,6430,6519,6471
A00781K,코리아써키트2우B,20171030,6290,6400,6260,6310,1223,664,-27,6324,6432,6514,6464
A00781K,코리아써키트2우B,20171027,6320,6330,6200,6290,8019,664,90,6338,6444,6512,6459
A00781K,코리아써키트2우B,20171026,6270,6470,6220,6230,5183,863,26,6356,6470,6511,6453
A00781K,코리아써키트2우B,20171025,6490,6490,6250,6430,1785,863,-88,6390,6492,6512,6447
A00781K,코리아써키트2우B,20171024,6490,6490,6330,6360,421,863,0,6386,6518,6514,6439
A00781K,코리아써키트2우B,20171023,6400,6490,6230,6380,6581,863,14,6394,6550,6519,6432
A00781K,코리아써키트2우B,20171020,6380,6530,6200,6380,6698,865,329,6390,6564,6523,6425
A00781K,코리아써키트2우B,20171019,6230,6410,6110,6400,3666,878,0,6392,6574,6525,6420
A00781K,코리아써키트2우B,20171018,6440,6440,6310,6410,98,905,3,6452,6584,6528,6413
A00781K,코리아써키트2우B,20171017,6360,6420,6240,6400,2092,930,104,6480,6598,6528,6406
A00781K,코리아써키트2우B,20171016,6330,6500,6260,6360,7305,842,365,6500,6599,6528,6399
A00781K,코리아써키트2우B,20171013,6720,6790,6390,6390,7756,890,355,6522,6598,6530,6392
A00781K,코리아써키트2우B,20171012,6580,6890,6500,6700,2343,1043,103,6538,6598,6536,6385
A00781K,코리아써키트2우B,20171011,6580,6650,6520,6550,1670,1032,0,6512,6586,6534,6375
A00781K,코리아써키트2우B,20171010,6420,6640,6420,6500,106,1032,4,6516,6580,6535,6366
A00781K,코리아써키트2우B,20170929,6550,6560,6450,6470,1035,1032,26,6512,6578,6536,6358
A00781K,코리아써키트2우B,20170928,6520,6650,6410,6470,5011,1032,0,6528,6586,6538,6350
A00781K,코리아써키트2우B,20170927,6520,6570,6450,6570,695,1085,-21,6592,6594,6540,6342
A00781K,코리아써키트2우B,20170926,6480,6570,6350,6570,4038,1100,16,6616,6608,6544,6332
A00781K,코리아써키트2우B,20170925,6580,6690,6420,6480,1917,983,54,6690,6615,6551,6325
A00781K,코리아써키트2우B,20170922,6790,6800,6500,6550,10568,934,-410,6794,6629,6561,6317
A00781K,코리아써키트2우B,20170921,6720,6790,6650,6790,2115,1131,-65,6814,6641,6567,6308
A00781K,코리아써키트2우B,20170920,6940,6980,6690,6690,13485,1132,-241,6772,6641,6571,6297
A00781K,코리아써키트2우B,20170919,6980,7120,6790,6940,11349,953,-380,6754,6638,6580,6286
A00781K,코리아써키트2우B,20170918,6650,7090,6640,7000,53643,735,-207,6706,6624,6584,6274
A00781K,코리아써키트2우B,20170915,6620,6670,6500,6650,9461,1170,-107,6590,6608,6587,6260
A00781K,코리아써키트2우B,20170914,6570,6640,6500,6580,2345,1170,-116,6528,6612,6594,6249
A00781K,코리아써키트2우B,20170913,6620,6650,6530,6600,5868,1109,-161,6488,6624,6599,6240
A00781K,코리아써키트2우B,20170912,6530,6700,6440,6700,5857,1103,-39,6462,6632,6604,6231
A00781K,코리아써키트2우B,20170911,6470,6530,6370,6420,1884,1156,20,6410,6620,6611,6220
A00781K,코리아써키트2우B,20170908,6480,6550,6320,6340,4673,1033,197,6418,6614,6616,6213
A00781K,코리아써키트2우B,20170907,6580,6690,6380,6380,5971,59,273,6474,6610,6623,6206
A00781K,코리아써키트2우B,20170906,6540,6540,6370,6470,1598,12,79,6524,6614,6634,6199
A00781K,코리아써키트2우B,20170905,6550,6650,6340,6440,5037,12,211,6598,6606,6644,6190
A00781K,코리아써키트2우B,20170904,6640,6640,6400,6460,5642,12,101,6654,6612,6650,6182
A00781K,코리아써키트2우B,20170901,6680,6720,6550,6620,9206,12,120,6714,6613,6652,6174
A00781K,코리아써키트2우B,20170831,6890,6990,6540,6630,19501,12,-39,6748,6594,6651,6164
A00781K,코리아써키트2우B,20170830,6820,7090,6770,6840,15216,12,13,6780,6576,6649,6154
A00781K,코리아써키트2우B,20170829,6660,6860,6640,6720,8570,12,10,6740,6540,6642,6143
A00781K,코리아써키트2우B,20170828,6730,6920,6660,6760,8992,12,0,6724,6512,6641,6133
A00781K,코리아써키트2우B,20170825,6790,7000,6720,6790,8499,12,-100,6708,6482,6639,6121
A00781K,코리아써키트2우B,20170824,6670,6790,6570,6790,11649,12,55,6698,6451,6638,6110
A00781K,코리아써키트2우B,20170823,6620,6680,6570,6640,5242,0,57,6706,6422,6640,6097
A00781K,코리아써키트2우B,20170822,6750,6750,6540,6640,10594,0,-8,6726,6406,6642,6085
A00781K,코리아써키트2우B,20170821,6840,6900,6620,6680,12993,0,-9,6692,6400,6637,6074
A00781K,코리아써키트2우B,20170818,6650,6830,6600,6740,18467,0,-219,6618,6399,6637,6062
A00781K,코리아써키트2우B,20170817,6800,7150,6670,6830,41552,0,-202,6518,6392,6619,6051
A00781K,코리아써키트2우B,20170816,6470,6920,6470,6740,41888,0,-67,6446,6378,6596,6039
A00781K,코리아써키트2우B,20170814,6400,6710,6220,6470,27017,0,-31,6362,6370,6576,6028
A00781K,코리아써키트2우B,20170811,6350,6350,6130,6310,8654,0,95,6376,6365,6559,6020
A00781K,코리아써키트2우B,20170810,6310,6650,6180,6240,7483,0,-3,6412,6371,6545,6012
A00781K,코리아써키트2우B,20170809,6390,6580,6260,6470,4270,0,9,6412,6383,6532,6006
A00781K,코리아써키트2우B,20170808,6510,6510,6250,6320,7402,0,-217,6370,6396,6515,5996
A00781K,코리아써키트2우B,20170807,6480,6810,6330,6540,18220,0,-185,6330,6409,6502,5988
A00781K,코리아써키트2우B,20170804,6370,6500,6170,6490,9563,0,392,6254,6414,6484,5977
A00781K,코리아써키트2우B,20170803,6130,6350,6120,6240,224,0,11,6190,6416,6467,5968
A00781K,코리아써키트2우B,20170802,6300,6300,6140,6260,517,0,24,6176,6432,6454,5961
A00781K,코리아써키트2우B,20170801,6160,6300,6100,6120,3019,0,0,6164,6452,6442,5953
A00781K,코리아써키트2우B,20170731,6190,6200,6160,6160,122,0,6,6204,6486,6432,5948
A00781K,코리아써키트2우B,20170728,6340,6340,6000,6170,3224,0,157,6278,6526,6424,5942
A00781K,코리아써키트2우B,20170727,6350,6380,6170,6170,2624,0,123,6376,6572,6414,5936
A00781K,코리아써키트2우B,20170726,6320,6420,6120,6200,4367,0,217,6464,6608,6405,5930
A00781K,코리아써키트2우B,20170725,6500,6660,6250,6320,7705,0,-163,6530,6651,6395,5926
A00781K,코리아써키트2우B,20170724,6700,6780,6530,6530,1171,0,-31,6584,6698,6381,5920
A00781K,코리아써키트2우B,20170721,6470,6690,6470,6660,539,0,16,6552,6730,6364,5912
A00781K,코리아써키트2우B,20170720,6500,6670,6410,6610,1286,0,16,6506,6754,6345,5901
A00781K,코리아써키트2우B,20170719,6680,6680,6470,6530,4016,0,-78,6480,6778,6328,5892
A00781K,코리아써키트2우B,20170718,6490,6760,6410,6590,6892,0,29,6520,6796,6314,5884
A00781K,코리아써키트2우B,20170717,6430,6700,6310,6370,1613,0,61,6518,6812,6298,5877
A00781K,코리아써키트2우B,20170714,6450,6580,6420,6430,1319,0,43,6572,6848,6284,5870
A00781K,코리아써키트2우B,20170713,6730,6730,6470,6480,3579,0,-50,6594,6862,6270,5862
A00781K,코리아써키트2우B,20170712,6420,6730,6420,6730,2111,0,15,6610,6878,6254,5854
A00781K,코리아써키트2우B,20170711,6620,6690,6460,6580,2178,0,-101,6592,6891,6234,5844
A00781K,코리아써키트2우B,20170710,6690,6690,6450,6640,8903,0,-338,6640,6916,6216,5834
A00781K,코리아써키트2우B,20170707,6560,6770,6520,6540,5798,0,-266,6700,6925,6197,5824
A00781K,코리아써키트2우B,20170706,6600,6880,6520,6560,12762,0,340,6814,6925,6180,5815
A00781K,코리아써키트2우B,20170705,6770,6810,6550,6640,5445,0,-48,6880,6928,6162,5806
A00781K,코리아써키트2우B,20170704,6850,6950,6530,6820,13698,0,0,6962,6919,6144,5796
A00781K,코리아써키트2우B,20170703,7090,7250,6820,6940,6628,0,2656,7048,6902,6120,5784
A00781K,코리아써키트2우B,20170630,6800,7120,6750,7110,4101,0,0,7096,6885,6099,5772
A00781K,코리아써키트2우B,20170629,7090,7110,6830,6890,18300,0,0,7100,6862,6073,5759
A00781K,코리아써키트2우B,20170628,7250,7250,6990,7050,8874,2397,0,7142,6854,6050,5747
A00781K,코리아써키트2우B,20170627,7120,7370,7120,7250,8721,3954,0,7110,6847,6023,5734
A00781K,코리아써키트2우B,20170626,7280,7280,7000,7180,5413,3773,0,7040,6824,5992,5718
A00781K,코리아써키트2우B,20170623,7200,7250,7000,7130,11530,4110,0,7022,6780,5962,5704
A00781K,코리아써키트2우B,20170622,6860,7270,6860,7100,41593,4928,0,6938,6759,5933,5689
A00781K,코리아써키트2우B,20170621,6830,6940,6720,6890,8172,3391,0,6878,6687,5905,5674
A00781K,코리아써키트2우B,20170620,7200,7200,6850,6900,13183,3154,0,6900,6616,5881,5662
A00781K,코리아써키트2우B,20170619,6740,7200,6740,7090,43403,3119,0,6934,6545,5857,5650
A00781K,코리아써키트2우B,20170616,6770,6930,6620,6710,6088,3078,0,6882,6464,5829,5636
A00781K,코리아써키트2우B,20170615,7090,7090,6740,6800,12978,3022,0,6848,6402,5810,5624
A00781K,코리아써키트2우B,20170614,7100,7200,6880,7000,16080,3085,0,6810,6335,5788,5611
A00781K,코리아써키트2우B,20170613,6920,7350,6800,7070,59768,3009,0,6704,6259,5764,5596
A00781K,코리아써키트2우B,20170612,6510,7000,6320,6830,38733,3343,0,6584,6180,5737,5580
A00781K,코리아써키트2우B,20170609,6740,6740,6420,6540,6002,3417,0,6540,6112,5715,5566
A00781K,코리아써키트2우B,20170608,6430,6700,6330,6610,21001,3603,0,6562,6060,5697,5555
A00781K,코리아써키트2우B,20170607,6470,6600,6410,6470,8772,1315,0,6588,6000,5676,5543
A00781K,코리아써키트2우B,20170605,6610,6790,6310,6470,28572,0,0,6674,5954,5660,5533
A00781K,코리아써키트2우B,20170602,6620,6780,6520,6610,13625,0,0,6740,5909,5644,5522
A00781K,코리아써키트2우B,20170601,6740,6920,6600,6650,29538,0,0,6678,5860,5625,5509
A00781K,코리아써키트2우B,20170531,6710,6890,6500,6740,60613,0,0,6688,5808,5604,5497
A00781K,코리아써키트2우B,20170530,6870,7350,6750,6900,102534,0,0,6472,5752,5582,5484
A00781K,코리아써키트2우B,20170529,6360,7350,6010,6800,287659,0,0,6186,5687,5554,5470
A00781K,코리아써키트2우B,20170526,7900,8000,6190,6300,259438,0,0,5922,5622,5528,5456
A00781K,코리아써키트2우B,20170525,5690,6890,5580,6700,333638,0,0,5758,5582,5511,5447
A00781K,코리아써키트2우B,20170524,5490,5720,5490,5660,6274,0,0,5508,5524,5488,5435
A00781K,코리아써키트2우B,20170523,5480,5490,5440,5470,311,0,0,5470,5520,5483,5432
A00781K,코리아써키트2우B,20170522,5480,5480,5380,5480,2583,0,0,5472,5532,5481,5429
A00781K,코리아써키트2우B,20170519,5450,5490,5420,5480,524,0,0,5476,5538,5481,5427
A00781K,코리아써키트2우B,20170518,5410,5460,5390,5450,1897,0,0,5474,5542,5481,5424
A00781K,코리아써키트2우B,20170517,5430,5480,5420,5470,1305,0,0,5480,5546,5480,5421
A00781K,코리아써키트2우B,20170516,5490,5530,5420,5480,2184,0,0,5472,5549,5480,5417
A00781K,코리아써키트2우B,20170515,5420,5500,5420,5500,480,0,0,5484,5551,5476,5415
A00781K,코리아써키트2우B,20170512,5430,5490,5410,5470,1651,0,0,5498,5552,5474,5412
A00781K,코리아써키트2우B,20170511,5410,5520,5410,5480,831,0,0,5532,5554,5471,5410
A00781K,코리아써키트2우B,20170510,5530,5530,5430,5430,3372,0,0,5558,5554,5470,5408
A00781K,코리아써키트2우B,20170508,5530,5580,5490,5540,1938,0,0,5594,5557,5468,5407
A00781K,코리아써키트2우B,20170504,5660,5660,5520,5570,2697,0,0,5606,5558,5465,5405
A00781K,코리아써키트2우B,20170502,5620,5660,5620,5640,149,0,0,5592,5550,5463,5402
A00781K,코리아써키트2우B,20170428,5640,5640,5510,5610,1103,0,0,5564,5550,5461,5399
A00781K,코리아써키트2우B,20170427,5630,5630,5560,5610,1026,0,0,5548,5548,5457,5396
A00781K,코리아써키트2우B,20170426,5500,5650,5410,5600,8177,0,0,5542,5544,5456,5393
A00781K,코리아써키트2우B,20170425,5520,5520,5470,5500,230,0,0,5564,5534,5456,5390
A00781K,코리아써키트2우B,20170424,5460,5530,5460,5500,2654,0,0,5584,5529,5459,5388
A00781K,코리아써키트2우B,20170421,5540,5560,5460,5530,5361,0,0,5596,5525,5459,5386
A00781K,코리아써키트2우B,20170420,5780,5800,5570,5580,6433,0,0,5598,5516,5457,5383
A00781K,코리아써키트2우B,20170419,5650,5790,5560,5710,1242,0,0,5588,5508,5455,5382
A00781K,코리아써키트2우B,20170418,5600,5690,5510,5600,1325,0,0,5550,5495,5454,5379
A00781K,코리아써키트2우B,20170417,5500,5600,5500,5560,752,0,0,5534,5488,5455,5377
A00781K,코리아써키트2우B,20170414,5570,5570,5500,5540,46,0,0,5522,5482,5455,5376
A00781K,코리아써키트2우B,20170413,5540,5550,5480,5530,1186,0,0,5512,5482,5454,5376
A00781K,코리아써키트2우B,20170412,5530,5530,5430,5520,778,0,0,5504,5480,5454,5377
A00781K,코리아써키트2우B,20170411,5510,5550,5470,5520,1584,0,0,5510,5481,5454,5378
A00781K,코리아써키트2우B,20170410,5510,5600,5450,5500,5393,0,0,5492,5479,5453,5380
A00781K,코리아써키트2우B,20170407,5520,5570,5460,5490,4325,0,0,5520,5478,5452,5382
A00781K,코리아써키트2우B,20170406,5570,5570,5460,5490,965,0,0,5536,5476,5451,5385
A00781K,코리아써키트2우B,20170405,5450,5550,5400,5550,1224,0,0,5540,5471,5450,5387
A00781K,코리아써키트2우B,20170404,5630,5630,5380,5430,2998,0,0,5512,5470,5448,5388
A00781K,코리아써키트2우B,20170403,5670,5680,5550,5640,214,0,0,5506,5473,5448,5391
A00781K,코리아써키트2우B,20170331,5530,5570,5480,5570,3117,0,0,5462,5464,5446,5391
A00781K,코리아써키트2우B,20170330,5400,5510,5390,5510,2129,0,0,5420,5454,5444,5394
A00781K,코리아써키트2우B,20170329,5450,5490,5370,5410,1686,1203,0,5398,5450,5444,5397
A00781K,코리아써키트2우B,20170328,5390,5450,5350,5400,1953,1203,0,5408,5442,5445,5401
A00781K,코리아써키트2우B,20170327,5400,5470,5330,5420,1712,1203,0,5420,5434,5445,5405
A00781K,코리아써키트2우B,20170324,5390,5420,5330,5360,2113,1203,0,5424,5427,5445,5408
A00781K,코리아써키트2우B,20170323,5500,5500,5370,5400,680,1203,0,5458,5422,5444,5411
A00781K,코리아써키트2우B,20170322,5540,5540,5370,5460,3436,1203,0,5480,5422,5444,5413
A00781K,코리아써키트2우B,20170321,5510,5530,5440,5460,2768,1203,0,5494,5418,5443,5415
A00781K,코리아써키트2우B,20170320,5570,5570,5440,5440,891,1203,0,5498,5418,5443,5418
A00781K,코리아써키트2우B,20170317,5550,5550,5400,5530,7422,1203,0,5506,5420,5442,5420
A00781K,코리아써키트2우B,20170316,5540,5540,5410,5510,784,1203,0,5492,5412,5439,5423
A00781K,코리아써키트2우B,20170315,5420,5530,5370,5530,2217,1203,0,5466,5409,5434,5425
A00781K,코리아써키트2우B,20170314,5500,5570,5370,5480,3295,1203,0,5464,5396,5428,5426
A00781K,코리아써키트2우B,20170313,5490,5570,5370,5480,3796,1203,0,5468,5391,5423,5429
A00781K,코리아써키트2우B,20170310,5370,5480,5270,5460,4317,1203,0,5464,5380,5418,5429
A00781K,코리아써키트2우B,20170309,5520,5540,5380,5380,2767,1203,0,5446,5378,5414,5430
A00781K,코리아써키트2우B,20170308,5410,5540,5410,5520,6898,1203,0,5454,5376,5410,5431
A00781K,코리아써키트2우B,20170307,5460,5500,5370,5500,3307,1203,0,5402,5369,5405,5432
A00781K,코리아써키트2우B,20170306,5300,5500,5250,5460,3197,1203,0,5350,5366,5399,5432
A00781K,코리아써키트2우B,20170303,5440,5480,5320,5370,3543,1203,0,5314,5368,5392,5430
A00781K,코리아써키트2우B,20170302,5300,5440,5300,5420,4194,1203,-300,5294,5369,5390,5430
A00781K,코리아써키트2우B,20170228,5270,5270,5190,5260,2527,1203,0,5286,5374,5387,5427
A00781K,코리아써키트2우B,20170227,5220,5300,5200,5240,996,1203,0,5310,5394,5385,5426
A00781K,코리아써키트2우B,20170224,5340,5340,5230,5280,1644,1203,0,5356,5413,5383,5426
A00781K,코리아써키트2우B,20170223,5370,5370,5270,5270,2668,1203,0,5398,5425,5382,5425
A00781K,코리아써키트2우B,20170222,5380,5420,5330,5380,583,1203,0,5414,5432,5382,5423
A00781K,코리아써키트2우B,20170221,5350,5470,5310,5380,7536,1203,0,5430,5436,5381,5421
A00781K,코리아써키트2우B,20170220,5530,5550,5310,5470,2791,1203,0,5408,5450,5376,5418
A00781K,코리아써키트2우B,20170217,5450,5490,5390,5490,281,1203,0,5390,5460,5373,5415
A00781K,코리아써키트2우B,20170216,5500,5500,5350,5350,3092,1203,0,5346,5462,5367,5412
A00781K,코리아써키트2우B,20170215,5290,5460,5290,5460,1328,1203,0,5358,5470,5362,5409
A00781K,코리아써키트2우B,20170214,5290,5380,5220,5270,2452,1203,0,5336,5472,5355,5406
A00781K,코리아써키트2우B,20170213,5230,5470,5220,5380,498,1203,0,5356,5485,5354,5405
A00781K,코리아써키트2우B,20170210,5360,5360,5270,5270,325,1203,0,5368,5488,5350,5402
A00781K,코리아써키트2우B,20170209,5340,5420,5260,5410,1317,1203,0,5412,5496,5350,5402
A00781K,코리아써키트2우B,20170208,5300,5370,5260,5350,3415,1203,0,5410,5498,5347,5399
A00781K,코리아써키트2우B,20170207,5340,5450,5310,5370,3255,1203,0,5442,5503,5346,5397
A00781K,코리아써키트2우B,20170206,5540,5540,5440,5440,212,1203,0,5500,5507,5345,5395
A00781K,코리아써키트2우B,20170203,5400,5510,5330,5490,3354,1203,0,5538,5506,5341,5393
A00781K,코리아써키트2우B,20170202,5430,5430,5340,5400,8204,1203,0,5544,5506,5338,5391
A00781K,코리아써키트2우B,20170201,5450,5650,5420,5510,8212,1203,0,5546,5510,5335,5390
A00781K,코리아써키트2우B,20170131,5670,5680,5590,5660,2326,1203,0,5534,5509,5331,5387
A00781K,코리아써키트2우B,20170126,5600,5700,5420,5630,388,1203,0,5536,5500,5323,5384
A00781K,코리아써키트2우B,20170125,5550,5570,5380,5520,251,1203,0,5544,5488,5317,5379
A00781K,코리아써키트2우B,20170124,5450,5490,5300,5410,2995,1203,0,5546,5482,5312,5376
A00781K,코리아써키트2우B,20170123,5630,5740,5400,5450,1058,1203,0,5566,5479,5309,5373
A00781K,코리아써키트2우B,20170120,5760,5780,5520,5670,792,1203,0,5574,5474,5308,5371
A00781K,코리아써키트2우B,20170119,5560,5790,5520,5670,17032,1203,0,5548,5460,5303,5367
A00781K,코리아써키트2우B,20170118,5530,5530,5530,5530,42,1203,0,5504,5450,5298,5363
A00781K,코리아써키트2우B,20170117,5400,5540,5390,5510,1154,1203,0,5482,5444,5298,5361
A00781K,코리아써키트2우B,20170116,5570,5630,5350,5490,486,1203,0,5470,5434,5299,5359
A00781K,코리아써키트2우B,20170113,5450,5790,5450,5540,4596,1203,-1000,5462,5422,5301,5357
A00781K,코리아써키트2우B,20170112,5420,5450,5330,5450,20419,2368,0,5444,5403,5302,5354
A00781K,코리아써키트2우B,20170111,5420,5430,5350,5420,524,18147,0,5440,5390,5306,5352
A00781K,코리아써키트2우B,20170110,5440,5450,5400,5450,1713,18147,0,5450,5378,5313,5350
A00781K,코리아써키트2우B,20170109,5560,5560,5230,5450,772,18463,0,5458,5365,5319,5347
A00781K,코리아써키트2우B,20170106,5430,5590,5380,5450,244,18463,0,5466,5350,5324,5344
A00781K,코리아써키트2우B,20170105,5430,5560,5330,5430,4824,18463,0,5474,5340,5327,5341
A00781K,코리아써키트2우B,20170104,5470,5470,5350,5470,6,18463,0,5464,5325,5334,5339
A00781K,코리아써키트2우B,20170103,5490,5490,5490,5490,53,18463,0,5450,5304,5336,5336
A00781K,코리아써키트2우B,20170102,5490,5490,5220,5490,877,18463,0,5422,5290,5343,5332
A00781K,코리아써키트2우B,20161229,5450,5490,5430,5490,2750,18463,0,5396,5278,5350,5329
A00781K,코리아써키트2우B,20161228,5490,5490,5290,5380,14,18463,0,5376,5260,5357,5325
A00781K,코리아써키트2우B,20161227,5400,5400,5400,5400,1022,18463,1000,5394,5248,5365,5322
A00781K,코리아써키트2우B,20161226,5250,5370,5250,5350,297,18463,0,5396,5239,5372,5320
A00781K,코리아써키트2우B,20161223,5390,5390,5360,5360,13,18463,0,5388,5236,5378,5319
A00781K,코리아써키트2우B,20161222,5490,5490,5300,5390,894,18463,0,5362,5232,5383,5317
A00781K,코리아써키트2우B,20161221,5480,5480,5350,5470,423,18463,0,5318,5219,5388,5315
A00781K,코리아써키트2우B,20161220,5310,5450,5310,5410,86,18463,0,5260,5208,5392,5313
A00781K,코리아써키트2우B,20161219,5250,5310,5250,5310,1208,18463,0,5214,5195,5398,5311
A00781K,코리아써키트2우B,20161216,5110,5240,5110,5230,4348,18463,0,5192,5181,5407,5310
A00781K,코리아써키트2우B,20161215,5190,5200,5170,5170,47,18463,0,5174,5173,5416,5308
A00781K,코리아써키트2우B,20161214,5180,5180,5180,5180,3,18463,0,5192,5172,5424,5311
A00781K,코리아써키트2우B,20161213,5170,5200,5120,5180,3290,18463,0,5182,5172,5435,5313
A00781K,코리아써키트2우B,20161212,5140,5200,5140,5200,3344,18463,0,5158,5176,5441,5314
A00781K,코리아써키트2우B,20161209,5300,5300,5050,5140,819,18463,0,5156,5178,5447,5315
A00781K,코리아써키트2우B,20161208,5200,5260,5200,5260,1404,18463,0,5178,5186,5453,5316
A00781K,코리아써키트2우B,20161207,5070,5130,5020,5130,1164,18463,0,5156,5187,5459,5316
A00781K,코리아써키트2우B,20161206,5190,5190,5000,5060,1261,18463,0,5154,5190,5464,5318
A00781K,코리아써키트2우B,20161205,5020,5200,5020,5190,1499,18463,0,5188,5202,5468,5321
A00781K,코리아써키트2우B,20161202,5060,5250,5060,5250,1564,18463,0,5206,5206,5470,5324
A00781K,코리아써키트2우B,20161201,5220,5230,5150,5150,1102,18463,0,5214,5206,5468,5326
A00781K,코리아써키트2우B,20161130,5300,5300,5100,5120,236,18463,0,5210,5208,5468,5330
A00781K,코리아써키트2우B,20161129,5100,5270,5100,5230,129,18463,0,5236,5216,5468,5333
A00781K,코리아써키트2우B,20161128,5190,5280,5130,5280,1328,18463,0,5220,5216,5467,5334
A00781K,코리아써키트2우B,20161125,5280,5290,5060,5290,136,18463,0,5170,5212,5465,5333
A00781K,코리아써키트2우B,20161124,5040,5150,5040,5130,173,18463,0,5126,5218,5461,5333
A00781K,코리아써키트2우B,20161123,5030,5250,5030,5250,104,18463,0,5132,5230,5460,5334
A00781K,코리아써키트2우B,20161122,5200,5270,5050,5150,105,18463,0,5118,5237,5458,5334
A00781K,코리아써키트2우B,20161121,5190,5190,5030,5030,24,18463,0,5136,5254,5456,5335
A00781K,코리아써키트2우B,20161118,5150,5150,5070,5070,87,18463,0,5182,5280,5457,5337
A00781K,코리아써키트2우B,20161117,5100,5160,5090,5160,464,18463,0,5224,5308,5457,5339
A00781K,코리아써키트2우B,20161116,5100,5180,5070,5180,957,18463,0,5250,5332,5457,5340
A00781K,코리아써키트2우B,20161115,5100,5260,5100,5240,106,18463,0,5254,5358,5455,5340
A00781K,코리아써키트2우B,20161114,5260,5260,5170,5260,14,18463,0,5266,5386,5454,5341
A00781K,코리아써키트2우B,20161111,5080,5300,5080,5280,223,18463,0,5264,5414,5452,5342
A00781K,코리아써키트2우B,20161110,5200,5290,5200,5290,110,18463,0,5260,5438,5448,5342
A00781K,코리아써키트2우B,20161109,5400,5400,5000,5200,288,18463,0,5238,5454,5446,5342
A00781K,코리아써키트2우B,20161108,5300,5300,5300,5300,5,18463,0,5256,5486,5446,5342
A00781K,코리아써키트2우B,20161107,5260,5260,5250,5250,8,18463,0,5240,5502,5445,5343
A00781K,코리아써키트2우B,20161104,5210,5280,5210,5260,22,18463,0,5234,5535,5445,5345
A00781K,코리아써키트2우B,20161103,5090,5180,5010,5180,1228,18463,0,5262,5566,5444,5346
A00781K,코리아써키트2우B,20161102,5220,5290,5220,5290,21,18463,0,5302,5603,5444,5349
A00781K,코리아써키트2우B,20161101,5290,5290,5170,5220,1537,18463,0,5320,5632,5441,5352
A00781K,코리아써키트2우B,20161031,5490,5490,5210,5220,304,18463,0,5374,5662,5439,5355
A00781K,코리아써키트2우B,20161028,5470,5470,5280,5400,133,18463,0,5442,5686,5438,5359
A00781K,코리아써키트2우B,20161027,5290,5470,5290,5380,210,18463,0,5486,5699,5434,5362
A00781K,코리아써키트2우B,20161026,5320,5440,5310,5380,461,18463,0,5536,5715,5431,5366
A00781K,코리아써키트2우B,20161025,5670,5670,5410,5490,676,18463,0,5600,5732,5428,5372
A00781K,코리아써키트2우B,20161024,5550,5710,5460,5560,1087,18463,0,5662,5746,5424,5376
A00781K,코리아써키트2우B,20161021,5680,5680,5600,5620,27,18463,0,5718,5760,5419,5381
A00781K,코리아써키트2우B,20161020,5790,5790,5630,5630,142,18463,0,5744,5766,5413,5385
A00781K,코리아써키트2우B,20161019,5800,5860,5700,5700,3762,18463,0,5742,5770,5406,5389
A00781K,코리아써키트2우B,20161018,5710,5800,5710,5800,212,18463,0,5768,5775,5397,5394
A00781K,코리아써키트2우B,20161017,5840,5840,5840,5840,2,18463,0,5734,5762,5386,5397
A00781K,코리아써키트2우B,20161014,5620,5760,5620,5750,1022,18463,0,5746,5748,5374,5397
A00781K,코리아써키트2우B,20161013,5610,5730,5610,5620,97,18463,0,5772,5736,5364,5402
A00781K,코리아써키트2우B,20161012,5750,5830,5750,5830,21,18463,0,5832,5734,5355,5409
A00781K,코리아써키트2우B,20161011,5880,5880,5610,5630,3082,18463,0,5840,5716,5344,5415
A00781K,코리아써키트2우B,20161010,5930,5930,5680,5900,511,18463,0,5876,5700,5335,5426
A00781K,코리아써키트2우B,20161007,5940,5940,5880,5880,26,18463,0,5840,5669,5320,5444
A00781K,코리아써키트2우B,20161006,5950,5980,5900,5920,2694,18463,0,5794,5631,5307,5462
A00781K,코리아써키트2우B,20161005,5870,5870,5850,5870,5207,18463,0,5750,5593,5293,5481
A00781K,코리아써키트2우B,20161004,5790,5820,5710,5810,4386,18463,0,5718,5558,5279,5495
A00781K,코리아써키트2우B,20160930,5500,5720,5500,5720,737,18463,0,5712,5525,5269,5510
A00781K,코리아써키트2우B,20160929,5630,5710,5600,5650,2079,18463,0,5738,5495,5260,5523
A00781K,코리아써키트2우B,20160928,5740,5780,5620,5700,3277,18463,0,5752,5466,5251,5534
A00781K,코리아써키트2우B,20160927,5660,5750,5660,5710,2183,18463,0,5754,5436,5242,5536
A00781K,코리아써키트2우B,20160926,5620,5780,5620,5780,2247,18463,0,5774,5404,5234,5536
A00781K,코리아써키트2우B,20160923,5600,5880,5600,5850,3457,18463,0,5724,5368,5223,5535
A00781K,코리아써키트2우B,20160922,5710,5780,5650,5720,348,18463,0,5668,5330,5212,5533
A00781K,코리아써키트2우B,20160921,5880,5890,5710,5710,1834,18463,0,5624,5298,5202,5532
A00781K,코리아써키트2우B,20160920,5630,5810,5630,5810,9108,18463,0,5602,5270,5197,5530
A00781K,코리아써키트2우B,20160919,5510,5630,5510,5530,2417,18463,0,5530,5232,5190,5529
A00781K,코리아써키트2우B,20160913,5400,5700,5400,5570,4284,18463,0,5490,5214,5188,5530
A00781K,코리아써키트2우B,20160912,5600,5600,5500,5500,1976,18463,0,5430,5192,5184,5531
A00781K,코리아써키트2우B,20160909,5530,5600,5410,5600,4125,18463,0,5354,5171,5180,5534
A00781K,코리아써키트2우B,20160908,5320,5480,5190,5450,7347,18463,0,5266,5148,5173,5535
A00781K,코리아써키트2우B,20160907,5290,5480,5250,5330,19846,18463,-176,5208,5136,5171,5538
A00781K,코리아써키트2우B,20160906,5100,5500,5040,5270,23620,18463,176,5174,5132,5173,5542
A00781K,코리아써키트2우B,20160905,5170,5170,5030,5120,548,18463,0,5144,5132,5178,5549
A00781K,코리아써키트2우B,20160902,5060,5170,5060,5160,963,18463,0,5136,5134,5185,5554
A00781K,코리아써키트2우B,20160901,5230,5300,5160,5160,6806,18463,0,5122,5136,5192,5559
A00781K,코리아써키트2우B,20160831,5190,5190,5130,5160,13621,18463,0,5104,5134,5197,5564
A00781K,코리아써키트2우B,20160830,5090,5120,5060,5120,841,18463,0,5086,5132,5200,5569
A00781K,코리아써키트2우B,20160829,5090,5090,4970,5080,4921,18463,0,5078,5132,5201,5574
A00781K,코리아써키트2우B,20160826,5130,5130,5090,5090,81,18463,0,5080,5136,5205,5577
A00781K,코리아써키트2우B,20160825,5060,5070,5050,5070,2852,18463,0,5090,5142,5208,5581
A00781K,코리아써키트2우B,20160824,5070,5070,5010,5070,1273,18463,0,5086,5148,5211,5585
A00781K,코리아써키트2우B,20160823,5090,5090,5060,5080,600,18463,0,5106,5156,5213,5587
A00781K,코리아써키트2우B,20160822,5070,5100,5060,5090,581,18463,0,5116,5166,5217,5590
A00781K,코리아써키트2우B,20160819,5150,5170,5050,5140,442,18463,0,5114,5174,5220,5593
A00781K,코리아써키트2우B,20160818,5170,5170,5050,5050,900,18463,0,5114,5178,5222,5596
A00781K,코리아써키트2우B,20160817,5190,5190,5090,5170,1404,18463,0,5144,5185,5225,5600
A00781K,코리아써키트2우B,20160816,5100,5140,5040,5130,1058,18463,0,5162,5183,5228,5605
A00781K,코리아써키트2우B,20160812,5150,5180,5050,5080,3110,18463,0,5190,5184,5232,5610
A00781K,코리아써키트2우B,20160811,5190,5190,5050,5140,5816,18463,0,5208,5186,5237,5616
A00781K,코리아써키트2우B,20160810,5200,5260,5050,5200,3504,18463,0,5220,5184,5238,5621
A00781K,코리아써키트2우B,20160809,5240,5270,5150,5260,808,18463,0,5200,5180,5239,5624
A00781K,코리아써키트2우B,20160808,5160,5270,5140,5270,752,18463,0,5172,5172,5242,5628
A00781K,코리아써키트2우B,20160805,5160,5170,5090,5170,683,18463,0,5144,5160,5244,5629
A00781K,코리아써키트2우B,20160804,5190,5200,5120,5200,1238,18463,0,5142,5156,5248,5630
A00781K,코리아써키트2우B,20160803,5260,5260,5100,5100,566,18463,0,5142,5150,5255,5633
A00781K,코리아써키트2우B,20160802,5130,5290,5120,5120,434,18463,0,5164,5146,5263,5636
A00781K,코리아써키트2우B,20160801,5160,5160,5020,5130,2806,18463,0,5186,5150,5270,5640
A00781K,코리아써키트2우B,20160729,5200,5200,5150,5160,690,18463,0,5214,5152,5280,5644
A00781K,코리아써키트2우B,20160728,5240,5240,5100,5200,1555,18463,0,5234,5150,5290,5648
A00781K,코리아써키트2우B,20160727,5230,5230,5180,5210,35,18463,0,5234,5148,5300,5651
A00781K,코리아써키트2우B,20160726,5260,5260,5160,5230,2097,18463,0,5232,5148,5315,5655
A00781K,코리아써키트2우B,20160725,5280,5280,5160,5270,1602,18463,0,5212,5145,5329,5657
A00781K,코리아써키트2우B,20160722,5240,5330,5160,5260,331,18463,0,5186,5140,5342,5659
A00781K,코리아써키트2우B,20160721,5350,5350,5200,5200,809,18463,0,5158,5132,5357,5661
A00781K,코리아써키트2우B,20160720,5170,5220,5130,5200,3259,18463,0,5138,5142,5373,5665
A00781K,코리아써키트2우B,20160719,5160,5170,5100,5130,555,18463,0,5124,5154,5390,5667
A00781K,코리아써키트2우B,20160718,5040,5140,5040,5140,1813,18463,0,5118,5166,5408,5670
A00781K,코리아써키트2우B,20160715,5160,5160,5050,5120,826,18463,0,5096,5175,5420,5672
A00781K,코리아써키트2우B,20160714,5190,5190,5050,5100,5059,18463,0,5092,5182,5440,5676
A00781K,코리아써키트2우B,20160713,5100,5160,5080,5130,2808,18463,0,5086,5187,5463,5680
A00781K,코리아써키트2우B,20160712,5130,5130,5030,5100,1098,18463,0,5066,5198,5487,5684
A00781K,코리아써키트2우B,20160711,5100,5160,5030,5030,1016,18463,0,5086,5216,5517,5689
A00781K,코리아써키트2우B,20160708,5010,5100,5010,5100,1921,18463,0,5112,5242,5568,5694
A00781K,코리아써키트2우B,20160707,5080,5080,5010,5070,990,18463,0,5118,5265,5616,5699
A00781K,코리아써키트2우B,20160706,5140,5140,4990,5030,6762,18463,0,5132,5288,5669,5702
A00781K,코리아써키트2우B,20160705,5150,5200,5080,5200,2672,18463,0,5170,5310,5712,5707
A00781K,코리아써키트2우B,20160704,5150,5190,5090,5160,1785,18463,0,5164,5319,5750,5710
A00781K,코리아써키트2우B,20160701,5180,5180,5090,5130,3423,18463,0,5166,5320,5786,5713
A00781K,코리아써키트2우B,20160630,5240,5270,5100,5140,4334,18463,0,5158,5330,5818,5717
A00781K,코리아써키트2우B,20160629,5210,5280,5150,5220,1646,18463,0,5214,5334,5829,5721
A00781K,코리아써키트2우B,20160628,5170,5190,5110,5170,548,18463,0,5254,5336,5838,5727
A00781K,코리아써키트2우B,20160627,5090,5190,5090,5170,351,18463,0,5298,5338,5846,5732
A00781K,코리아써키트2우B,20160624,5420,5490,4995,5090,18210,18463,0,5326,5344,5853,5738
A00781K,코리아써키트2우B,20160623,5470,5470,5280,5420,2453,18463,0,5362,5354,5862,5745
A00781K,코리아써키트2우B,20160622,5310,5460,5300,5420,6773,18463,0,5316,5346,5864,5749
A00781K,코리아써키트2우B,20160621,5330,5410,5200,5390,6338,18463,0,5304,5336,5868,5754
A00781K,코리아써키트2우B,20160620,5270,5350,5150,5310,2513,18463,0,5314,5335,5872,5758
A00781K,코리아써키트2우B,20160617,5190,5350,5180,5270,2100,18463,0,5364,5338,5879,5764
A00781K,코리아써키트2우B,20160616,5460,5460,5190,5190,3140,18463,0,5422,5342,5887,5770
A00781K,코리아써키트2우B,20160615,5530,5590,5340,5360,3282,18463,0,5492,5344,5896,5776
A00781K,코리아써키트2우B,20160614,5400,5550,5370,5440,3139,18463,-591,5514,5338,5904,5781
A00781K,코리아써키트2우B,20160613,5580,5580,5430,5560,1058,18463,0,5500,5337,5911,5784
A00781K,코리아써키트2우B,20160610,5430,5630,5430,5560,7063,18463,0,5422,5330,5920,5788
A00781K,코리아써키트2우B,20160609,5500,5680,5350,5540,11562,18463,0,5376,5324,5923,5793
A00781K,코리아써키트2우B,20160608,5480,5490,5310,5470,2286,18463,0,5316,5326,5927,5800
A00781K,코리아써키트2우B,20160607,5180,5460,5180,5370,8041,18463,0,5274,5331,5931,5807
A00781K,코리아써키트2우B,20160603,5330,5390,5170,5170,4892,18463,0,5240,5340,5937,5812
A00781K,코리아써키트2우B,20160602,5340,5430,5230,5330,8537,18463,0,5266,5368,5946,5820
A00781K,코리아써키트2우B,20160601,5300,5300,5180,5240,834,18463,0,5258,5390,5950,5826
A00781K,코리아써키트2우B,20160531,5150,5320,5150,5260,1104,18463,0,5262,5420,5955,5832
A00781K,코리아써키트2우B,20160530,5380,5380,5200,5200,1686,18463,0,5252,5460,5958,5838
A00781K,코리아써키트2우B,20160527,5290,5390,5150,5300,5648,18463,0,5286,5504,5962,5845
A00781K,코리아써키트2우B,20160526,5310,5330,5150,5290,980,18463,0,5298,5543,5964,5852
A00781K,코리아써키트2우B,20160525,5300,5310,5140,5260,12299,18463,0,5314,5586,5966,5860
A00781K,코리아써키트2우B,20160524,5350,5350,5150,5210,9931,18513,0,5308,5630,5970,5868
A00781K,코리아써키트2우B,20160523,5360,5390,5200,5370,3198,18513,0,5312,5680,5975,5876
A00781K,코리아써키트2우B,20160520,5370,5430,5200,5360,2853,18513,0,5322,5722,5982,5883
A00781K,코리아써키트2우B,20160519,5200,5380,5100,5370,6097,18513,0,5336,5748,5988,5890
A00781K,코리아써키트2우B,20160518,5240,5440,5050,5230,11567,19244,0,5348,5794,5996,5897
A00781K,코리아써키트2우B,20160517,5450,5450,5230,5230,11589,19244,0,5416,5856,6004,5906
A00781K,코리아써키트2우B,20160516,5440,5520,5290,5420,8416,19244,0,5486,5924,6010,5916
A00781K,코리아써키트2우B,20160513,5490,5500,5400,5430,8372,19244,0,5512,6000,6014,5923
A00781K,코리아써키트2우B,20160512,5520,5560,5430,5430,8842,19244,0,5570,6131,6015,5930
A00781K,코리아써키트2우B,20160511,5610,5620,5420,5570,4482,19244,0,5638,6260,6012,5937
A00781K,코리아써키트2우B,20160510,5510,5610,5460,5580,5156,18938,0,5692,6392,6011,5943
A00781K,코리아써키트2우B,20160509,5720,5780,5540,5550,10852,18938,0,5792,6494,6010,5948
A00781K,코리아써키트2우B,20160504,5750,5770,5580,5720,13717,18938,0,5894,6592,6010,5954
A00781K,코리아써키트2우B,20160503,5880,6010,5580,5770,20933,18636,0,5968,6670,6008,5961
A00781K,코리아써키트2우B,20160502,6080,6080,5840,5840,13381,18463,0,6044,6734,6006,5967
A00781K,코리아써키트2우B,20160429,6050,6090,5990,6080,8430,18463,0,6104,6734,6002,5972
A00781K,코리아써키트2우B,20160428,6060,6090,5950,6060,13408,18463,0,6130,6716,5994,5976
A00781K,코리아써키트2우B,20160427,6060,6200,5940,6090,21638,18463,0,6158,6696,5985,5979
A00781K,코리아써키트2우B,20160426,6200,6300,5950,6150,15386,18463,0,6116,6672,5976,5983
A00781K,코리아써키트2우B,20160425,6300,6310,6120,6140,11606,18463,0,6146,6644,5966,5986
A00781K,코리아써키트2우B,20160422,6290,6370,6060,6210,29614,18463,0,6214,6616,5956,5990
A00781K,코리아써키트2우B,20160421,6030,6270,5870,6200,32515,18463,0,6290,6586,5944,5994
A00781K,코리아써키트2우B,20160420,6350,6370,5880,5880,34922,18463,0,6434,6560,5932,5998
A00781K,코리아써키트2우B,20160419,6480,6480,6200,6300,22964,18463,0,6870,6552,5925,6004
A00781K,코리아써키트2우B,20160418,6610,6800,6100,6480,35369,18463,0,7214,6526,5913,6010
A00781K,코리아써키트2우B,20160415,6980,6980,6350,6590,56846,18463,300,7558,6488,5898,6014
A00781K,코리아써키트2우B,20160414,8500,8600,6650,6920,97266,18463,0,7762,6450,5882,6018
A00781K,코리아써키트2우B,20160412,7940,8090,7230,8060,58296,18463,0,7880,6398,5860,6019
A00781K,코리아써키트2우B,20160411,8610,8790,7940,8020,63258,18463,0,7726,6297,5820,6011
A00781K,코리아써키트2우B,20160408,7630,8700,7620,8200,77497,18463,0,7534,6186,5781,6002
A00781K,코리아써키트2우B,20160407,7850,7870,7320,7610,39708,18463,0,7060,6063,5736,5988
A00781K,코리아써키트2우B,20160406,7520,9140,7330,7510,352887,18463,0,6684,5969,5702,5977
A00781K,코리아써키트2우B,20160405,6810,7500,6430,7290,75471,18463,0,6312,5880,5669,5968
A00781K,코리아써키트2우B,20160404,5910,7270,5910,7060,246265,18463,-600,5978,5802,5640,5959
A00781K,코리아써키트2우B,20160401,5720,6050,5610,5830,8879,18463,0,5682,5724,5616,5953
A00781K,코리아써키트2우B,20160331,5650,5790,5510,5730,5865,18463,0,5630,5711,5614,5959
A00781K,코리아써키트2우B,20160330,5620,5700,5620,5650,534,18463,0,5610,5698,5616,5966
A00781K,코리아써키트2우B,20160329,5510,5670,5400,5620,3169,18463,0,5614,5685,5619,5975
A00781K,코리아써키트2우B,20160328,5600,5700,5500,5580,829,18463,0,5636,5676,5623,5984
A00781K,코리아써키트2우B,20160325,5690,5690,5510,5570,2003,18463,0,5672,5670,5628,5993
A00781K,코리아써키트2우B,20160324,5590,5770,5590,5630,2863,18463,0,5706,5664,5634,6002
A00781K,코리아써키트2우B,20160323,5730,5730,5510,5670,5157,18463,0,5746,5660,5640,6010
A00781K,코리아써키트2우B,20160322,5760,5760,5670,5730,844,18463,0,5784,5666,5644,6019
A00781K,코리아써키트2우B,20160321,5740,5830,5660,5760,3684,18463,0,5848,5666,5648,6030
A00781K,코리아써키트2우B,20160318,5950,5950,5710,5740,3300,18463,0,5854,5667,5652,6040
A00781K,코리아써키트2우B,20160317,5830,5880,5680,5830,5388,18463,0,5856,5666,5656,6051
A00781K,코리아써키트2우B,20160316,6050,6080,5710,5860,8910,18463,0,5836,5654,5658,6062
A00781K,코리아써키트2우B,20160315,5940,6160,5710,6050,17113,18463,-600,5810,5646,5657,6074
A00781K,코리아써키트2우B,20160314,5870,5870,5750,5790,217,18463,0,5744,5616,5657,6084
A00781K,코리아써키트2우B,20160311,5740,5880,5650,5750,4918,18463,0,5690,5592,5663,6098
A00781K,코리아써키트2우B,20160310,5580,5800,5580,5730,2842,14556,0,5652,5577,5674,6106
A00781K,코리아써키트2우B,20160309,5720,5800,5670,5730,9385,14556,0,5598,5568,5683,6114
A00781K,코리아써키트2우B,20160308,5520,5730,5520,5720,4951,6657,0,5532,5558,5688,6122
A00781K,코리아써키트2우B,20160307,5550,5590,5460,5520,3919,6644,100,5474,5553,5694,6131
A00781K,코리아써키트2우B,20160304,5460,5580,5460,5560,11800,5075,0,5462,5559,5703,6143
A00781K,코리아써키트2우B,20160303,5450,5460,5250,5460,3539,1203,0,5442,5562,5709,6153
A00781K,코리아써키트2우B,20160302,5430,5430,5330,5400,3265,1203,0,5458,5568,5718,6168
A00781K,코리아써키트2우B,20160229,5400,5460,5320,5430,3436,1203,0,5536,5575,5728,6185
A00781K,코리아써키트2우B,20160226,5580,5580,5360,5460,11551,1203,0,5596,5579,5741,6204
A00781K,코리아써키트2우B,20160225,5560,5720,5300,5460,21973,1203,0,5662,5583,5754,6218
A00781K,코리아써키트2우B,20160224,5770,5950,5500,5540,13774,1203,0,5714,5590,5766,6229
A00781K,코리아써키트2우B,20160223,5800,5850,5600,5790,840,1203,0,5726,5587,5776,6232
A00781K,코리아써키트2우B,20160222,5800,5980,5720,5730,15422,1203,0,5706,5570,5783,6230
A00781K,코리아써키트2우B,20160219,5720,5820,5650,5790,2489,1203,0,5650,5557,5791,6223
A00781K,코리아써키트2우B,20160218,5850,5850,5470,5720,12838,1203,0,5552,5546,5799,6214
A00781K,코리아써키트2우B,20160217,5850,5850,5520,5600,7154,1203,0,5500,5540,5808,6208
A00781K,코리아써키트2우B,20160216,5450,5690,5440,5690,18848,1203,0,5488,5540,5821,6211
A00781K,코리아써키트2우B,20160215,5310,5530,5150,5450,3638,1203,0,5460,5536,5832,6214
A00781K,코리아써키트2우B,20160212,5540,5540,5050,5300,5855,1203,0,5492,5548,5844,6221
A00781K,코리아써키트2우B,20160211,5520,5550,5200,5460,5635,1203,0,5560,5566,5862,6229
A00781K,코리아써키트2우B,20160205,5550,5630,5400,5540,2461,1203,0,5592,5568,5875,6239
A00781K,코리아써키트2우B,20160204,5610,5610,5440,5550,14978,1203,0,5602,5568,5886,6248
A00781K,코리아써키트2우B,20160203,5660,5660,5450,5610,2944,1203,0,5598,5568,5899,6260
A00781K,코리아써키트2우B,20160202,5680,5690,5570,5640,5031,1203,0,5578,5567,5914,6270
A00781K,코리아써키트2우B,20160201,5620,5800,5580,5620,3465,1203,0,5558,5566,5928,6281
A00781K,코리아써키트2우B,20160129,5550,5620,5490,5590,4030,1203,0,5552,5568,5942,6294
A00781K,코리아써키트2우B,20160128,5600,5640,5350,5530,4716,1203,0,5532,5580,5957,6304
A00781K,코리아써키트2우B,20160127,5570,5570,5420,5510,3347,1203,0,5516,5597,5973,6314
A00781K,코리아써키트2우B,20160126,5590,5700,5450,5540,2951,1203,0,5508,5614,5990,6324
A00781K,코리아써키트2우B,20160125,5500,5590,5480,5590,2705,1203,0,5516,5632,6007,6339
A00781K,코리아써키트2우B,20160122,5500,5500,5300,5490,5108,1203,0,5518,5648,6024,6356
A00781K,코리아써키트2우B,20160121,5490,5490,5400,5450,5153,1286,0,5538,5672,6044,6376
A00781K,코리아써키트2우B,20160120,5580,5580,5250,5470,3448,1286,0,5570,5696,6064,6403
A00781K,코리아써키트2우B,20160119,5610,5670,5400,5580,2469,1286,0,5616,5721,6084,6422
A00781K,코리아써키트2우B,20160118,5610,5760,5400,5600,2760,1286,0,5630,5742,6107,6435
A00781K,코리아써키트2우B,20160115,5650,5690,5530,5590,3085,1634,0,5610,5760,6130,6445
A00781K,코리아써키트2우B,20160114,5700,5700,5550,5610,1389,1906,0,5600,5780,6154,6456
A00781K,코리아써키트2우B,20160113,5700,5800,5590,5700,3393,1949,0,5588,5790,6178,6471
A00781K,코리아써키트2우B,20160112,5530,5730,5410,5650,3475,2049,0,5566,5806,6201,6480
A00781K,코리아써키트2우B,20160111,5600,5600,5360,5500,909,2049,0,5560,5832,6224,6499
A00781K,코리아써키트2우B,20160108,5550,5550,5450,5540,591,2099,0,5590,5878,6239,6530
A00781K,코리아써키트2우B,20160107,5560,5580,5410,5550,3962,2099,0,5652,5913,6253,6568
A00781K,코리아써키트2우B,20160106,5690,5770,5500,5590,2690,2199,0,5714,5936,6268,6588
A00781K,코리아써키트2우B,20160105,5600,5650,5540,5620,1672,2249,0,5766,5962,6278,6601
A00781K,코리아써키트2우B,20160104,5840,5840,5610,5650,6736,2273,0,5822,5983,6290,6611
A00781K,코리아써키트2우B,20151230,5960,5960,5760,5850,1419,2273,0,5872,5998,6304,6623
A00781K,코리아써키트2우B,20151229,5830,6040,5800,5860,3202,2232,0,5898,6005,6317,6629
A00781K,코리아써키트2우B,20151228,5900,5950,5850,5850,936,2111,0,5914,6011,6330,6642
A00781K,코리아써키트2우B,20151224,5910,6130,5850,5900,3611,2149,0,5936,6030,6346,6655
A00781K,코리아써키트2우B,20151223,5900,5970,5810,5900,9178,2401,0,5954,6046,6358,6661
A00781K,코리아써키트2우B,20151222,6090,6090,5800,5980,7911,2423,0,5968,6060,6370,6666
A00781K,코리아써키트2우B,20151221,6100,6100,5820,5940,2560,2476,0,5972,6070,6382,6674
A00781K,코리아써키트2우B,20151218,6050,6050,5800,5960,2574,2519,0,5942,6083,6395,6673
A00781K,코리아써키트2우B,20151217,6000,6190,5800,5990,9627,2379,700,5958,6095,6412,6669
A00781K,코리아써키트2우B,20151216,6000,6100,5850,5970,4257,2459,0,5990,6109,6429,6667
A00781K,코리아써키트2우B,20151215,5740,6280,5740,6000,2804,2352,0,6080,6124,6446,6666
A00781K,코리아써키트2우B,20151214,6190,6190,5790,5790,1934,2325,0,6130,6143,6466,6677
A00781K,코리아써키트2우B,20151211,6200,6330,5990,6040,8733,2402,0,6176,6170,6490,6694
A00781K,코리아써키트2우B,20151210,6420,6800,6130,6150,7503,2428,-100,6186,6178,6510,6694
A00781K,코리아써키트2우B,20151209,6180,6490,6100,6420,16733,2429,-200,6166,6188,6534,6697
A00781K,코리아써키트2우B,20151208,6100,6450,5950,6250,17424,2272,-300,6072,6180,6538,6691
A00781K,코리아써키트2우B,20151207,6380,6380,6000,6020,6166,2471,0,6020,6176,6545,6681
A00781K,코리아써키트2우B,20151204,6060,6400,6060,6090,11501,2458,0,6012,6192,6557,6667
A00781K,코리아써키트2우B,20151203,6000,6200,5810,6050,13129,1436,1000,6038,6212,6569,6651
A00781K,코리아써키트2우B,20151202,6140,6140,5820,5950,4843,2433,0,6074,6235,6583,6635
A00781K,코리아써키트2우B,20151201,6100,6110,5840,5990,4565,2258,0,6122,6260,6598,6622
A00781K,코리아써키트2우B,20151130,6220,6220,5950,5980,14537,2258,0,6160,6286,6618,6609
A00781K,코리아써키트2우B,20151127,6220,6230,6130,6220,6324,2258,0,6202,6311,6643,6595
A00781K,코리아써키트2우B,20151126,6280,6280,6150,6230,3020,2258,0,6198,6328,6667,6579
A00781K,코리아써키트2우B,20151125,6180,6270,6050,6190,8498,2421,0,6206,6342,6683,6564
A00781K,코리아써키트2우B,20151124,6250,6250,6150,6180,5275,2421,0,6224,6363,6693,6546
A00781K,코리아써키트2우B,20151123,6300,6300,6140,6190,6130,2421,0,6262,6388,6687,6529
A00781K,코리아써키트2우B,20151120,6170,6240,6150,6200,10396,2421,0,6292,6411,6677,6514
A00781K,코리아써키트2우B,20151119,6280,6470,6180,6270,3856,2421,0,6290,6436,6654,6498
A00781K,코리아써키트2우B,20151118,6410,6410,6180,6280,17411,2421,0,6306,6470,6630,6481
A00781K,코리아써키트2우B,20151117,6170,6460,6170,6370,13133,1440,0,6300,6506,6609,6465
A00781K,코리아써키트2우B,20151116,6190,6480,6190,6340,18450,1440,0,6260,6540,6601,6449
A00781K,코리아써키트2우B,20151113,6340,6340,6010,6190,17657,1539,0,6262,6574,6596,6434
A00781K,코리아써키트2우B,20151112,6660,6660,6170,6350,14646,1203,0,6324,6619,6598,6420
A00781K,코리아써키트2우B,20151111,6170,6500,6030,6250,14524,2393,0,6354,6652,6596,6403
A00781K,코리아써키트2우B,20151110,6280,6690,6030,6170,5499,2393,0,6394,6660,6603,6387
A00781K,코리아써키트2우B,20151109,6470,6470,6200,6350,6081,2225,0,6464,6670,6612,6372
A00781K,코리아써키트2우B,20151106,6500,6500,6380,6500,4605,2225,0,6488,6675,6621,6356
A00781K,코리아써키트2우B,20151105,6400,6550,6340,6500,10177,2225,0,6500,6660,6626,6340
A00781K,코리아써키트2우B,20151104,6440,6500,6240,6450,9831,2225,0,6504,6652,6635,6323
A00781K,코리아써키트2우B,20151103,6470,6580,6200,6520,18060,2225,0,6534,6654,6646,6310
A00781K,코리아써키트2우B,20151102,6700,6700,6450,6470,4518,2225,0,6568,6660,6652,6294
A00781K,코리아써키트2우B,20151030,6530,6610,6470,6560,7541,2225,0,6602,6670,6655,6277
A00781K,코리아써키트2우B,20151029,6610,6690,6510,6520,3795,2225,0,6630,6680,6658,6262
A00781K,코리아써키트2우B,20151028,6690,6690,6500,6600,9984,2368,0,6716,6687,6671,6245
A00781K,코리아써키트2우B,20151027,6640,6740,6530,6690,6742,2368,0,6798,6688,6688,6229
A00781K,코리아써키트2우B,20151026,6660,6990,6640,6640,6610,2368,0,6868,6686,6708,6212
A00781K,코리아써키트2우B,20151023,7000,7000,6700,6700,9792,2368,0,6942,6690,6742,6196
A00781K,코리아써키트2우B,20151022,7200,7200,6750,6950,6123,2368,0,7022,6704,6760,6180
A00781K,코리아써키트2우B,20151021,6990,7150,6930,7010,8215,2368,0,7036,6708,6763,6161
A00781K,코리아써키트2우B,20151020,6910,7220,6810,7040,18648,2368,0,6916,6708,6760,6143
A00781K,코리아써키트2우B,20151019,7120,7480,6820,7010,29757,2377,0,6778,6714,6758,6124
A00781K,코리아써키트2우B,20151016,7090,7700,6920,7100,61831,2072,0,6668,6726,6764,6105
A00781K,코리아써키트2우B,20151015,6410,7260,6410,7020,44141,2207,0,6486,6733,6759,6086
A00781K,코리아써키트2우B,20151014,6350,6580,6200,6410,7913,2070,0,6350,6762,6774,6068
A00781K,코리아써키트2우B,20151013,6450,6650,6270,6350,5580,2361,0,6368,6772,6821,6056
A00781K,코리아써키트2우B,20151012,6640,6640,6160,6460,9578,2070,0,6426,6789,6884,6044
A00781K,코리아써키트2우B,20151008,6350,6470,6160,6190,8688,1814,0,6466,6803,6907,6031
A00781K,코리아써키트2우B,20151007,6530,6760,6320,6340,4760,1328,0,6584,6835,6923,6021
A00781K,코리아써키트2우B,20151006,6850,6850,6450,6500,5675,1328,0,6646,6863,6933,6010
A00781K,코리아써키트2우B,20151005,6660,6780,6570,6640,5314,1328,0,6668,6878,6943,5997
A00781K,코리아써키트2우B,20151002,7070,7070,6610,6660,9867,1687,0,6670,6909,6941,5983
A00781K,코리아써키트2우B,20151001,6630,6840,6630,6780,9512,1203,0,6686,6949,6953,5970
A00781K,코리아써키트2우B,20150930,6610,6850,6520,6650,2691,2007,0,6724,6992,6964,5955
A00781K,코리아써키트2우B,20150925,6570,6830,6380,6610,6414,2007,0,6802,7020,6964,5941
A00781K,코리아써키트2우B,20150924,6880,6880,6470,6650,20330,2311,0,6880,7028,6962,5928
A00781K,코리아써키트2우B,20150923,6900,7070,6650,6740,17200,2094,0,6984,6986,6967,5914
A00781K,코리아써키트2우B,20150922,7140,7300,6870,6970,24141,2275,0,7082,6930,6952,5900
A00781K,코리아써키트2우B,20150921,7190,7190,6710,7040,24868,1203,0,7138,6824,6927,5884
A00781K,코리아써키트2우B,20150918,7200,7340,6950,7000,26595,1695,0,7248,6712,6905,5868
A00781K,코리아써키트2우B,20150917,7560,7680,7100,7170,38693,1203,0,7174,6612,6885,5852
A00781K,코리아써키트2우B,20150916,7260,7740,7080,7230,52676,1203,0,7076,6548,6888,5834
A00781K,코리아써키트2우B,20150915,7590,8430,7010,7250,99396,1932,0,6978,6490,6899,5817
A00781K,코리아써키트2우B,20150914,6650,8300,6620,7590,234993,1203,0,6894,6440,6879,5799
A00781K,코리아써키트2우B,20150911,6650,6840,6420,6630,17393,2231,0,6756,6374,6860,5778
A00781K,코리아써키트2우B,20150910,6850,6850,6390,6680,19260,2367,0,6792,6376,6844,5764
A00781K,코리아써키트2우B,20150909,7000,7060,6700,6740,12673,1203,0,6906,6376,6817,5749
A00781K,코리아써키트2우B,20150908,6840,7000,6670,6830,8601,1203,0,7050,6384,6776,5733
A00781K,코리아써키트2우B,20150907,7220,7220,6790,6900,10333,1920,0,7212,6382,6733,5718
A00781K,코리아써키트2우B,20150904,7500,7500,6760,6810,14257,2136,0,7272,6390,6687,5700
A00781K,코리아써키트2우B,20150903,7750,7750,7130,7250,53541,2351,0,7268,6405,6647,5685
A00781K,코리아써키트2우B,20150902,7800,7800,7110,7460,72981,1203,0,6978,6386,6599,5667
A00781K,코리아써키트2우B,20150901,6520,8450,6520,7640,207008,1203,0,6608,6346,6547,5649
A00781K,코리아써키트2우B,20150831,6910,8500,6510,7200,114857,1203,0,6050,6303,6491,5626
A00781K,코리아써키트2우B,20150828,5990,7480,5750,6790,107757,1497,0,5570,6306,6444,5608
A00781K,코리아써키트2우B,20150827,6060,6140,5660,5800,20110,1761,0,5212,6346,6398,5595
A00781K,코리아써키트2우B,20150826,4890,5680,4805,5610,40121,1203,0,5232,6454,6372,5587
A00781K,코리아써키트2우B,20150825,4800,5210,4720,4850,15364,2509,0,5326,6606,6350,5581
A00781K,코리아써키트2우B,20150824,4610,5140,4610,4800,22775,2239,0,5606,6752,6342,5582
A00781K,코리아써키트2우B,20150821,5940,5940,4705,5000,15559,2449,0,5900,6870,6333,5582
A00781K,코리아써키트2우B,20150820,6270,6400,5880,5900,13931,2082,0,6234,6960,6322,5581
A00781K,코리아써키트2우B,20150819,6690,6690,5780,6080,9771,1279,0,6388,7010,6297,5569
A00781K,코리아써키트2우B,20150818,6270,7490,5660,6250,67638,1279,0,6552,7077,6270,5555
A00781K,코리아써키트2우B,20150817,6690,6840,6220,6270,18852,2185,0,6662,7104,6243,5540
A00781K,코리아써키트2우B,20150813,6520,6910,6420,6670,19743,2185,0,6818,7188,6209,5526
A00781K,코리아써키트2우B,20150812,6880,6950,6370,6670,19186,1865,0,6906,7314,6171,5508
A00781K,코리아써키트2우B,20150811,6920,7100,6650,6900,37691,1262,0,6946,7488,6133,5490
A00781K,코리아써키트2우B,20150810,7320,7320,6730,6800,26934,1262,0,6898,7534,6092,5470
A00781K,코리아써키트2우B,20150807,7380,7380,6850,7050,41777,1262,0,6894,7552,6054,5451
A00781K,코리아써키트2우B,20150806,7080,7550,6950,7110,51891,1203,0,6938,7545,6012,5429
A00781K,코리아써키트2우B,20150805,6660,6930,6510,6870,32287,1203,0,7034,7544,5975,5408
A00781K,코리아써키트2우B,20150804,6680,6980,6590,6660,37031,1203,0,7250,7529,5936,5391
A00781K,코리아써키트2우B,20150803,7270,7600,6780,6780,39933,1962,0,7648,7564,5900,5373
A00781K,코리아써키트2우B,20150731,7350,7790,6990,7270,35540,2191,0,7848,7598,5865,5355
A00781K,코리아써키트2우B,20150730,7990,8360,7310,7590,31537,2049,0,7824,7564,5820,5332
A00781K,코리아써키트2우B,20150729,8990,9100,7910,7950,68557,1203,0,7668,7510,5770,5306
A00781K,코리아써키트2우B,20150728,7700,9750,7600,8650,308041,1203,0,7458,7462,5716,5276
A00781K,코리아써키트2우B,20150727,7350,9150,6770,7780,353237,3485,-300,7210,7320,5650,5240
A00781K,코리아써키트2우B,20150724,6780,7340,6780,7150,24713,9939,0,7012,7204,5599,5211
A00781K,코리아써키트2우B,20150723,6930,7170,6480,6810,45980,9901,0,7170,7134,5559,5188
A00781K,코리아써키트2우B,20150722,7600,7850,6900,6900,44426,10059,0,7648,7083,5525,5166
A00781K,코리아써키트2우B,20150721,6610,8100,6610,7410,116537,9743,-200,8298,7106,5490,5146
A00781K,코리아써키트2우B,20150720,7940,7990,6720,6790,75286,9930,200,8382,7128,5446,5121
A00781K,코리아써키트2우B,20150717,9150,9150,7670,7940,117570,9743,100,8456,7092,5413,5101
A00781K,코리아써키트2우B,20150716,11700,12350,8900,9200,490763,15042,-100,8248,7019,5362,5071
A00781K,코리아써키트2우B,20150715,8490,10150,7920,10150,349108,14231,-100,7828,6841,5290,5030
A00781K,코리아써키트2우B,20150714,7250,8380,7160,7830,130663,14231,-100,7110,6588,5203,4980
A00781K,코리아써키트2우B,20150713,7100,7920,6570,7160,114920,15241,0,7014,6411,5155,4952
A00781K,코리아써키트2우B,20150710,7000,7680,6750,6900,74136,14231,500,7078,6265,5118,4928
A00781K,코리아써키트2우B,20150709,6560,8200,6100,7100,170602,14231,-820,7016,6127,5088,4906
A00781K,코리아써키트2우B,20150708,7100,7430,6480,6560,68027,14231,400,6894,5990,5051,4883
A00781K,코리아써키트2우B,20150707,7870,7930,6520,7350,102889,14231,300,6982,5881,5025,4863
A00781K,코리아써키트2우B,20150706,6920,8490,6810,7480,232425,14231,-1000,6672,5730,4987,4836
A00781K,코리아써키트2우B,20150703,6650,7480,6400,6590,75938,14231,100,6272,5570,4946,4809
A00781K,코리아써키트2우B,20150702,6850,7400,6300,6490,127521,14231,720,6104,5462,4918,4790
A00781K,코리아써키트2우B,20150701,5980,7480,5830,7000,173026,14231,300,5962,5339,4894,4772
A00781K,코리아써키트2우B,20150630,5600,6670,5570,5800,93229,14231,0,6034,5199,4861,4749
A00781K,코리아써키트2우B,20150629,5560,6080,5170,5480,55790,14231,0,6446,5126,4848,4737
A00781K,코리아써키트2우B,20150626,6000,6400,5500,5750,122288,14231,0,6560,5068,4841,4728
A00781K,코리아써키트2우B,20150625,6650,7000,5650,5780,174685,14231,0,6708,4994,4830,4715
A00781K,코리아써키트2우B,20150624,7440,8550,7020,7360,391294,14231,0,6680,4922,4818,4700
A00781K,코리아써키트2우B,20150623,6380,7860,6200,7860,670101,15123,0,6226,4774,4780,4673
A00781K,코리아써키트2우B,20150622,6450,7900,5900,6050,254245,15123,0,5511,4606,4734,4642
A00781K,코리아써키트2우B,20150619,5760,7150,5140,6490,197671,15123,0,5151,4533,4719,4623
A00781K,코리아써키트2우B,20150618,5400,6250,5320,5640,182935,15123,-370,4681,4422,4695,4601
A00781K,코리아써키트2우B,20150617,4400,5200,4350,5090,71811,15123,0,4426,4359,4684,4584
A00781K,코리아써키트2우B,20150616,4240,4285,4200,4285,733,15123,0,4281,4324,4680,4571
A00781K,코리아써키트2우B,20150615,4295,4295,3870,4250,2502,15123,0,4293,4331,4690,4568
A00781K,코리아써키트2우B,20150612,4365,4365,4140,4140,16,15123,0,4299,4344,4702,4566
A00781K,코리아써키트2우B,20150611,4365,4365,4365,4365,0,15123,0,4356,4362,4713,4564
A00781K,코리아써키트2우B,20150610,4445,4445,4300,4365,1210,15123,0,4288,4389,4723,4561
A00781K,코리아써키트2우B,20150609,4390,4390,4345,4345,8,15123,0,4255,4399,4735,4556
A00781K,코리아써키트2우B,20150608,4300,4445,4260,4280,53,15123,0,4253,4405,4751,4551
A00781K,코리아써키트2우B,20150605,4150,4450,4030,4425,1034,15123,0,4263,4426,4761,4549
A00781K,코리아써키트2우B,20150604,4200,4300,4010,4025,1799,15123,0,4231,4433,4772,4541
A00781K,코리아써키트2우B,20150603,4490,4495,4155,4200,1857,15123,0,4294,4462,4792,4538
A00781K,코리아써키트2우B,20150602,4335,4335,4300,4335,24,15123,0,4334,4488,4803,4534
A00781K,코리아써키트2우B,20150601,4265,4330,4205,4330,418,15123,0,4367,4505,4812,4528
A00781K,코리아써키트2우B,20150529,4305,4305,4265,4265,43,15123,0,4419,4526,4822,4520
A00781K,코리아써키트2우B,20150528,4395,4440,4250,4340,3739,15123,0,4419,4549,4831,4514
A00781K,코리아써키트2우B,20150527,4490,4490,4230,4400,6464,15123,0,4427,4570,4840,4508
A00781K,코리아써키트2우B,20150526,4575,4575,4400,4500,182,15123,0,4424,4589,4841,4500
A00781K,코리아써키트2우B,20150522,4265,4590,4265,4590,4089,15123,0,4411,4604,4839,4491
A00781K,코리아써키트2우B,20150521,4410,4410,4200,4265,1449,15123,-4,4393,4614,4838,4483
A00781K,코리아써키트2우B,20150520,4410,4410,4200,4380,5334,15123,0,4443,4644,4842,4477
A00781K,코리아써키트2우B,20150519,4420,4470,4270,4385,4065,15123,0,4546,4671,4844,4469
A00781K,코리아써키트2우B,20150518,4510,4510,4425,4435,5420,15123,0,4583,4697,4846,4461
A00781K,코리아써키트2우B,20150515,4455,4550,4450,4500,4656,15123,0,4589,4723,4848,4455
A00781K,코리아써키트2우B,20150514,4800,4800,4435,4515,5234,15123,0,4629,4746,4849,4448
A00781K,코리아써키트2우B,20150513,4655,4925,4520,4895,1856,15123,0,4639,4774,4847,4440
A00781K,코리아써키트2우B,20150512,4485,4570,4485,4570,14,15123,0,4580,4774,4841,4430
A00781K,코리아써키트2우B,20150511,4740,4765,4450,4465,2723,15123,0,4613,4794,4845,4421
A00781K,코리아써키트2우B,20150508,4565,4780,4440,4700,227,15123,0,4654,4826,4847,4414
A00781K,코리아써키트2우B,20150507,4565,4565,4565,4565,0,15123,0,4661,4840,4845,4406
A00781K,코리아써키트2우B,20150506,4510,4710,4410,4600,254,15123,0,4694,4860,4844,4399
A00781K,코리아써키트2우B,20150504,4735,4735,4735,4735,5,15123,0,4729,4880,4841,4391
A00781K,코리아써키트2우B,20150430,4735,4735,4670,4670,7,15123,0,4737,4896,4836,4383
A00781K,코리아써키트2우B,20150429,4720,4745,4640,4735,1703,15123,0,4763,4914,4830,4374
A00781K,코리아써키트2우B,20150428,4750,4775,4730,4730,2438,15123,0,4771,4928,4822,4366
A00781K,코리아써키트2우B,20150427,4795,4880,4750,4775,4475,15123,0,4800,4947,4816,4357
A00781K,코리아써키트2우B,20150424,4880,4880,4775,4775,415,15123,0,4830,4963,4808,4348
A00781K,코리아써키트2우B,20150423,4775,4800,4775,4800,887,15123,0,4855,4978,4802,4337
A00781K,코리아써키트2우B,20150422,4875,4875,4775,4775,3219,15123,0,4887,4993,4795,4324
A00781K,코리아써키트2우B,20150421,4990,4995,4795,4875,3693,15123,0,4923,5011,4789,4316
A00781K,코리아써키트2우B,20150420,4870,4960,4870,4925,1862,15123,0,4962,5018,4781,4306
A00781K,코리아써키트2우B,20150417,4900,4950,4900,4900,1527,15123,0,4959,5021,4770,4296
A00781K,코리아써키트2우B,20150416,4950,4965,4950,4960,298,15123,0,4971,5021,4758,4284
A00781K,코리아써키트2우B,20150415,5080,5090,4875,4955,991,15123,0,4999,5015,4748,4271
A00781K,코리아써키트2우B,20150414,5100,5100,5070,5070,32,15123,0,5007,5016,4737,4264
A00781K,코리아써키트2우B,20150413,5040,5040,4905,4910,3663,15123,0,4983,5004,4724,4252
A00781K,코리아써키트2우B,20150410,5100,5180,4880,4960,4224,15123,0,5001,5006,4715,4239
A00781K,코리아써키트2우B,20150409,5100,5280,4995,5100,252,15123,0,5023,5012,4702,4227
A00781K,코리아써키트2우B,20150408,4950,5060,4950,4995,380,15123,0,5005,5022,4684,4215
A00781K,코리아써키트2우B,20150407,5250,5250,4950,4950,478,15123,0,5012,5017,4672,4203
A00781K,코리아써키트2우B,20150406,5030,5080,4980,5000,360,15123,0,5042,5024,4661,4191
A00781K,코리아써키트2우B,20150403,5010,5120,5010,5070,59,15123,0,5062,5033,4650,4181
A00781K,코리아써키트2우B,20150402,4990,5020,4910,5010,1019,15123,0,5064,5025,4637,4172
A00781K,코리아써키트2우B,20150401,4920,5120,4910,5030,1864,15123,0,5082,5017,4626,4163
A00781K,코리아써키트2우B,20150331,5020,5190,5020,5100,2538,15123,0,5102,5012,4614,4154
A00781K,코리아써키트2우B,20150330,4925,5160,4925,5100,3466,15123,0,5086,4999,4600,4144
A00781K,코리아써키트2우B,20150327,5190,5190,5000,5080,3593,15123,0,5061,4986,4581,4134
A00781K,코리아써키트2우B,20150326,5140,5140,4945,5100,32,15123,-4,5025,4956,4565,4124
A00781K,코리아써키트2우B,20150325,5000,5170,4990,5130,205,15123,0,4973,4921,4549,4115
A00781K,코리아써키트2우B,20150324,4880,5030,4870,5020,5970,15123,0,4944,4889,4527,4106
A00781K,코리아써키트2우B,20150323,4900,5000,4860,4975,4729,15123,0,4906,4863,4507,4099
A00781K,코리아써키트2우B,20150320,4860,4990,4815,4900,4551,15123,0,4898,4840,4484,4092
A00781K,코리아써키트2우B,20150319,5280,5280,4840,4840,9285,15123,0,4936,4821,4462,4087
A00781K,코리아써키트2우B,20150318,4850,5180,4825,4985,4129,15123,0,5028,4807,4446,4082
A00781K,코리아써키트2우B,20150317,4940,4940,4780,4830,5780,15123,0,5011,4784,4431,4076
A00781K,코리아써키트2우B,20150316,5090,5090,4850,4935,9482,15123,0,5063,4762,4414,4071
A00781K,코리아써키트2우B,20150313,5320,5320,5000,5090,6329,15123,0,5112,4744,4398,4065
A00781K,코리아써키트2우B,20150312,5000,5490,5000,5300,14093,15123,0,5074,4730,4377,4059
A00781K,코리아써키트2우B,20150311,5010,5260,4900,4900,8995,15123,0,4986,4694,4352,4050
A00781K,코리아써키트2우B,20150310,5800,5830,4900,5090,30602,15123,0,4990,4677,4337,4045
A00781K,코리아써키트2우B,20150309,4950,5350,4925,5180,27699,15123,0,4940,4647,4310,4039
A00781K,코리아써키트2우B,20150306,4860,5000,4710,4900,1319,15123,0,4874,4611,4285,4031
A00781K,코리아써키트2우B,20150305,4865,5000,4790,4860,1065,15123,0,4791,4588,4265,4026
A00781K,코리아써키트2우B,20150304,4980,5040,4760,4920,3078,15123,0,4696,4559,4244,4021
A00781K,코리아써키트2우B,20150303,4820,4980,4620,4840,4577,15123,0,4611,4527,4218,4016
A00781K,코리아써키트2우B,20150302,4400,5060,4400,4850,21225,15123,0,4544,4502,4197,4012
A00781K,코리아써키트2우B,20150227,4450,4540,4390,4485,2043,15123,0,4476,4474,4176,4008
A00781K,코리아써키트2우B,20150226,4500,4500,4295,4385,3777,15123,0,4482,4471,4160,4008
A00781K,코리아써키트2우B,20150225,4480,4505,4460,4495,45,15123,0,4518,4472,4143,4008
A00781K,코리아써키트2우B,20150224,4510,4560,4400,4505,1958,15123,0,4523,4467,4128,4006
A00781K,코리아써키트2우B,20150223,4510,4510,4510,4510,0,15123,0,4502,4462,4112,4002
A00781K,코리아써키트2우B,20150217,4565,4565,4400,4515,1140,15123,50,4512,4450,4094,4000
A00781K,코리아써키트2우B,20150216,4550,4565,4545,4565,94,15123,20,4573,4432,4076,3997
A00781K,코리아써키트2우B,20150213,4400,4550,4400,4520,56,15123,0,4574,4422,4061,3992
A00781K,코리아써키트2우B,20150212,4500,4500,4400,4400,2885,15123,0,4585,4412,4047,3988
A00781K,코리아써키트2우B,20150211,4700,4700,4520,4560,835,15123,0,4603,4405,4034,3986
A00781K,코리아써키트2우B,20150210,4505,4820,4505,4820,68,15123,0,4582,4396,4019,3982
A00781K,코리아써키트2우B,20150209,4900,4900,4570,4570,222,15123,0,4504,4363,3996,3976
A00781K,코리아써키트2우B,20150206,4635,4640,4470,4575,3555,15123,299,4447,4338,3981,3973
A00781K,코리아써키트2우B,20150205,4490,4500,4440,4490,435,15123,0,4389,4322,3966,3969
A00781K,코리아써키트2우B,20150204,4480,5000,4455,4455,30627,15123,0,4361,4313,3953,3966
A00781K,코리아써키트2우B,20150203,4330,4600,4250,4430,1938,15123,0,4326,4305,3941,3963
A00781K,코리아써키트2우B,20150202,4280,4290,4275,4285,25,15123,0,4326,4299,3929,3962
A00781K,코리아써키트2우B,20150130,4260,4300,4200,4285,1022,15123,0,4349,4302,3919,3962
A00781K,코리아써키트2우B,20150129,4350,4350,4350,4350,3,15123,0,4372,4304,3909,3961
A00781K,코리아써키트2우B,20150128,4420,4420,4165,4280,1585,15123,5,4383,4300,3899,3960
A00781K,코리아써키트2우B,20150127,4265,4430,4265,4430,118,15123,0,4378,4283,3889,3959
A00781K,코리아써키트2우B,20150126,4200,4400,4200,4400,641,15123,0,4324,4266,3871,3958
A00781K,코리아써키트2우B,20150123,4320,4400,4305,4400,151,15123,0,4320,4256,3854,3955
A00781K,코리아써키트2우B,20150122,4370,4490,4220,4405,2145,15123,0,4302,4226,3843,3953
A00781K,코리아써키트2우B,20150121,4200,4345,4200,4255,191,15123,0,4274,4197,3832,3951
A00781K,코리아써키트2우B,20150120,4310,4310,4160,4160,2673,15123,0,4297,4162,3821,3951
A00781K,코리아써키트2우B,20150119,4315,4390,4225,4380,810,15123,0,4298,4132,3810,3952
A00781K,코리아써키트2우B,20150116,4240,4325,4160,4310,220,15123,0,4234,4110,3795,3950
A00781K,코리아써키트2우B,20150115,4320,4370,4225,4265,1198,15123,0,4227,4096,3790,3949
A00781K,코리아써키트2우B,20150114,4200,4370,4195,4370,366,15123,0,4233,4076,3780,3948
A00781K,코리아써키트2우B,20150113,4145,4245,4075,4165,176,15123,0,4219,4056,3764,3946
A00781K,코리아써키트2우B,20150112,4045,4260,4045,4060,3222,15123,0,4249,4038,3753,3945
A00781K,코리아써키트2우B,20150109,4280,4290,4165,4275,362,15123,0,4307,4024,3746,3945
A00781K,코리아써키트2우B,20150108,4215,4300,4040,4295,148,15123,0,4316,4010,3734,3944
A00781K,코리아써키트2우B,20150107,4235,4330,4220,4300,29,15123,0,4311,3972,3722,3941
A00781K,코리아써키트2우B,20150106,4210,4315,4090,4315,2199,15123,0,4237,3939,3712,3939
A00781K,코리아써키트2우B,20150105,4340,4350,4105,4350,788,15123,0,4194,3908,3706,3937
A00781K,코리아써키트2우B,20150102,4050,4320,4015,4320,932,15123,0,4161,3870,3699,3936
A00781K,코리아써키트2우B,20141230,4110,4390,4090,4270,231,15123,0,4057,3822,3693,3933
A00781K,코리아써키트2우B,20141229,3870,4390,3870,3930,3843,15123,0,3969,3787,3688,3932
A00781K,코리아써키트2우B,20141226,4280,4395,4025,4100,18023,15123,0,3895,3770,3687,3933
A00781K,코리아써키트2우B,20141224,3780,4290,3590,4185,21461,15123,0,3787,3741,3683,3933
A00781K,코리아써키트2우B,20141223,3890,3890,3625,3800,250,15123,0,3738,3702,3680,3932
A00781K,코리아써키트2우B,20141222,3770,3840,3470,3830,604,15123,-9,3786,3690,3685,3933
A00781K,코리아써키트2우B,20141219,3750,3750,3360,3560,1930,15123,0,3790,3678,3691,3934
A00781K,코리아써키트2우B,20141218,4000,4000,3505,3560,8075,15123,0,3873,3671,3701,3937
A00781K,코리아써키트2우B,20141217,3760,3940,3740,3940,407,15123,0,3920,3663,3712,3941
A00781K,코리아써키트2우B,20141216,3850,4080,3655,4040,1447,15123,0,3891,3650,3717,3942
A00781K,코리아써키트2우B,20141215,3970,3975,3635,3850,1038,15123,0,3882,3631,3721,3941
A00781K,코리아써키트2우B,20141212,4055,4090,3730,3975,981,15123,0,3816,3622,3728,3944
A00781K,코리아써키트2우B,20141211,3770,4195,3700,3795,6204,15123,0,3752,3606,3732,3943
A00781K,코리아써키트2우B,20141210,3505,4040,3410,3795,6866,15123,0,3731,3588,3740,3946
A00781K,코리아써키트2우B,20141209,3870,4045,3530,3995,7337,15123,0,3688,3582,3748,3948
A00781K,코리아써키트2우B,20141208,3675,3890,3520,3520,893,15123,0,3562,3567,3754,3949
A00781K,코리아써키트2우B,20141205,3500,3655,3500,3655,11,15123,0,3574,3576,3767,3954
A00781K,코리아써키트2우B,20141204,3590,3690,3590,3690,32,15123,0,3559,3578,3778,3958
A00781K,코리아써키트2우B,20141203,3365,3580,3365,3580,64,15123,0,3526,3580,3787,3961
A00781K,코리아써키트2우B,20141202,3365,3365,3365,3365,101,15123,0,3491,3586,3799,3965
A00781K,코리아써키트2우B,20141201,3590,3590,3580,3580,2,15123,0,3532,3602,3815,3971
A00781K,코리아써키트2우B,20141128,3580,3580,3580,3580,1,15123,0,3530,3609,3828,3975
A00781K,코리아써키트2우B,20141127,3540,3540,3525,3525,15,15123,0,3500,3614,3841,3978
A00781K,코리아써키트2우B,20141126,3590,3590,3375,3405,1888,15123,-5,3475,3606,3856,3984
A00781K,코리아써키트2우B,20141125,3570,3570,3570,3570,1,15123,0,3531,3603,3873,3991
A00781K,코리아써키트2우B,20141124,3570,3570,3570,3570,1,15123,0,3549,3612,3884,3997
A00781K,코리아써키트2우B,20141121,3360,3680,3355,3430,11067,15123,0,3567,3620,3893,4003
A00781K,코리아써키트2우B,20141120,3715,3715,3320,3400,8225,15123,0,3613,3631,3905,4011
A00781K,코리아써키트2우B,20141119,3685,3685,3685,3685,34,15123,0,3618,3635,3918,4018
A00781K,코리아써키트2우B,20141118,3660,3660,3660,3660,0,15123,0,3617,3624,3924,4024
A00781K,코리아써키트2우B,20141117,3660,3660,3660,3660,0,15123,0,3624,3641,3930,4029
A00781K,코리아써키트2우B,20141114,3680,3680,3660,3660,112,15123,0,3632,3643,3937,4035
A00781K,코리아써키트2우B,20141113,3680,3680,3420,3425,163,15123,0,3640,3629,3945,4042
A00781K,코리아써키트2우B,20141112,3420,3685,3420,3680,11,15123,0,3699,3633,3957,4050
A00781K,코리아써키트2우B,20141111,3695,3695,3690,3695,27,15123,0,3703,3632,3965,4060
A00781K,코리아써키트2우B,20141110,3725,3725,3350,3700,448,15123,0,3702,3625,3971,4070
A00781K,코리아써키트2우B,20141107,3700,3700,3700,3700,0,15123,0,3706,3617,3978,4077
A00781K,코리아써키트2우B,20141106,3720,3720,3720,3720,4,15123,0,3702,3618,3986,4084
A00781K,코리아써키트2우B,20141105,3700,3700,3700,3700,4,15123,0,3632,3630,3995,4093
A00781K,코리아써키트2우B,20141104,3690,3690,3690,3690,0,15123,0,3562,3642,4004,4103
A00781K,코리아써키트2우B,20141103,3720,3720,3720,3720,10,15123,0,3572,3656,4013,4110
A00781K,코리아써키트2우B,20141031,3530,3695,3525,3680,113,15123,0,3576,3668,4021,4117
A00781K,코리아써키트2우B,20141030,3350,3600,3350,3370,124,15123,0,3569,3677,4030,4126
A00781K,코리아써키트2우B,20141029,3370,3735,3265,3350,1526,15123,0,3591,3701,4044,4137
A00781K,코리아써키트2우B,20141028,3740,3740,3740,3740,0,15123,0,3615,3734,4057,4149
A00781K,코리아써키트2우B,20141027,3740,3740,3740,3740,1,15123,0,3667,3752,4063,4158
A00781K,코리아써키트2우B,20141024,3640,3645,3640,3645,6,15123,0,3659,3774,4071,4167
A00781K,코리아써키트2우B,20141023,3500,3700,3300,3480,565,15123,0,3606,3801,4081,4176
A00781K,코리아써키트2우B,20141022,3425,3955,3425,3470,260,15123,0,3611,3838,4093,4189
A00781K,코리아써키트2우B,20141021,4220,4220,4000,4000,78,15123,0,3647,3877,4106,4202
A00781K,코리아써키트2우B,20141020,3380,3700,3380,3700,737,15123,0,3558,3890,4109,4211
A00781K,코리아써키트2우B,20141017,3550,3650,3350,3380,1092,15123,0,3528,3919,4117,4222
A00781K,코리아써키트2우B,20141016,3650,3650,3505,3505,50,15123,0,3597,3959,4129,4236
A00781K,코리아써키트2우B,20141015,3650,3650,3645,3650,105,15123,0,3686,4000,4138,4249
A00781K,코리아써키트2우B,20141014,3380,3660,3380,3555,1654,15123,0,3745,4032,4145,4261
A00781K,코리아써키트2우B,20141013,3700,3700,3545,3550,94,15123,0,3829,4069,4153,4274
A00781K,코리아써키트2우B,20141010,4050,4050,3710,3725,1796,15123,0,3908,4108,4160,4285
A00781K,코리아써키트2우B,20141008,3940,3950,3940,3950,350,15123,0,3937,4136,4166,4295
A00781K,코리아써키트2우B,20141007,3945,3945,3945,3945,0,15123,0,3917,4152,4168,4302
A00781K,코리아써키트2우B,20141006,3975,3975,3975,3975,2,15123,0,3931,4170,4172,4309
A00781K,코리아써키트2우B,20141002,3920,3945,3820,3945,24,15123,0,3955,4188,4174,4315
A00781K,코리아써키트2우B,20141001,3850,3985,3850,3870,261,15123,0,4002,4207,4176,4321
A00781K,코리아써키트2우B,20140930,4030,4030,3850,3850,2714,15123,0,4065,4231,4180,4326
A00781K,코리아써키트2우B,20140929,4085,4085,3920,4015,816,15123,0,4140,4260,4184,4333
A00781K,코리아써키트2우B,20140926,4025,4095,4005,4095,536,15123,0,4185,4282,4184,4338
A00781K,코리아써키트2우B,20140925,4185,4185,4035,4180,420,15123,0,4218,4288,4182,4343
A00781K,코리아써키트2우B,20140924,4100,4185,4100,4185,105,15123,0,4239,4284,4178,4347
A00781K,코리아써키트2우B,20140923,4150,4225,4100,4225,321,15123,0,4238,4284,4174,4351
A00781K,코리아써키트2우B,20140922,4170,4245,4150,4240,102,15123,0,4257,4280,4169,4355
A00781K,코리아써키트2우B,20140919,4260,4260,4150,4260,61,15123,0,4267,4270,4166,4358
A00781K,코리아써키트2우B,20140918,4175,4330,4125,4285,413,15123,0,4274,4258,4161,4362
A00781K,코리아써키트2우B,20140917,4150,4320,4080,4180,878,15123,0,4284,4248,4159,4366
A00781K,코리아써키트2우B,20140916,4150,4320,4150,4320,135,15123,0,4304,4246,4155,4371
A00781K,코리아써키트2우B,20140915,4060,4290,4060,4290,179,15123,0,4294,4237,4151,4375
A00781K,코리아써키트2우B,20140912,4295,4295,4295,4295,0,15123,0,4296,4230,4148,4377
A00781K,코리아써키트2우B,20140911,4260,4335,4250,4335,647,15123,-9,4303,4220,4144,4380
A00781K,코리아써키트2우B,20140905,4055,4280,4020,4280,149,15123,0,4303,4208,4140,4381
A00781K,코리아써키트2우B,20140904,4270,4270,4270,4270,0,15123,0,4316,4203,4138,4383
A00781K,코리아써키트2우B,20140903,4060,4300,4060,4300,51,15123,0,4348,4203,4134,4386
A00781K,코리아써키트2우B,20140902,4110,4330,4110,4330,99,15123,0,4382,4200,4131,4389
A00781K,코리아써키트2우B,20140901,4335,4335,4230,4335,429,15123,0,4356,4194,4127,4393
A00781K,코리아써키트2우B,20140829,4350,4695,4160,4345,3479,15123,0,4309,4188,4122,4396
A00781K,코리아써키트2우B,20140828,4365,4430,4200,4430,800,15123,0,4278,4182,4116,4398
A00781K,코리아써키트2우B,20140827,4200,4830,4015,4470,11551,15123,0,4220,4171,4113,4398
A00781K,코리아써키트2우B,20140826,4215,4215,4030,4200,734,15123,0,4135,4154,4109,4397
A00781K,코리아써키트2우B,20140825,4100,4100,4100,4100,12269,15123,0,4097,4150,4111,4397
A00781K,코리아써키트2우B,20140822,4190,4190,4190,4190,1,15123,0,4097,4156,4114,4398
A00781K,코리아써키트2우B,20140821,4045,4140,4025,4140,387,15123,0,4084,4157,4116,4399
A00781K,코리아써키트2우B,20140820,4000,4090,4000,4045,5195,15123,0,4086,4161,4119,4400
A00781K,코리아써키트2우B,20140819,4090,4090,4000,4010,2723,15123,0,4107,4170,4124,4403
A00781K,코리아써키트2우B,20140818,4100,4100,4095,4100,423,15123,0,4125,4179,4129,4405
A00781K,코리아써키트2우B,20140814,4000,4135,4000,4125,304,15123,0,4125,4183,4134,4407
A00781K,코리아써키트2우B,20140813,4150,4150,4150,4150,1,15123,0,4133,4182,4140,4408
A00781K,코리아써키트2우B,20140812,4040,4165,4000,4150,2354,15123,0,4159,4177,4144,4409
A00781K,코리아써키트2우B,20140811,4100,4100,4095,4100,756,15123,0,4174,4172,4156,4408
A00781K,코리아써키트2우B,20140808,4040,4145,4020,4100,965,15123,0,4199,4170,4168,4407
A00781K,코리아써키트2우B,20140807,4025,4240,4000,4165,899,15123,0,4222,4164,4176,4406
A00781K,코리아써키트2우B,20140806,4290,4290,4020,4280,302,15123,0,4233,4160,4183,4404
A00781K,코리아써키트2우B,20140805,4140,4225,4000,4225,1476,15123,0,4219,4149,4190,4402
A00781K,코리아써키트2우B,20140804,4100,4225,4100,4225,1268,15123,0,4198,4148,4203,4400
A00781K,코리아써키트2우B,20140801,4220,4220,4050,4215,1667,15123,0,4178,4139,4208,4397
A00781K,코리아써키트2우B,20140731,4220,4220,4220,4220,1,15123,0,4178,4133,4214,4395
A00781K,코리아써키트2우B,20140730,4120,4220,3950,4210,1565,15123,0,4179,4127,4222,4393
A00781K,코리아써키트2우B,20140729,4000,4120,3990,4120,2318,15123,0,4181,4121,4231,4391
A00781K,코리아써키트2우B,20140728,4125,4215,4125,4125,32,15123,0,4200,4114,4242,4390
A00781K,코리아써키트2우B,20140725,4215,4215,4215,4215,0,15123,0,4215,4108,4253,4389
A00781K,코리아써키트2우B,20140724,4160,4225,4160,4225,332,15123,0,4206,4094,4263,4387
A00781K,코리아써키트2우B,20140723,4165,4220,4155,4220,263,15123,0,4181,4080,4271,4384
A00781K,코리아써키트2우B,20140722,4005,4220,4005,4215,2616,15123,0,4150,4067,4285,4382
A00781K,코리아써키트2우B,20140721,4170,4200,4090,4200,2172,15123,0,4118,4058,4299,4379
A00781K,코리아써키트2우B,20140718,4080,4175,3750,4170,818,15123,0,4088,4046,4313,4378
A00781K,코리아써키트2우B,20140717,4065,4100,4065,4100,1460,15123,0,4050,4046,4328,4376
A00781K,코리아써키트2우B,20140716,4060,4075,4060,4065,2543,15123,0,4048,4037,4343,4375
A00781K,코리아써키트2우B,20140715,4050,4225,4050,4055,1824,15123,0,4046,4038,4359,4374
A00781K,코리아써키트2우B,20140714,4005,4185,4005,4050,2295,15123,0,4075,4040,4377,4374
A00781K,코리아써키트2우B,20140711,4060,4060,3980,3980,22,15123,0,4075,4042,4394,4373
A00781K,코리아써키트2우B,20140710,4030,4100,4030,4090,209,15123,0,4099,4048,4410,4372
A00781K,코리아써키트2우B,20140709,4055,4065,3990,4055,2841,15123,0,4099,4052,4424,4371
A00781K,코리아써키트2우B,20140708,4200,4200,4195,4200,1001,15123,0,4106,4050,4436,4370
A00781K,코리아써키트2우B,20140707,4050,4050,3990,4050,2694,15123,0,4065,4045,4445,4367
A00781K,코리아써키트2우B,20140704,4050,4100,4050,4100,565,15123,0,4054,4048,4456,4368
A00781K,코리아써키트2우B,20140703,4090,4100,4050,4090,261,15123,0,4022,4044,4466,4372
A00781K,코리아써키트2우B,20140702,3950,4095,3950,4090,635,15123,0,3993,4040,4473,4371
A00781K,코리아써키트2우B,20140701,3995,3995,3995,3995,0,15123,0,3967,4048,4482,4370
A00781K,코리아써키트2우B,20140630,3930,3995,3810,3995,623,15123,0,3975,4060,4493,4370
A00781K,코리아써키트2우B,20140627,3830,3955,3830,3940,1101,15123,0,3966,4075,4504,4370
A00781K,코리아써키트2우B,20140626,3820,3950,3820,3945,1115,15123,-160,4013,4092,4516,4370
A00781K,코리아써키트2우B,20140625,4025,4025,3905,3960,587,15123,0,4007,4111,4528,4370
A00781K,코리아써키트2우B,20140624,4090,4090,3950,4035,2260,15123,0,4034,4128,4540,4370
A00781K,코리아써키트2우B,20140623,4035,4100,3950,3950,42,15123,0,4046,4143,4549,4369
A00781K,코리아써키트2우B,20140620,3935,4175,3930,4175,2656,15123,0,4075,4161,4563,4369
A00781K,코리아써키트2우B,20140619,4095,4095,3915,3915,408,15123,0,4057,4172,4573,4368
A00781K,코리아써키트2우B,20140618,4095,4095,4050,4095,442,15123,-14,4110,4202,4588,4368
A00781K,코리아써키트2우B,20140617,4095,4095,4090,4095,480,15123,0,4093,4216,4598,4368
A00781K,코리아써키트2우B,20140616,4100,4100,4015,4095,115,15123,0,4094,4254,4607,4367
A00781K,코리아써키트2우B,20140613,4025,4230,4025,4085,751,15123,-3,4095,4292,4615,4365
A00781K,코리아써키트2우B,20140612,4200,4200,3935,4180,301,15123,0,4085,4316,4622,4365
A00781K,코리아써키트2우B,20140611,4100,4125,3960,4010,588,15123,-50,4052,4336,4628,4362
A00781K,코리아써키트2우B,20140610,4145,4145,4100,4100,8,15123,0,4099,4371,4637,4361
A00781K,코리아써키트2우B,20140609,4140,4140,4020,4100,26,15123,-2,4125,4416,4647,4359
A00781K,코리아써키트2우B,20140605,3925,4035,3925,4035,1490,15123,0,4165,4438,4658,4357
A00781K,코리아써키트2우B,20140603,4050,4240,4010,4015,37232,15123,-19,4215,4464,4669,4357
A00781K,코리아써키트2우B,20140602,4225,4260,4115,4245,3078,15123,-40,4276,4498,4680,4358
A00781K,코리아써키트2우B,20140530,4250,4295,4190,4230,4341,15123,0,4284,4523,4684,4357
A00781K,코리아써키트2우B,20140529,4310,4310,4240,4300,330,15123,0,4306,4552,4684,4356
A00781K,코리아써키트2우B,20140528,4320,4320,4200,4285,1951,15123,0,4310,4577,4683,4354
A00781K,코리아써키트2우B,20140527,4200,4320,4100,4320,1330,15123,0,4333,4602,4682,4354
A00781K,코리아써키트2우B,20140526,4350,4350,4285,4285,2020,15123,0,4368,4622,4681,4353
A00781K,코리아써키트2우B,20140523,4330,4340,4300,4340,710,15123,0,4386,4660,4681,4352
A00781K,코리아써키트2우B,20140522,4350,4445,4320,4320,551,15123,0,4490,4696,4682,4350
A00781K,코리아써키트2우B,20140521,4490,4490,4335,4400,376,15123,0,4599,4732,4682,4349
A00781K,코리아써키트2우B,20140520,4370,4500,4355,4495,1910,15123,0,4629,4764,4680,4346
A00781K,코리아써키트2우B,20140519,4650,4650,4375,4375,3270,15123,0,4650,4790,4676,4343
A00781K,코리아써키트2우B,20140516,4890,4890,4600,4860,220,15123,0,4715,4823,4674,4342
A00781K,코리아써키트2우B,20140515,4510,4865,4510,4865,70,15123,0,4741,4837,4660,4336
A00781K,코리아써키트2우B,20140514,4410,4600,4410,4550,3330,15123,0,4676,4848,4645,4330
A00781K,코리아써키트2우B,20140513,4700,4700,4535,4600,350,18053,0,4678,4867,4636,4328
A00781K,코리아써키트2우B,20140512,4535,4700,4535,4700,148,18153,0,4698,4883,4625,4327
A00781K,코리아써키트2우B,20140509,4560,5080,4560,4990,630,18153,0,4708,4888,4613,4325
A00781K,코리아써키트2우B,20140508,4560,4560,4500,4540,3120,18153,0,4670,4876,4596,4322
A00781K,코리아써키트2우B,20140507,4610,4710,4500,4560,3990,18153,0,4722,4882,4586,4324
A00781K,코리아써키트2우B,20140502,4750,4750,4650,4700,1670,18153,0,4770,4888,4576,4327
A00781K,코리아써키트2우B,20140430,4620,4755,4620,4750,6400,18753,0,4771,4881,4564,4331
A00781K,코리아써키트2우B,20140429,4800,4800,4700,4800,730,21143,0,4831,4874,4552,4334
A00781K,코리아써키트2우B,20140428,4610,4815,4610,4800,290,21763,0,4881,4868,4538,4336
A00781K,코리아써키트2우B,20140425,4720,5170,4720,4800,2280,21923,0,4931,4861,4525,4338
A00781K,코리아써키트2우B,20140424,4950,4950,4705,4705,42,21923,0,4981,4854,4511,4340
A00781K,코리아써키트2우B,20140423,5270,5270,5050,5050,210,21923,0,5039,4850,4498,4342
A00781K,코리아써키트2우B,20140422,5050,5050,5050,5050,10,21923,0,5039,4832,4478,4343
A00781K,코리아써키트2우B,20140421,4950,5100,4930,5050,1050,21923,0,5055,4810,4460,4345
A00781K,코리아써키트2우B,20140418,5020,5050,5020,5050,120,21923,0,5063,4796,4442,4346
A00781K,코리아써키트2우B,20140417,5020,5030,4905,4995,7380,21923,0,5040,4783,4424,4348
A00781K,코리아써키트2우B,20140416,5300,5300,4965,5050,2460,21923,0,5023,4772,4407,4351
A00781K,코리아써키트2우B,20140415,5170,5170,5130,5130,790,21923,0,4972,4756,4389,4354
A00781K,코리아써키트2우B,20140414,4965,5090,4965,5090,2460,21923,0,4896,4731,4370,4355
A00781K,코리아써키트2우B,20140411,4665,4980,4665,4935,970,21923,0,4812,4705,4351,4357
A00781K,코리아써키트2우B,20140410,4825,4990,4825,4910,5250,21923,0,4763,4684,4334,4360
A00781K,코리아써키트2우B,20140409,4800,4800,4750,4795,2250,21923,0,4690,4666,4318,4362
A00781K,코리아써키트2우B,20140408,4690,4790,4670,4750,4790,21923,0,4654,4654,4303,4366
A00781K,코리아써키트2우B,20140407,4730,4740,4670,4670,3390,21923,0,4638,4649,4289,4369
A00781K,코리아써키트2우B,20140404,4600,4850,4600,4690,3710,21923,0,4637,4656,4280,4373
A00781K,코리아써키트2우B,20140403,4770,4770,4545,4545,30,21923,0,4630,4656,4278,4377
A00781K,코리아써키트2우B,20140402,4740,4740,4530,4615,6030,21923,0,4646,4662,4269,4382
A00781K,코리아써키트2우B,20140401,4740,4740,4570,4670,2590,21923,0,4661,4653,4259,4385
A00781K,코리아써키트2우B,20140331,4690,4690,4580,4665,550,21923,0,4649,4634,4247,4390
A00781K,코리아써키트2우B,20140328,4670,4680,4540,4655,820,21923,0,4674,4612,4235,4396
A00781K,코리아써키트2우B,20140327,4615,4670,4575,4625,900,21923,-10,4699,4590,4223,4403
A00781K,코리아써키트2우B,20140326,4620,4795,4595,4690,1140,21923,0,4730,4572,4213,4409
A00781K,코리아써키트2우B,20140325,4930,4930,4600,4610,2135,21923,-10,4737,4552,4200,4416
A00781K,코리아써키트2우B,20140324,4610,4965,4500,4790,190,21923,0,4741,4540,4189,4424
A00781K,코리아써키트2우B,20140321,4780,4780,4645,4780,30,21923,0,4698,4518,4175,4434
A00781K,코리아써키트2우B,20140320,5070,5070,4560,4780,100,21923,0,4645,4494,4162,4441
A00781K,코리아써키트2우B,20140319,4730,4730,4420,4725,30,21923,-10,4598,4467,4149,4447
A00781K,코리아써키트2우B,20140318,4585,4630,4585,4630,20,21923,0,4563,4442,4137,4454
A00781K,코리아써키트2우B,20140317,4560,4575,4380,4575,430,21923,0,4567,4413,4126,4462
A00781K,코리아써키트2우B,20140314,4500,4515,4450,4515,3840,21923,0,4615,4383,4115,4468
A00781K,코리아써키트2우B,20140313,4550,4650,4500,4545,4950,21923,0,4650,4355,4108,4476
A00781K,코리아써키트2우B,20140312,4670,4845,4550,4550,11490,21923,0,4672,4326,4096,4485
A00781K,코리아써키트2우B,20140311,4800,4800,4650,4650,10317,21923,0,4652,4298,4084,4497
A00781K,코리아써키트2우B,20140310,4700,4870,4650,4815,10320,21923,0,4578,4265,4071,4504
A00781K,코리아써키트2우B,20140307,4695,4700,4580,4690,4660,21923,-10,4462,4221,4055,4507
A00781K,코리아써키트2우B,20140306,4405,4670,4400,4655,10280,21923,170,4368,4184,4045,4514
A00781K,코리아써키트2우B,20140305,4210,4500,4210,4450,6374,21923,0,4290,4150,4036,4523
A00781K,코리아써키트2우B,20140304,4150,4290,4150,4280,4460,21923,0,4254,4127,4031,4536
A00781K,코리아써키트2우B,20140303,4230,4235,4160,4235,1860,21923,0,4272,4113,4027,4544
A00781K,코리아써키트2우B,20140228,4500,4500,4200,4220,2106,21923,0,4295,4102,4026,4552
A00781K,코리아써키트2우B,20140227,4270,4330,4160,4265,8016,21923,0,4311,4088,4026,4560
A00781K,코리아써키트2우B,20140226,4370,4370,4010,4270,18910,21923,0,4307,4071,4025,4570
A00781K,코리아써키트2우B,20140225,4305,4440,4305,4370,2184,11083,0,4301,4052,4023,4577
A00781K,코리아써키트2우B,20140224,4320,4370,4240,4350,2994,11083,0,4234,4031,4019,4586
A00781K,코리아써키트2우B,20140221,4270,4370,4240,4300,8110,10973,0,4159,4013,4015,4597
A00781K,코리아써키트2우B,20140220,4290,4470,4245,4245,13250,8003,0,4091,3996,4012,4607
A00781K,코리아써키트2우B,20140219,4050,4340,4040,4240,16976,8003,0,4036,3982,4010,4618
A00781K,코리아써키트2우B,20140218,4095,4330,4025,4035,19526,8003,0,3986,3969,4010,4630
A00781K,코리아써키트2우B,20140217,4060,4060,3950,3975,5286,8003,0,3977,3966,4012,4646
A00781K,코리아써키트2우B,20140214,4040,4040,3940,3960,4211,8003,0,3968,3965,4014,4665
A00781K,코리아써키트2우B,20140213,3960,4045,3935,3970,10792,8003,0,3966,3963,4020,4686
A00781K,코리아써키트2우B,20140212,4040,4040,3975,3990,3061,8003,0,3969,3960,4029,4708
A00781K,코리아써키트2우B,20140211,4085,4085,3910,3990,4530,8003,0,3968,3957,4037,4729
A00781K,코리아써키트2우B,20140210,4070,4070,3930,3930,4178,8003,0,3968,3954,4048,4755
A00781K,코리아써키트2우B,20140207,3935,4060,3925,3950,4970,8003,0,3986,3963,4062,4781
A00781K,코리아써키트2우B,20140206,4135,4145,3960,3985,6530,8003,0,3986,3996,4079,4808
A00781K,코리아써키트2우B,20140205,3960,4175,3950,3985,6037,8003,0,3971,3996,4098,4834
A00781K,코리아써키트2우B,20140204,4380,4380,3960,3990,3093,8003,0,3954,3996,4116,4862
A00781K,코리아써키트2우B,20140203,3950,4200,3950,4020,11719,8003,0,3946,3996,4134,4890
A00781K,코리아써키트2우B,20140129,3830,3960,3830,3950,2320,8003,0,3938,3990,4151,4918
A00781K,코리아써키트2우B,20140128,3900,3930,3860,3910,820,8003,0,3940,3991,4169,4945
A00781K,코리아써키트2우B,20140127,3950,4090,3800,3900,6212,8003,0,3952,3995,4187,4975
A00781K,코리아써키트2우B,20140124,3955,4045,3940,3950,5430,8003,0,3967,3996,4208,5009
A00781K,코리아써키트2우B,20140123,3960,4090,3930,3980,5390,8003,0,3975,3996,4231,5047
A00781K,코리아써키트2우B,20140122,3965,4010,3955,3960,3512,8003,-20,3969,3995,4250,5081
A00781K,코리아써키트2우B,20140121,4000,4000,3945,3970,4822,8003,0,3961,3996,4273,5107
A00781K,코리아써키트2우B,20140120,3955,4085,3935,3975,2573,8003,0,3950,3998,4295,5131
A00781K,코리아써키트2우B,20140117,3960,4065,3960,3990,4040,8003,0,3940,3999,4318,5158
A00781K,코리아써키트2우B,20140116,3935,3995,3930,3950,4920,8003,0,3927,4000,4340,5176
A00781K,코리아써키트2우B,20140115,3910,4000,3905,3920,7376,8003,0,3959,3996,4364,5195
A00781K,코리아써키트2우B,20140114,3940,3940,3895,3915,9911,8003,0,4095,4004,4386,5214
A00781K,코리아써키트2우B,20140113,3935,3995,3905,3925,17857,8003,0,4112,4002,4407,5233
A00781K,코리아써키트2우B,20140110,4075,4170,3910,3925,29563,8003,0,4121,3997,4428,5251
A00781K,코리아써키트2우B,20140109,4500,4550,4100,4110,84712,8003,0,4134,3993,4449,5269
A00781K,코리아써키트2우B,20140108,3920,4600,3920,4600,230583,8003,0,4095,3981,4466,5284
A00781K,코리아써키트2우B,20140107,4025,4025,4000,4000,71,8003,0,3968,3955,4476,5297
A00781K,코리아써키트2우B,20140106,4000,4000,3870,3970,210,8003,0,3966,3961,4494,5314
A00781K,코리아써키트2우B,20140103,3920,3990,3910,3990,180,8003,0,3958,3969,4512,5333
A00781K,코리아써키트2우B,20140102,3970,4035,3905,3915,1485,8003,0,3950,3974,4533,5354
A00781K,코리아써키트2우B,20131230,3920,4085,3920,3965,530,8003,0,3956,3985,4558,5374
A00781K,코리아써키트2우B,20131227,4040,4040,3930,3990,760,8003,0,3959,4000,4582,5392
A00781K,코리아써키트2우B,20131226,3910,4025,3910,3930,3271,8003,0,3965,4009,4606,5414
A00781K,코리아써키트2우B,20131224,4100,4100,3940,3950,1310,8003,0,3977,4020,4631,5429
A00781K,코리아써키트2우B,20131223,3995,3995,3890,3945,1836,8003,0,3989,4030,4658,5452
A00781K,코리아써키트2우B,20131220,3885,3990,3880,3980,4770,8003,0,3975,4038,4692,5474
A00781K,코리아써키트2우B,20131219,4035,4035,3890,4020,50,8003,0,3995,4046,4720,5502
A00781K,코리아써키트2우B,20131218,4000,4040,3900,3990,940,8003,0,3963,4050,4745,5536
A00781K,코리아써키트2우B,20131217,4090,4090,3875,4010,589,8003,0,3933,4062,4771,5571
A00781K,코리아써키트2우B,20131216,3910,4045,3875,3875,540,8003,0,3900,4070,4797,5597
A00781K,코리아써키트2우B,20131213,4040,4080,3875,4080,831,8003,0,3899,4082,4822,5616
A00781K,코리아써키트2우B,20131212,3885,3965,3850,3860,2938,8003,0,3898,4092,4845,5632
A00781K,코리아써키트2우B,20131211,3860,3980,3825,3840,2903,8003,0,3949,4124,4874,5651
A00781K,코리아써키트2우B,20131210,3905,3915,3840,3845,5434,8003,0,4009,4157,4909,5663
A00781K,코리아써키트2우B,20131209,4100,4110,3800,3870,29620,8003,0,4055,4198,4936,5670
A00781K,코리아써키트2우B,20131206,4115,4340,4070,4075,24109,8003,0,4109,4240,4960,0
A00781K,코리아써키트2우B,20131205,4290,4290,4025,4115,3351,8003,0,4147,4286,4982,0
A00781K,코리아써키트2우B,20131204,4080,4140,4080,4140,181,8003,0,4160,4338,5010,0
A00781K,코리아써키트2우B,20131203,4140,4155,4070,4075,3210,8003,0,4162,4384,5042,0
A00781K,코리아써키트2우B,20131202,4280,4280,4140,4140,5202,8003,0,4177,4434,5061,0
A00781K,코리아써키트2우B,20131129,4260,4500,4185,4265,7648,8003,0,4171,4477,5078,0
A00781K,코리아써키트2우B,20131128,4105,4210,4100,4180,1960,8003,0,4144,4518,5093,0
A00781K,코리아써키트2우B,20131127,4150,4205,4125,4150,1730,8003,0,4130,4558,5115,0
A00781K,코리아써키트2우B,20131126,4080,4175,4080,4150,910,8003,0,4146,4608,5131,0
A00781K,코리아써키트2우B,20131125,4100,4340,4100,4110,1521,8003,0,4149,4666,5152,0
A00781K,코리아써키트2우B,20131122,4130,4350,4110,4130,4541,8003,0,4148,4718,5178,0
A00781K,코리아써키트2우B,20131121,4150,4250,4110,4110,2530,8003,0,4177,4776,5202,0
A00781K,코리아써키트2우B,20131120,4170,4275,4120,4230,1823,8003,0,4257,4836,5226,0
A00781K,코리아써키트2우B,20131119,4120,4240,4020,4165,3021,8003,-10,4311,4894,5250,0
A00781K,코리아써키트2우B,20131118,4300,4365,4105,4105,11551,8363,0,4410,4951,5280,0
A00781K,코리아써키트2우B,20131115,4470,5100,4275,4275,23592,8363,0,4534,5013,5316,0
A00781K,코리아써키트2우B,20131114,4460,4510,4400,4510,7431,8363,0,4675,5061,5353,0
A00781K,코리아써키트2우B,20131113,4575,4660,4500,4500,8221,8363,0,4805,5095,5387,0
A00781K,코리아써키트2우B,20131112,4735,4745,4630,4660,5386,8363,-4,4917,5130,5421,0
A00781K,코리아써키트2우B,20131111,5030,5170,4725,4725,19030,8363,0,5001,5157,5461,0
A00781K,코리아써키트2우B,20131108,5160,5930,4980,4980,132832,8363,0,5056,5175,5501,0
A00781K,코리아써키트2우B,20131107,5040,5160,4955,5160,5431,9363,0,5074,5186,5537,0
A00781K,코리아써키트2우B,20131106,5040,5080,4980,5060,1787,9363,0,5038,5182,5570,0
A00781K,코리아써키트2우B,20131105,5270,5270,4970,5080,2231,9363,0,5060,5182,5608,0
A00781K,코리아써키트2우B,20131104,5080,5090,4920,5000,6103,9363,0,5102,5191,5646,0
A00781K,코리아써키트2우B,20131101,4995,5100,4945,5070,3452,9363,0,5134,5212,5684,0
A00781K,코리아써키트2우B,20131031,5110,5220,4970,4980,7338,9363,0,5180,5230,5721,0
A00781K,코리아써키트2우B,20131030,5210,5340,5150,5170,4632,9363,-2,5246,5250,5762,0
A00781K,코리아써키트2우B,20131029,5350,5350,5240,5290,2850,9363,0,5288,5266,5809,0
A00781K,코리아써키트2우B,20131028,5300,5300,5130,5160,4670,9363,0,5290,5278,5863,0
A00781K,코리아써키트2우B,20131025,5380,5380,5210,5300,2362,9363,0,5328,5320,5912,0
A00781K,코리아써키트2우B,20131024,5380,5390,5310,5310,6110,9363,0,5314,5336,5941,0
A00781K,코리아써키트2우B,20131023,5410,5410,5350,5380,5860,9363,0,5292,5348,5967,0
A00781K,코리아써키트2우B,20131022,5460,5460,5280,5300,3620,9363,0,5256,5357,5997,0
A00781K,코리아써키트2우B,20131021,5210,5450,5210,5350,4360,9363,0,5236,5370,6012,0
A00781K,코리아써키트2우B,20131018,5100,5230,5100,5230,2951,8603,0,5182,5370,6027,0
A00781K,코리아써키트2우B,20131017,5200,5200,5010,5200,5940,8603,0,5176,5384,6043,0
A00781K,코리아써키트2우B,20131016,5290,5290,5120,5200,2801,8603,0,5152,5404,6060,0
A00781K,코리아써키트2우B,20131015,5050,5220,5050,5200,5152,8603,0,5122,5440,6074,0
A00781K,코리아써키트2우B,20131014,5200,5300,5080,5080,2258,8603,0,5136,5454,6088,0
A00781K,코리아써키트2우B,20131011,5130,5200,5020,5200,3301,8603,0,5206,5464,6103,0
A00781K,코리아써키트2우B,20131010,5000,5080,4950,5080,11160,8603,0,5250,5476,6119,0
A00781K,코리아써키트2우B,20131008,5180,5300,5050,5050,19168,8603,0,5310,5512,6134,0
A00781K,코리아써키트2우B,20131007,5500,5500,5220,5270,18380,8603,0,5396,5560,6154,0
A00781K,코리아써키트2우B,20131004,5470,5550,5390,5430,20060,8603,0,5452,5558,6176,0
A00781K,코리아써키트2우B,20131002,5420,5580,5340,5420,19879,9283,0,5566,5544,6189,0
A00781K,코리아써키트2우B,20131001,5440,5530,5310,5380,25822,9283,0,5606,5532,6201,0
A00781K,코리아써키트2우B,20130930,5560,5660,5420,5480,31875,9283,0,5638,5538,6222,0
A00781K,코리아써키트2우B,20130927,6170,6170,5550,5550,58705,9283,0,5654,5520,6226,0
A00781K,코리아써키트2우B,20130926,5720,6360,5720,6000,217669,8003,0,5654,5514,6246,0
A00781K,코리아써키트2우B,20130925,5550,5730,5540,5620,31220,9073,0,5528,5497,6257,0
A00781K,코리아써키트2우B,20130924,5710,5800,5540,5540,41344,9253,0,5504,5494,6284,0
A00781K,코리아써키트2우B,20130923,5570,5870,5550,5560,32242,9073,0,5514,5494,6328,0
A00781K,코리아써키트2우B,20130917,5380,5550,5290,5550,32184,8333,0,5586,5499,6371,0
A00781K,코리아써키트2우B,20130916,5550,5670,5320,5370,37747,8333,0,5574,5518,6397,0
A00781K,코리아써키트2우B,20130913,5610,5760,5500,5500,64686,8003,0,5554,5564,6411,0
A00781K,코리아써키트2우B,20130912,6030,6490,5580,5590,378444,8003,0,5542,5615,6418,0
A00781K,코리아써키트2우B,20130911,5560,6260,5530,5920,313004,8003,0,5584,5662,6428,0
A00781K,코리아써키트2우B,20130910,5350,6040,5320,5490,207244,8003,0,5602,5694,6418,0
A00781K,코리아써키트2우B,20130909,5440,5600,5270,5270,48620,7273,0,5550,5772,6404,0
A00781K,코리아써키트2우B,20130906,5890,5900,5390,5440,68350,1203,0,5530,5866,0,0
A00781K,코리아써키트2우B,20130905,6500,6910,5610,5800,376270,1203,0,5478,5948,0,0
A00781K,코리아써키트2우B,20130904,5240,6010,5170,6010,145790,1203,0,5418,6018,0,0
A00781K,코리아써키트2우B,20130903,5330,5330,5030,5230,6050,1203,0,5238,6082,0,0
A00781K,코리아써키트2우B,20130902,5130,5250,5080,5170,5690,1203,0,5276,6190,0,0
A00781K,코리아써키트2우B,20130830,5440,5500,5180,5180,8160,1203,0,5376,6296,0,0
A00781K,코리아써키트2우B,20130829,5230,5800,4900,5500,28179,1203,0,5452,6400,0,0
A00781K,코리아써키트2우B,20130828,5280,5280,5100,5110,11840,1203,0,5462,6499,0,0
A00781K,코리아써키트2우B,20130827,5700,5710,5330,5420,15403,1203,0,5570,6641,0,0
A00781K,코리아써키트2우B,20130826,5600,5670,5530,5670,7510,1203,0,5674,6796,0,0
A00781K,코리아써키트2우B,20130823,5610,5690,5540,5560,11546,1203,0,5796,6918,0,0
A00781K,코리아써키트2우B,20130822,5560,5860,5480,5550,17311,1203,0,5988,6992,0,0
A00781K,코리아써키트2우B,20130821,5910,5990,5560,5650,29390,1203,0,6182,7060,0,0
A00781K,코리아써키트2우B,20130820,6190,6280,5940,5940,34640,1203,0,6366,7134,0,0
A00781K,코리아써키트2우B,20130819,6410,6600,6210,6280,26000,1203,0,6590,7148,0,0
A00781K,코리아써키트2우B,20130816,6450,6600,6180,6520,33382,1203,0,6760,7146,0,0
A00781K,코리아써키트2우B,20130814,6550,6680,6320,6520,36909,1203,0,6876,7130,0,0
A00781K,코리아써키트2우B,20130813,7060,7090,6550,6570,26390,1203,0,7008,7114,0,0
A00781K,코리아써키트2우B,20130812,7120,7220,6920,7060,9880,1203,0,7154,7088,0,0
A00781K,코리아써키트2우B,20130809,7100,7260,6920,7130,11467,1203,0,7220,7037,0,0
A00781K,코리아써키트2우B,20130808,7180,7180,7020,7100,13240,1203,-10,7254,6981,0,0
A00781K,코리아써키트2우B,20130807,7300,7300,7060,7180,25487,1203,0,7284,6934,0,0
A00781K,코리아써키트2우B,20130806,7470,7540,7280,7300,19173,1203,0,7344,6872,0,0
A00781K,코리아써키트2우B,20130805,7360,7500,7210,7390,26799,1203,0,7474,6820,0,0
A00781K,코리아써키트2우B,20130802,7290,7350,7110,7300,33347,1203,0,7702,6780,0,0
A00781K,코리아써키트2우B,20130801,7500,7590,7200,7250,42360,1203,0,7860,6726,0,0
A00781K,코리아써키트2우B,20130731,8070,8200,7210,7480,123750,1203,0,7818,6670,0,0
A00781K,코리아써키트2우B,20130730,8580,8870,7950,7950,156993,1203,0,7704,6627,0,0
A00781K,코리아써키트2우B,20130729,8500,9290,7700,8530,274310,1203,0,7542,6517,0,0
A00781K,코리아써키트2우B,20130726,7000,8090,7000,8090,195264,1203,0,7078,6428,0,0
A00781K,코리아써키트2우B,20130725,6980,7250,6560,7040,97517,1203,-4,6712,6356,0,0
A00781K,코리아써키트2우B,20130724,7450,7480,6700,6910,115068,1203,0,6544,6366,0,0
A00781K,코리아써키트2우B,20130723,6340,7140,6330,7140,305558,1203,0,6402,6430,0,0
A00781K,코리아써키트2우B,20130722,6250,6300,6100,6210,30586,1203,0,6180,6481,0,0
A00781K,코리아써키트2우B,20130719,6290,6340,6140,6260,30088,1203,-10,6148,6526,0,0
A00781K,코리아써키트2우B,20130718,6340,6830,6200,6200,84160,1203,0,6098,6522,0,0
A00781K,코리아써키트2우B,20130717,6140,6230,5990,6200,49477,1203,0,6088,6509,0,0
A00781K,코리아써키트2우B,20130716,6150,6450,5990,6030,53523,1203,-9,6038,6506,0,0
A00781K,코리아써키트2우B,20130715,6150,6190,5890,6050,54518,1203,0,6084,6472,0,0
A00781K,코리아써키트2우B,20130712,6180,6500,6000,6010,75576,1203,0,6194,6403,0,0
A00781K,코리아써키트2우B,20130711,6100,6650,5860,6150,125493,1203,0,6234,0,0,0
A00781K,코리아써키트2우B,20130710,6380,6390,5910,5950,104218,1203,-10,6232,0,0,0
A00781K,코리아써키트2우B,20130709,6550,6680,6110,6260,117406,1203,0,6364,0,0,0
A00781K,코리아써키트2우B,20130708,6410,6880,6150,6600,150902,1203,0,6262,0,0,0
A00781K,코리아써키트2우B,20130705,6310,6850,5900,6210,248401,1203,0,6294,0,0,0
A00781K,코리아써키트2우B,20130704,7200,7390,6100,6140,343574,1203,0,6378,0,0,0
A00781K,코리아써키트2우B,20130703,6020,6610,5950,6610,144599,1203,0,6598,0,0,0
A00781K,코리아써키트2우B,20130702,6760,6980,5750,5750,208602,1203,-10,6916,0,0,0
A00781K,코리아써키트2우B,20130701,6910,7210,6410,6760,240218,1203,0,7398,0,0,0
A00781K,코리아써키트2우B,20130628,7410,7640,6590,6630,204116,1203,0,7466,0,0,0
A00781K,코리아써키트2우B,20130627,8500,9430,7230,7240,722367,1203,0,7376,0,0,0
A00781K,코리아써키트2우B,20130626,8210,8500,7350,8200,456974,1203,-20,7118,0,0,0
A00781K,코리아써키트2우B,20130625,8150,8160,8120,8160,32224,1203,0,6708,0,0,0
A00781K,코리아써키트2우B,20130624,6600,7100,6350,7100,187605,1203,-6,6146,0,0,0
A00781K,코리아써키트2우B,20130621,6130,6810,5700,6180,623403,1203,-30,5657,0,0,0
A00781K,코리아써키트2우B,20130620,6350,7070,5950,5950,813938,1203,0,0,0,0,0
A00781K,코리아써키트2우B,20130619,6150,6150,5550,6150,680800,1203,-1,0,0,0,0
A00781K,코리아써키트2우B,20130618,5350,5350,4730,5350,139036,1203,0,0,0,0,0
A00781K,코리아써키트2우B,20130617,4050,4655,3455,4655,126189,1203,0,0,0,0,0
