stockCode,stackName,date,startPrice,highPrice,lowPrice,finalPrice,amountTrade,amounForeigner,amountAgencyBuy,days5MovAvr,days20MovAvr,days60MovAvr,days120MovAvr
A012760,동아,20190129,2390,2390,2390,2390,0,0,0,2390,2390,2286,1988
A012760,동아,20190128,2390,2390,2390,2390,0,0,0,2390,2390,2280,1974
A012760,동아,20190125,2390,2390,2390,2390,0,0,0,2390,2390,2273,1963
A012760,동아,20190124,2390,2390,2390,2390,0,0,0,2390,2390,2266,1951
A012760,동아,20190123,2390,2390,2390,2390,0,0,0,2390,2390,2260,1940
A012760,동아,20190122,2390,2390,2390,2390,0,0,0,2390,2390,2254,1929
A012760,동아,20190121,2390,2390,2390,2390,0,0,0,2390,2390,2247,1917
A012760,동아,20190118,2390,2390,2390,2390,0,0,0,2390,2390,2240,1906
A012760,동아,20190117,2390,2390,2390,2390,0,0,0,2390,2390,2234,1894
A012760,동아,20190116,2390,2390,2390,2390,0,0,0,2390,2390,2228,1883
A012760,동아,20190115,2390,2390,2390,2390,0,0,0,2390,2390,2221,1872
A012760,동아,20190114,2390,2390,2390,2390,0,0,0,2390,2390,2214,1858
A012760,동아,20190111,2390,2390,2390,2390,0,0,0,2390,2390,2208,1848
A012760,동아,20190110,2390,2390,2390,2390,0,0,0,2390,2390,2202,1835
A012760,동아,20190109,2390,2390,2390,2390,0,0,0,2390,2390,2195,1822
A012760,동아,20190108,2390,2390,2390,2390,0,0,0,2390,2390,2188,1810
A012760,동아,20190107,2390,2390,2390,2390,0,0,0,2390,2390,2182,1797
A012760,동아,20190104,2390,2390,2390,2390,0,0,0,2390,2390,2176,1784
A012760,동아,20190103,2390,2390,2390,2390,0,0,0,2390,2390,2169,1772
A012760,동아,20190102,2390,2390,2390,2390,0,0,0,2390,2390,2162,1759
A012760,동아,20181228,2390,2390,2390,2390,0,0,0,2390,2390,2156,1749
A012760,동아,20181227,2390,2390,2390,2390,0,0,0,2390,2390,2150,1739
A012760,동아,20181226,2390,2390,2390,2390,0,0,0,2390,2390,2143,1729
A012760,동아,20181224,2390,2390,2390,2390,0,0,0,2390,2390,2136,1719
A012760,동아,20181221,2390,2390,2390,2390,0,0,0,2390,2390,2130,1712
A012760,동아,20181220,2390,2390,2390,2390,0,0,0,2390,2370,2124,1705
A012760,동아,20181219,2390,2390,2390,2390,0,0,0,2390,2351,2117,1699
A012760,동아,20181218,2390,2390,2390,2390,0,0,0,2390,2332,2110,1692
A012760,동아,20181217,2390,2390,2390,2390,0,0,0,2390,2312,2104,1691
A012760,동아,20181214,2390,2390,2390,2390,0,0,0,2390,2292,2098,1690
A012760,동아,20181213,2390,2390,2390,2390,0,0,0,2390,2273,2091,1689
A012760,동아,20181212,2390,2390,2390,2390,0,0,0,2390,2254,2084,1687
A012760,동아,20181211,2390,2390,2390,2390,0,0,0,2390,2234,2078,1686
A012760,동아,20181210,2390,2390,2390,2390,0,0,0,2390,2214,2072,1685
A012760,동아,20181207,2390,2390,2390,2390,0,0,0,2390,2195,2065,1684
A012760,동아,20181206,2390,2390,2390,2390,0,0,0,2390,2176,2057,1683
A012760,동아,20181205,2390,2390,2390,2390,0,0,0,2390,2156,2048,1682
A012760,동아,20181204,2390,2390,2390,2390,0,0,0,2390,2136,2040,1681
A012760,동아,20181203,2390,2390,2390,2390,0,0,0,2390,2117,2032,1688
A012760,동아,20181130,2390,2390,2390,2390,0,0,0,2390,2098,2016,1695
A012760,동아,20181129,2390,2390,2390,2390,0,0,0,2312,2078,2001,1701
A012760,동아,20181128,2390,2390,2390,2390,0,0,0,2234,2058,1986,1708
A012760,동아,20181127,2390,2390,2390,2390,0,0,0,2156,2039,1970,1715
A012760,동아,20181126,2390,2390,2390,2390,1,0,0,2078,2020,1949,1722
A012760,동아,20181123,2000,2000,2000,2000,0,0,0,2000,2000,1928,1729
A012760,동아,20181122,2000,2000,2000,2000,0,0,0,2000,2000,1913,1739
A012760,동아,20181121,2000,2000,2000,2000,0,0,0,2000,2000,1899,1749
A012760,동아,20181120,2000,2000,2000,2000,0,0,0,2000,2000,1884,1760
A012760,동아,20181119,2000,2000,2000,2000,0,0,0,2000,2000,1870,1770
A012760,동아,20181116,2000,2000,2000,2000,0,0,0,2000,2000,1855,1780
A012760,동아,20181115,2000,2000,2000,2000,0,0,0,2000,2000,1840,1790
A012760,동아,20181114,2000,2000,2000,2000,0,0,0,2000,2000,1826,1800
A012760,동아,20181113,2000,2000,2000,2000,0,0,0,2000,2000,1811,1810
A012760,동아,20181112,2000,2000,2000,2000,0,0,0,2000,2000,1797,1821
A012760,동아,20181109,2000,2000,2000,2000,0,0,0,2000,2000,1790,1831
A012760,동아,20181108,2000,2000,2000,2000,0,0,0,2000,2000,1777,1841
A012760,동아,20181107,2000,2000,2000,2000,0,0,0,2000,2000,1764,1851
A012760,동아,20181106,2000,2000,2000,2000,0,0,0,2000,2000,1746,1861
A012760,동아,20181105,2000,2000,2000,2000,0,0,0,2000,2000,1729,1868
A012760,동아,20181102,2000,2000,2000,2000,0,0,0,2000,2000,1711,1875
A012760,동아,20181101,2000,2000,2000,2000,0,0,0,2000,2000,1690,1881
A012760,동아,20181031,2000,2000,2000,2000,0,0,0,2000,2000,1669,1888
A012760,동아,20181030,2000,2000,2000,2000,0,0,0,2000,2000,1652,1895
A012760,동아,20181029,2000,2000,2000,2000,0,0,0,2000,2000,1636,1901
A012760,동아,20181026,2000,2000,2000,2000,0,0,0,2000,2000,1620,1908
A012760,동아,20181025,2000,2000,2000,2000,0,0,0,2000,2000,1604,1915
A012760,동아,20181024,2000,2000,2000,2000,0,0,0,2000,2000,1587,1921
A012760,동아,20181023,2000,2000,2000,2000,0,0,0,2000,2000,1571,1928
A012760,동아,20181022,2000,2000,2000,2000,0,0,0,2000,2000,1555,1935
A012760,동아,20181019,2000,2000,2000,2000,0,0,0,2000,2000,1539,1941
A012760,동아,20181018,2000,2000,2000,2000,0,0,0,2000,2000,1522,1948
A012760,동아,20181017,2000,2000,2000,2000,0,0,0,2000,2000,1502,1955
A012760,동아,20181016,2000,2000,2000,2000,0,0,0,2000,2000,1488,1961
A012760,동아,20181015,2000,2000,2000,2000,0,0,0,2000,2000,1469,1968
A012760,동아,20181012,2000,2000,2000,2000,0,0,0,2000,2000,1450,1975
A012760,동아,20181011,2000,2000,2000,2000,0,0,0,2000,1995,1431,1981
A012760,동아,20181010,2000,2000,2000,2000,0,0,0,2000,1990,1412,1988
A012760,동아,20181008,2000,2000,2000,2000,0,0,0,2000,1984,1393,1995
A012760,동아,20181005,2000,2000,2000,2000,0,0,0,2000,1979,1374,2001
A012760,동아,20181004,2000,2000,2000,2000,0,0,0,2000,1952,1355,2008
A012760,동아,20181002,2000,2000,2000,2000,0,0,0,2000,1925,1341,2015
A012760,동아,20181001,2000,2000,2000,2000,0,0,0,2000,1898,1328,2021
A012760,동아,20180928,2000,2000,2000,2000,0,0,0,2000,1871,1315,2028
A012760,동아,20180927,2000,2000,2000,2000,0,0,0,2000,1827,1301,2035
A012760,동아,20180921,2000,2000,2000,2000,0,0,0,2000,1784,1294,2041
A012760,동아,20180920,2000,2000,2000,2000,0,0,0,2000,1740,1287,2048
A012760,동아,20180919,2000,2000,2000,2000,0,0,0,2000,1696,1280,2055
A012760,동아,20180918,2000,2000,2000,2000,0,0,0,2000,1652,1273,2061
A012760,동아,20180917,2000,2000,2000,2000,0,0,0,2000,1608,1278,2068
A012760,동아,20180914,2000,2000,2000,2000,0,0,0,2000,1565,1282,2075
A012760,동아,20180913,2000,2000,2000,2000,0,0,0,1979,1521,1286,2081
A012760,동아,20180912,2000,2000,2000,2000,0,0,0,1958,1477,1290,2088
A012760,동아,20180911,2000,2000,2000,2000,0,0,0,1937,1434,1295,2095
A012760,동아,20180910,1990,2000,1990,2000,7,0,0,1916,1390,1299,2101
A012760,동아,20180907,1895,1895,1895,1895,0,0,0,1808,1369,1303,2108
A012760,동아,20180906,1895,1895,1895,1895,0,0,0,1721,1336,1309,2111
A012760,동아,20180905,1895,1895,1895,1895,0,0,0,1634,1302,1315,2113
A012760,동아,20180904,1895,1895,1895,1895,1,0,0,1547,1255,1321,2115
A012760,동아,20180903,1460,1460,1460,1460,0,0,0,1393,1207,1343,2117
A012760,동아,20180831,1460,1460,1460,1460,0,0,0,1326,1181,1373,2119
A012760,동아,20180830,1460,1460,1460,1460,0,0,0,1259,1144,1402,2121
A012760,동아,20180829,1460,1460,1460,1460,1,0,0,1192,1108,1431,2123
A012760,동아,20180828,1125,1125,1125,1125,0,0,0,1125,1086,1461,2124
A012760,동아,20180827,1125,1125,1125,1125,0,0,0,1125,1081,1495,2129
A012760,동아,20180824,1125,1125,1125,1125,0,0,0,1125,1076,1530,2139
A012760,동아,20180823,1125,1125,1125,1125,0,0,0,1125,1071,1565,2150
A012760,동아,20180822,1125,1125,1125,1125,0,0,0,1125,1066,1600,2160
A012760,동아,20180821,1125,1125,1125,1125,0,0,0,1125,1061,1635,2171
A012760,동아,20180820,1125,1125,1125,1125,0,0,0,1125,1056,1670,2181
A012760,동아,20180817,1125,1125,1125,1125,0,0,0,1218,1051,1705,2192
A012760,동아,20180816,1125,1125,1125,1125,0,0,0,1238,1046,1740,2202
A012760,동아,20180814,1125,1125,1125,1125,0,0,0,1258,1029,1775,2213
A012760,동아,20180813,1125,1125,1125,1125,2,0,0,1222,1029,1810,2223
A012760,동아,20180810,1590,1590,1590,1590,1,0,0,1185,1016,1845,2229
A012760,동아,20180809,1225,1225,1225,1225,0,0,0,1056,980,1872,2231
A012760,동아,20180808,1225,1225,1225,1225,1,0,0,956,962,1905,2237
A012760,동아,20180807,943,943,943,943,0,0,0,856,944,1938,2242
A012760,동아,20180806,943,943,943,943,0,0,0,873,940,1976,2249
A012760,동아,20180803,943,943,943,943,1,0,0,889,936,2007,2256
A012760,동아,20180802,726,726,726,726,0,0,0,905,931,2038,2264
A012760,동아,20180801,726,726,726,726,1,0,0,965,955,2073,2273
A012760,동아,20180731,1025,1025,1025,1025,0,0,0,1025,978,2107,2282
A012760,동아,20180730,1025,1025,1025,1025,0,0,0,1025,987,2137,2286
A012760,동아,20180727,1025,1025,1025,1025,0,0,0,1025,996,2166,2289
A012760,동아,20180726,1025,1025,1025,1025,0,0,0,1025,1024,2196,2292
A012760,동아,20180725,1025,1025,1025,1025,0,0,0,1025,1051,2226,2295
A012760,동아,20180724,1025,1025,1025,1025,0,0,0,978,1079,2255,2299
A012760,동아,20180723,1025,1025,1025,1025,0,0,0,997,1107,2285,2299
A012760,동아,20180720,1025,1025,1025,1025,4,0,0,965,1168,2314,2302
A012760,동아,20180719,1025,1025,1025,1025,5,0,0,933,1230,2344,2303
A012760,동아,20180718,792,792,792,792,2,0,0,901,1291,2374,2307
A012760,동아,20180717,1120,1120,1120,1120,1,0,0,916,1365,2407,2310
A012760,동아,20180716,865,865,865,865,0,0,0,865,1421,2435,2310
A012760,동아,20180713,865,865,865,865,0,0,0,865,1491,2467,2312
A012760,동아,20180712,865,865,865,865,0,0,0,860,1560,2500,2317
A012760,동아,20180711,865,865,865,865,0,0,0,927,1630,2532,2323
A012760,동아,20180710,865,865,865,865,0,0,0,994,1699,2564,2334
A012760,동아,20180709,865,865,865,865,0,0,0,1061,1769,2596,2344
A012760,동아,20180706,900,900,841,841,44,0,0,1128,1887,2629,2355
A012760,동아,20180705,1200,1200,1200,1200,0,0,0,1276,2006,2661,2366
A012760,동아,20180704,1200,1200,1200,1200,0,0,0,1352,2106,2688,2382
A012760,동아,20180703,1200,1200,1200,1200,7,0,0,1428,2208,2714,2397
A012760,동아,20180702,1200,1200,1200,1200,1,0,0,1504,2308,2741,2413
A012760,동아,20180629,1580,1580,1580,1580,0,0,0,1715,2410,2768,2429
A012760,동아,20180628,1580,1580,1580,1580,0,0,0,1850,2492,2788,2441
A012760,동아,20180627,1580,1580,1580,1580,0,0,0,1985,2574,2808,2454
A012760,동아,20180626,1580,1580,1580,1580,8,0,0,2120,2656,2829,2466
A012760,동아,20180625,2255,2255,2255,2255,0,0,0,2255,2738,2849,2479
A012760,동아,20180622,2255,2255,2255,2255,0,0,0,2255,2786,2858,2486
A012760,동아,20180621,2255,2255,2255,2255,0,0,0,2255,2834,2867,2492
A012760,동아,20180620,2255,2255,2255,2255,0,0,0,2255,2882,2876,2499
A012760,동아,20180619,2255,2255,2255,2255,0,0,0,2255,2930,2886,2506
A012760,동아,20180618,2255,2255,2255,2255,0,0,0,2255,2979,2895,2513
A012760,동아,20180615,2255,2255,2255,2255,0,0,0,2448,3027,2904,2520
A012760,동아,20180614,2255,2255,2255,2255,0,0,0,2641,3075,2913,2527
A012760,동아,20180612,2255,2255,2255,2255,0,0,0,2834,3124,2912,2534
A012760,동아,20180611,2255,2255,2255,2255,6,0,0,3027,3172,2911,2541
A012760,동아,20180608,3220,3220,3220,3220,0,0,0,3220,3220,2909,2548
A012760,동아,20180607,3220,3220,3220,3220,0,0,0,3220,3199,2892,2546
A012760,동아,20180605,3220,3220,3220,3220,0,0,0,3220,3178,2866,2545
A012760,동아,20180604,3220,3220,3220,3220,0,0,0,3220,3157,2840,2544
A012760,동아,20180601,3220,3220,3220,3220,0,0,0,3220,3136,2814,2543
A012760,동아,20180531,3220,3220,3220,3220,0,0,0,3220,3115,2788,2542
A012760,동아,20180530,3220,3220,3220,3220,0,0,0,3220,3094,2762,2540
A012760,동아,20180529,3220,3220,3220,3220,0,0,0,3220,3073,2749,2539
A012760,동아,20180528,3220,3220,3220,3220,0,0,0,3220,3052,2735,2538
A012760,동아,20180525,3220,3220,3220,3220,0,0,0,3220,3031,2721,2537
A012760,동아,20180524,3220,3220,3220,3220,0,0,0,3220,3010,2707,2536
A012760,동아,20180523,3220,3220,3220,3220,0,0,0,3220,2989,2693,2535
A012760,동아,20180521,3220,3220,3220,3220,0,0,0,3220,2968,2679,2534
A012760,동아,20180518,3220,3220,3220,3220,0,0,0,3220,2947,2665,2532
A012760,동아,20180517,3220,3220,3220,3220,0,0,0,3220,2926,2651,2531
A012760,동아,20180516,3220,3220,3220,3220,0,0,0,3220,2905,2637,2530
A012760,동아,20180515,3220,3220,3220,3220,0,0,0,3136,2884,2614,2529
A012760,동아,20180514,3220,3220,3220,3220,0,0,0,3052,2863,2591,2528
A012760,동아,20180511,3220,3220,3220,3220,0,0,0,2968,2842,2568,2526
A012760,동아,20180510,3220,3220,3220,3220,0,0,0,2884,2821,2545,2525
A012760,동아,20180509,3640,3640,2800,2800,2,0,0,2800,2800,2522,2524
A012760,동아,20180508,2800,2800,2800,2800,0,0,0,2800,2800,2506,2526
A012760,동아,20180504,2800,2800,2800,2800,0,0,0,2800,2800,2490,2529
A012760,동아,20180503,2800,2800,2800,2800,0,0,0,2800,2800,2474,2531
A012760,동아,20180502,2800,2800,2800,2800,0,0,0,2800,2800,2458,2534
A012760,동아,20180430,2800,2800,2800,2800,0,0,0,2800,2800,2434,2530
A012760,동아,20180427,2800,2800,2800,2800,0,0,0,2800,2800,2411,2526
A012760,동아,20180426,2800,2800,2800,2800,0,0,0,2800,2800,2388,2523
A012760,동아,20180425,2800,2800,2800,2800,0,0,0,2800,2800,2365,2519
A012760,동아,20180424,2800,2800,2800,2800,0,0,0,2800,2800,2342,2516
A012760,동아,20180423,2800,2800,2800,2800,0,0,0,2800,2800,2314,2512
A012760,동아,20180420,2800,2800,2800,2800,0,0,0,2800,2800,2290,2508
A012760,동아,20180419,2800,2800,2800,2800,0,0,0,2800,2800,2262,2505
A012760,동아,20180418,2800,2800,2800,2800,0,0,0,2800,2800,2240,2501
A012760,동아,20180417,2800,2800,2800,2800,0,0,0,2800,2800,2213,2498
A012760,동아,20180416,2800,2800,2800,2800,0,0,0,2800,2800,2185,2494
A012760,동아,20180413,2800,2800,2800,2800,0,0,0,2800,2801,2156,2490
A012760,동아,20180412,2800,2800,2800,2800,0,0,0,2800,2802,2135,2487
A012760,동아,20180411,2800,2800,2800,2800,0,0,0,2800,2770,2114,2479
A012760,동아,20180410,2800,2800,2800,2800,0,0,0,2800,2739,2103,2471
A012760,동아,20180409,2800,2800,2800,2800,0,0,0,2800,2708,2092,2463
A012760,동아,20180406,2800,2800,2800,2800,0,0,0,2800,2676,2082,2454
A012760,동아,20180405,2800,2800,2800,2800,0,0,0,2800,2620,2071,2446
A012760,동아,20180404,2800,2800,2800,2800,0,0,0,2800,2563,2076,2438
A012760,동아,20180403,2800,2800,2800,2800,0,0,0,2800,2506,2080,2430
A012760,동아,20180402,2800,2800,2800,2800,0,0,0,2800,2450,2085,2422
A012760,동아,20180330,2800,2800,2800,2800,0,0,0,2800,2394,2090,2414
A012760,동아,20180329,2800,2800,2800,2800,0,0,0,2800,2373,2094,2402
A012760,동아,20180328,2800,2800,2800,2800,0,0,0,2800,2352,2099,2391
A012760,동아,20180327,2800,2800,2800,2800,0,0,0,2800,2331,2104,2379
A012760,동아,20180326,2800,2800,2800,2800,0,0,0,2800,2310,2108,2367
A012760,동아,20180323,2800,2800,2800,2800,0,0,0,2804,2290,2113,2356
A012760,동아,20180322,2800,2800,2800,2800,0,0,0,2808,2269,2118,2344
A012760,동아,20180321,2800,2800,2800,2800,0,0,0,2682,2248,2122,2332
A012760,동아,20180320,2800,2800,2800,2800,7,0,0,2556,2228,2127,2321
A012760,동아,20180319,2820,2820,2820,2820,0,0,0,2430,2207,2132,2309
A012760,동아,20180316,2820,2820,2820,2820,1,0,0,2300,2158,2136,2297
A012760,동아,20180315,2170,2170,2170,2170,0,0,0,2070,2108,2140,2286
A012760,동아,20180314,2170,2170,2170,2170,0,0,0,1970,2092,2156,2279
A012760,동아,20180313,2170,2170,2170,2170,0,0,0,1870,2075,2171,2273
A012760,동아,20180312,2170,2170,2170,2170,1,0,0,1770,2058,2186,2266
A012760,동아,20180309,1670,1670,1670,1670,0,0,0,1670,2041,2201,2260
A012760,동아,20180308,1670,1670,1670,1670,0,0,0,1813,2050,2224,2258
A012760,동아,20180307,1670,1670,1670,1670,0,0,0,1956,2058,2248,2256
A012760,동아,20180306,1670,1670,1670,1670,0,0,0,2099,2066,2272,2253
A012760,동아,20180305,1670,1670,1670,1670,1,0,0,2242,2053,2295,2251
A012760,동아,20180302,2385,2385,2385,2385,0,0,0,2385,2040,2318,2249
A012760,동아,20180228,2385,2385,2385,2385,0,0,0,2385,1992,2330,2241
A012760,동아,20180227,2385,2385,2385,2385,0,0,0,2385,1944,2342,2233
A012760,동아,20180226,2385,2385,2385,2385,0,0,0,2385,1895,2353,2225
A012760,동아,20180223,2385,2385,2385,2385,0,0,0,2385,1830,2365,2217
A012760,동아,20180222,2385,2385,2385,2385,0,0,0,2275,1781,2376,2209
A012760,동아,20180221,2385,2385,2385,2385,0,0,0,2165,1716,2388,2202
A012760,동아,20180220,2385,2385,2385,2385,0,0,0,2055,1672,2400,2194
A012760,동아,20180219,2385,2385,2385,2385,1,0,0,1945,1610,2411,2189
A012760,동아,20180214,1835,1835,1835,1835,0,0,0,1835,1549,2423,2181
A012760,동아,20180213,1835,1835,1835,1835,0,0,0,1835,1511,2444,2178
A012760,동아,20180212,1835,1835,1835,1835,0,0,0,1835,1495,2464,2174
A012760,동아,20180209,1835,1835,1835,1835,0,0,0,1835,1479,2485,2168
A012760,동아,20180208,1835,1835,1835,1835,0,0,0,1835,1495,2506,2164
A012760,동아,20180207,1835,1835,1835,1835,0,0,0,1751,1512,2526,2160
A012760,동아,20180206,1835,1835,1835,1835,0,0,0,1667,1528,2547,2155
A012760,동아,20180205,1835,1835,1835,1835,0,0,0,1583,1544,2568,2151
A012760,동아,20180202,1835,1835,1835,1835,1,0,0,1499,1606,2589,2146
A012760,동아,20180201,1415,1415,1415,1415,0,0,0,1415,1668,2610,2142
A012760,동아,20180131,1415,1415,1415,1415,0,0,0,1350,1752,2625,2141
A012760,동아,20180130,1415,1415,1415,1415,0,0,0,1347,1835,2641,2140
A012760,동아,20180129,1415,1415,1415,1415,0,0,0,1280,1918,2657,2139
A012760,동아,20180126,1415,1415,1415,1415,3,0,0,1298,2002,2673,2136
A012760,동아,20180125,1090,1090,1090,1090,0,0,0,1247,2085,2689,2133
A012760,동아,20180124,780,1400,780,1400,4,0,0,1261,2184,2710,2135
A012760,동아,20180123,1080,1080,1080,1080,3,0,0,1195,2268,2727,2139
A012760,동아,20180122,1505,1505,1505,1505,2,0,0,1282,2368,2748,2146
A012760,동아,20180119,1160,1160,1160,1160,0,0,0,1284,2447,2762,2149
A012760,동아,20180118,1160,1160,1160,1160,0,0,0,1484,2543,2783,2151
A012760,동아,20180117,1515,1515,1070,1070,5,0,0,1684,2639,2803,2154
A012760,동아,20180116,1515,1515,1515,1515,0,0,0,1902,2740,2824,2157
A012760,동아,20180115,1515,1515,1515,1515,7,0,0,2031,2818,2839,2156
A012760,동아,20180112,2160,2160,2160,2160,0,0,0,2344,2896,2844,2155
A012760,동아,20180111,2160,2160,2160,2160,0,0,0,2528,2942,2838,2154
A012760,동아,20180110,2160,2160,2160,2160,0,0,0,2712,2988,2833,2152
A012760,동아,20180109,2160,2160,2160,2160,4,0,0,2896,3034,2827,2157
A012760,동아,20180108,3080,3080,3080,3080,0,0,0,3080,3080,2822,2171
A012760,동아,20180105,3080,3080,3080,3080,0,0,0,3080,3080,2801,2177
A012760,동아,20180104,3080,3080,3080,3080,0,0,0,3080,3080,2780,2183
A012760,동아,20180103,3080,3080,3080,3080,0,0,0,3080,3080,2759,2188
A012760,동아,20180102,3080,3080,3080,3080,0,0,0,3080,3080,2738,2194
A012760,동아,20171228,3080,3080,3080,3080,0,0,0,3080,3080,2710,2214
A012760,동아,20171227,3080,3080,3080,3080,0,0,0,3080,3080,2682,2233
A012760,동아,20171226,3080,3080,3080,3080,0,0,0,3080,3080,2654,2271
A012760,동아,20171222,3080,3080,3080,3080,0,0,0,3080,3080,2626,2310
A012760,동아,20171221,3080,3080,3080,3080,0,0,0,3080,3080,2598,2348
A012760,동아,20171220,3080,3080,3080,3080,0,0,0,3080,3080,2570,2386
A012760,동아,20171219,3080,3080,3080,3080,0,0,0,3080,3080,2542,2425
A012760,동아,20171218,3080,3080,3080,3080,0,0,0,3080,3080,2515,2463
A012760,동아,20171215,3080,3080,3080,3080,0,0,0,3080,3080,2487,2502
A012760,동아,20171214,3080,3080,3080,3080,0,0,0,3080,3080,2459,2540
A012760,동아,20171213,3080,3080,3080,3080,0,0,0,3080,3080,2431,2579
A012760,동아,20171212,3080,3080,3080,3080,0,0,0,3080,3080,2403,2617
A012760,동아,20171211,3080,3080,3080,3080,0,0,0,3080,3080,2375,2655
A012760,동아,20171208,3080,3080,3080,3080,0,0,0,3080,3080,2347,2694
A012760,동아,20171207,3080,3080,3080,3080,0,0,0,3080,3080,2319,2732
A012760,동아,20171206,3080,3080,3080,3080,0,0,0,3080,3080,2291,2771
A012760,동아,20171205,3080,3080,3080,3080,0,0,0,3080,3080,2263,2809
A012760,동아,20171204,3080,3080,3080,3080,0,0,0,3080,3080,2235,2847
A012760,동아,20171201,3080,3080,3080,3080,0,0,0,3080,3044,2208,2886
A012760,동아,20171130,3080,3080,3080,3080,0,0,0,3080,3009,2180,2924
A012760,동아,20171129,3080,3080,3080,3080,0,0,0,3080,2974,2152,2963
A012760,동아,20171128,3080,3080,3080,3080,0,0,0,3080,2938,2124,3001
A012760,동아,20171127,3080,3080,3080,3080,0,0,0,3080,2902,2097,3040
A012760,동아,20171124,3080,3080,3080,3080,0,0,0,3080,2867,2070,3078
A012760,동아,20171123,3080,3080,3080,3080,0,0,0,3080,2832,2042,3116
A012760,동아,20171122,3080,3080,3080,3080,0,0,0,3080,2796,2015,3155
A012760,동아,20171121,3080,3080,3080,3080,0,0,0,3080,2760,1988,3193
A012760,동아,20171120,3080,3080,3080,3080,0,0,0,3080,2725,1967,3232
A012760,동아,20171117,3080,3080,3080,3080,0,0,0,3080,2690,1940,3270
A012760,동아,20171116,3080,3080,3080,3080,0,0,0,3080,2654,1912,3308
A012760,동아,20171115,3080,3080,3080,3080,0,0,0,3080,2618,1884,3347
A012760,동아,20171114,3080,3080,3080,3080,0,0,0,3080,2556,1852,3385
A012760,동아,20171113,3080,3080,3080,3080,0,0,0,3080,2493,1822,3424
A012760,동아,20171110,3080,3080,3080,3080,0,0,0,2938,2430,1792,3462
A012760,동아,20171109,3080,3080,3080,3080,0,0,0,2796,2368,1763,3501
A012760,동아,20171108,3080,3080,3080,3080,0,0,0,2654,2305,1734,3539
A012760,동아,20171107,3080,3080,3080,3080,1,0,0,2512,2242,1704,3577
A012760,동아,20171106,2370,2370,2370,2370,0,0,0,2370,2179,1674,3616
A012760,동아,20171103,2370,2370,2370,2370,0,0,0,2370,2152,1657,3660
A012760,동아,20171102,2370,2370,2370,2370,0,0,0,2370,2125,1639,3704
A012760,동아,20171101,2370,2370,2370,2370,0,0,0,2370,2076,1622,3749
A012760,동아,20171031,2370,2370,2370,2370,0,0,0,2370,2028,1599,3793
A012760,동아,20171030,2370,2370,2370,2370,0,0,0,2370,1980,1576,3837
A012760,동아,20171027,2370,2370,2370,2370,0,0,0,2370,1932,1560,3882
A012760,동아,20171026,2370,2370,2370,2370,0,0,0,2370,1884,1552,3926
A012760,동아,20171025,2370,2370,2370,2370,0,0,0,2370,1835,1544,3970
A012760,동아,20171024,2370,2370,2370,2370,0,0,0,2261,1787,1535,4015
A012760,동아,20171023,2370,2370,2370,2370,0,0,0,2152,1739,1520,4059
A012760,동아,20171020,2370,2370,2370,2370,0,0,0,2043,1690,1504,4103
A012760,동아,20171019,2370,2370,2370,2370,1,0,0,1934,1642,1489,4148
A012760,동아,20171018,1825,1825,1825,1825,0,0,0,1825,1594,1474,4192
A012760,동아,20171017,1825,1825,1825,1825,0,0,0,1825,1573,1466,4241
A012760,동아,20171016,1825,1825,1825,1825,0,0,0,1825,1552,1469,4290
A012760,동아,20171013,1825,1825,1825,1825,0,0,0,1825,1531,1472,4339
A012760,동아,20171012,1825,1825,1825,1825,0,0,0,1825,1510,1488,4388
A012760,동아,20171011,1825,1825,1825,1825,0,0,0,1741,1489,1520,4436
A012760,동아,20171010,1825,1825,1825,1825,0,0,0,1657,1468,1553,4485
A012760,동아,20170929,1825,1825,1825,1825,0,0,0,1573,1447,1586,4534
A012760,동아,20170928,1825,1825,1825,1825,1,0,0,1489,1426,1618,4583
A012760,동아,20170927,1405,1405,1405,1405,0,0,0,1405,1405,1651,4632
A012760,동아,20170926,1405,1405,1405,1405,0,0,0,1405,1405,1717,4684
A012760,동아,20170925,1405,1405,1405,1405,0,0,0,1405,1405,1784,4737
A012760,동아,20170922,1405,1405,1405,1405,0,0,0,1405,1408,1888,4789
A012760,동아,20170921,1405,1405,1405,1405,0,0,0,1405,1410,1993,4842
A012760,동아,20170920,1405,1405,1405,1405,0,0,0,1405,1412,2098,4894
A012760,동아,20170919,1405,1405,1405,1405,0,0,0,1405,1415,2202,4946
A012760,동아,20170918,1405,1405,1405,1405,0,0,0,1405,1418,2307,4999
A012760,동아,20170915,1405,1405,1405,1405,0,0,0,1405,1437,2412,5051
A012760,동아,20170914,1405,1405,1405,1405,0,0,0,1405,1438,2517,5103
A012760,동아,20170913,1405,1405,1405,1405,0,0,0,1405,1440,2622,5156
A012760,동아,20170912,1405,1405,1405,1405,0,0,0,1405,1441,2726,5208
A012760,동아,20170911,1405,1405,1405,1405,0,0,0,1405,1426,2831,5260
A012760,동아,20170908,1405,1405,1405,1405,0,0,0,1405,1421,2936,5313
A012760,동아,20170907,1405,1405,1405,1405,0,0,0,1405,1416,3040,5365
A012760,동아,20170906,1405,1405,1405,1405,0,0,0,1405,1412,3145,5418
A012760,동아,20170905,1405,1405,1405,1405,0,0,0,1405,1407,3250,5470
A012760,동아,20170904,1405,1405,1405,1405,0,0,0,1405,1402,3355,5508
A012760,동아,20170901,1405,1405,1405,1405,0,0,0,1415,1397,3460,5545
A012760,동아,20170831,1405,1405,1405,1405,0,0,0,1425,1392,3564,5583
A012760,동아,20170830,1405,1405,1405,1405,0,0,0,1435,1388,3669,5609
A012760,동아,20170829,1405,1405,1405,1405,6,0,0,1445,1383,3774,5635
A012760,동아,20170828,1455,1455,1455,1455,0,0,0,1455,1363,3878,5662
A012760,동아,20170825,1455,1455,1455,1455,0,0,0,1524,1341,3982,5687
A012760,동아,20170824,1455,1455,1455,1455,0,0,0,1519,1338,4086,5705
A012760,동아,20170823,1455,1455,1455,1455,6,0,0,1514,1359,4190,5722
A012760,동아,20170822,1455,1455,1455,1455,0,0,0,1509,1380,4294,5739
A012760,동아,20170821,1110,1800,1110,1800,2,0,0,1438,1401,4398,5756
A012760,동아,20170818,1430,1430,1430,1430,0,0,0,1340,1384,4496,5770
A012760,동아,20170817,1430,1430,1430,1430,0,0,0,1316,1384,4601,5790
A012760,동아,20170816,1430,1430,1430,1430,1,0,0,1292,1385,4705,5811
A012760,동아,20170814,1100,1100,1100,1100,9,0,0,1268,1386,4809,5832
A012760,동아,20170811,1310,1310,1310,1310,0,0,0,1310,1400,4919,5855
A012760,동아,20170810,1310,1310,1310,1310,2,0,0,1310,1434,5025,5876
A012760,동아,20170809,1310,1310,1310,1310,0,0,0,1310,1467,5132,5898
A012760,동아,20170808,1310,1310,1310,1310,0,0,0,1310,1542,5238,5912
A012760,동아,20170807,1310,1310,1310,1310,0,0,0,1310,1665,5344,5926
A012760,동아,20170804,1310,1310,1310,1310,0,0,0,1250,1789,5451,5940
A012760,동아,20170803,1310,1310,1310,1310,0,0,0,1190,1912,5557,5954
A012760,동아,20170802,1310,1310,1310,1310,0,0,0,1208,2036,5663,5954
A012760,동아,20170801,1310,1310,1310,1310,1,0,0,1321,2159,5770,5958
A012760,동아,20170731,1010,1010,1010,1010,0,0,0,1434,2363,5876,5963
A012760,동아,20170728,1010,1010,1010,1010,6,0,0,1607,2582,5987,5970
A012760,동아,20170727,1400,1400,1400,1400,20,0,0,1694,2916,6099,5977
A012760,동아,20170726,1875,1875,1875,1875,0,0,0,1703,3231,6204,5981
A012760,동아,20170725,1875,1875,1875,1875,7,0,0,1617,3522,6300,5980
A012760,동아,20170724,1875,1875,1875,1875,4,0,0,1531,3812,6397,5980
A012760,동아,20170721,1445,1445,1445,1445,0,0,0,1434,4103,6494,5980
A012760,동아,20170720,1445,1445,1445,1445,0,0,0,1541,4415,6598,5990
A012760,동아,20170719,1445,1445,1445,1445,0,0,0,1648,4728,6702,6000
A012760,동아,20170718,1445,1445,1445,1445,0,0,0,1919,5040,6807,6010
A012760,동아,20170717,1450,1450,1390,1390,30,0,0,2386,5352,6911,6020
A012760,동아,20170714,1980,1980,1980,1980,0,0,0,2864,5667,7016,6030
A012760,동아,20170713,1980,1980,1980,1980,1,0,0,3224,5952,7111,6036
A012760,동아,20170712,2800,2800,2800,2800,2,0,0,3584,6238,7206,6041
A012760,동아,20170711,3780,3780,3780,3780,0,0,0,3780,6482,7288,6043
A012760,동아,20170710,3780,3780,3780,3780,0,0,0,4102,6678,7353,6042
A012760,동아,20170707,3780,3780,3780,3780,0,0,0,4424,6874,7418,6041
A012760,동아,20170706,3780,3780,3780,3780,0,0,0,5206,7069,7483,6041
A012760,동아,20170705,3780,3780,3780,3780,5,0,0,5988,7264,7548,6040
A012760,동아,20170704,5390,5390,5390,5390,0,0,0,6770,7460,7613,6039
A012760,동아,20170703,5390,5390,5390,5390,1,0,0,7230,7575,7652,6038
A012760,동아,20170630,7690,7690,7690,7690,0,0,0,7690,7690,7690,6037
A012760,동아,20170629,7690,7690,7690,7690,0,0,0,7690,7690,7690,6017
A012760,동아,20170628,7690,7690,7690,7690,0,0,0,7690,7690,7690,5997
A012760,동아,20170627,7690,7690,7690,7690,0,0,0,7690,7690,7690,5977
A012760,동아,20170626,7690,7690,7690,7690,0,0,0,7690,7690,7690,5957
A012760,동아,20170623,7690,7690,7690,7690,1,0,0,7690,7690,7690,5936
A012760,동아,20170622,7690,7690,7690,7690,0,0,0,7690,7690,7690,5906
A012760,동아,20170621,7690,7690,7690,7690,0,0,0,7690,7690,7690,5876
A012760,동아,20170620,7690,7690,7690,7690,0,0,0,7690,7690,7690,5846
A012760,동아,20170619,7690,7690,7690,7690,0,0,0,7690,7690,7690,5815
A012760,동아,20170616,7690,7690,7690,7690,0,0,0,7690,7690,7690,5785
A012760,동아,20170615,7690,7690,7690,7690,0,0,0,7690,7690,7690,5755
A012760,동아,20170614,7690,7690,7690,7690,0,0,0,7690,7690,7690,5725
A012760,동아,20170613,7690,7690,7690,7690,0,0,0,7690,7690,7690,5687
A012760,동아,20170612,7690,7690,7690,7690,0,0,0,7690,7690,7690,5660
A012760,동아,20170609,7690,7690,7690,7690,0,0,0,7690,7690,7660,5633
A012760,동아,20170608,7690,7690,7690,7690,0,0,0,7690,7690,7631,5606
A012760,동아,20170607,7690,7690,7690,7690,0,0,0,7690,7690,7602,5579
A012760,동아,20170605,7690,7690,7690,7690,0,0,0,7690,7690,7549,5552
A012760,동아,20170602,7690,7690,7690,7690,0,0,0,7690,7690,7497,5525
A012760,동아,20170601,7690,7690,7690,7690,0,0,0,7690,7690,7445,5514
A012760,동아,20170531,7690,7690,7690,7690,0,0,0,7690,7690,7392,5503
A012760,동아,20170530,7690,7690,7690,7690,0,0,0,7690,7690,7323,5492
A012760,동아,20170529,7690,7690,7690,7690,0,0,0,7690,7690,7253,5481
A012760,동아,20170526,7690,7690,7690,7690,0,0,0,7690,7690,7183,5470
A012760,동아,20170525,7690,7690,7690,7690,0,0,0,7690,7690,7114,5459
A012760,동아,20170524,7690,7690,7690,7690,0,0,0,7690,7690,7044,5448
A012760,동아,20170523,7690,7690,7690,7690,0,0,0,7690,7690,6980,5437
A012760,동아,20170522,7690,7690,7690,7690,0,0,0,7690,7690,6917,5426
A012760,동아,20170519,7690,7690,7690,7690,0,0,0,7690,7690,6854,5415
A012760,동아,20170518,7690,7690,7690,7690,0,0,0,7690,7690,6790,5404
A012760,동아,20170517,7690,7690,7690,7690,0,0,0,7690,7690,6727,5393
A012760,동아,20170516,7690,7690,7690,7690,0,0,0,7690,7690,6664,5382
A012760,동아,20170515,7690,7690,7690,7690,0,0,0,7690,7690,6586,5371
A012760,동아,20170512,7690,7690,7690,7690,0,0,0,7690,7690,6507,5360
A012760,동아,20170511,7690,7690,7690,7690,0,0,0,7690,7690,6429,5337
A012760,동아,20170510,7690,7690,7690,7690,0,0,0,7690,7690,6351,5314
A012760,동아,20170508,7690,7690,7690,7690,0,0,0,7690,7690,6244,5290
A012760,동아,20170504,7690,7690,7690,7690,0,0,0,7690,7690,6147,5267
A012760,동아,20170502,7690,7690,7690,7690,0,0,0,7690,7690,6050,5244
A012760,동아,20170428,7690,7690,7690,7690,0,0,0,7690,7690,5952,5221
A012760,동아,20170427,7690,7690,7690,7690,0,0,0,7690,7690,5855,5197
A012760,동아,20170426,7690,7690,7690,7690,0,0,0,7690,7690,5758,5165
A012760,동아,20170425,7690,7690,7690,7690,0,0,0,7690,7690,5660,5132
A012760,동아,20170424,7690,7690,7690,7690,0,0,0,7690,7690,5563,5099
A012760,동아,20170421,7690,7690,7690,7690,0,0,0,7690,7690,5466,5067
A012760,동아,20170420,7690,7690,7690,7690,0,0,0,7690,7690,5382,5034
A012760,동아,20170419,7690,7690,7690,7690,0,0,0,7690,7690,5297,5001
A012760,동아,20170418,7690,7690,7690,7690,0,0,0,7690,7690,5213,4969
A012760,동아,20170417,7690,7690,7690,7690,0,0,0,7690,7690,5129,4936
A012760,동아,20170414,7690,7690,7690,7690,0,0,0,7690,7690,5045,4903
A012760,동아,20170413,7690,7690,7690,7690,0,0,0,7690,7690,4961,4864
A012760,동아,20170412,7690,7690,7690,7690,0,0,0,7690,7690,4877,4824
A012760,동아,20170411,7690,7690,7690,7690,0,0,0,7690,7690,4798,4784
A012760,동아,20170410,7690,7690,7690,7690,0,0,0,7690,7690,4732,4744
A012760,동아,20170407,7690,7690,7690,7690,0,0,0,7690,7602,4665,4704
A012760,동아,20170406,7690,7690,7690,7690,0,0,0,7690,7513,4598,4664
A012760,동아,20170405,7690,7690,7690,7690,0,0,0,7690,7424,4532,4624
A012760,동아,20170404,7690,7690,7690,7690,0,0,0,7690,7268,4465,4585
A012760,동아,20170403,7690,7690,7690,7690,0,0,0,7690,7111,4425,4545
A012760,동아,20170331,7690,7690,7690,7690,0,0,0,7690,6954,4384,4505
A012760,동아,20170330,7690,7690,7690,7690,0,0,0,7690,6798,4344,4465
A012760,동아,20170329,7690,7690,7690,7690,0,0,0,7690,6588,4304,4425
A012760,동아,20170328,7690,7690,7690,7690,0,0,0,7690,6379,4263,4386
A012760,동아,20170327,7690,7690,7690,7690,0,0,0,7690,6170,4223,4346
A012760,동아,20170324,7690,7690,7690,7690,0,0,0,7690,5960,4183,4306
A012760,동아,20170323,7690,7690,7690,7690,0,0,0,7690,5751,4122,4266
A012760,동아,20170322,7690,7690,7690,7690,0,0,0,7690,5561,4062,4226
A012760,동아,20170321,7690,7690,7690,7690,0,0,0,7690,5371,4001,4186
A012760,동아,20170320,7690,7690,7690,7690,0,0,0,7690,5181,3941,4146
A012760,동아,20170317,7690,7690,7690,7690,0,0,0,7336,4991,3880,4107
A012760,동아,20170316,7690,7690,7690,7690,0,0,0,6982,4801,3820,4067
A012760,동아,20170315,7690,7690,7690,7690,0,0,0,6628,4611,3759,4027
A012760,동아,20170314,7690,7690,7690,7690,88,0,0,6001,4376,3683,3987
A012760,동아,20170313,5920,5920,5920,5920,0,0,0,5374,4142,3629,3947
A012760,동아,20170310,5920,5920,5920,5920,0,0,0,5101,3996,3605,3922
A012760,동아,20170309,5920,5920,5920,5920,54,0,0,4828,3849,3581,3897
A012760,동아,20170308,4555,4555,4555,4555,0,0,0,4345,3619,3556,3872
A012760,동아,20170307,4555,4555,4555,4555,0,0,0,4135,3484,3555,3858
A012760,동아,20170306,4555,4555,4555,4555,0,0,0,3925,3348,3553,3845
A012760,동아,20170303,4555,4555,4555,4555,39,0,0,3715,3213,3583,3831
A012760,동아,20170302,3505,3505,3505,3505,0,0,0,3505,3078,3614,3817
A012760,동아,20170228,3505,3505,3505,3505,0,0,0,3582,2995,3661,3812
A012760,동아,20170227,3505,3505,3505,3505,0,0,0,3659,2912,3709,3807
A012760,동아,20170224,3505,3505,3505,3505,0,0,0,3736,2830,3757,3802
A012760,동아,20170223,3505,3505,3505,3505,0,0,0,3813,2747,3805,3797
A012760,동아,20170222,2725,3890,2725,3890,3,0,0,3890,2704,3852,3792
A012760,동아,20170221,3890,3890,3890,3890,0,0,0,3890,2641,3894,3784
A012760,동아,20170220,3890,3890,3890,3890,20,0,0,3711,2578,3935,3776
A012760,동아,20170217,3890,3890,3890,3890,0,0,0,3532,2516,3976,3768
A012760,동아,20170216,3890,3890,3890,3890,0,0,0,3353,2454,4018,3760
A012760,동아,20170215,3890,3890,3890,3890,20,0,0,3174,2391,4059,3752
A012760,동아,20170214,2995,2995,2995,2995,0,0,0,2658,2328,4100,3743
A012760,동아,20170213,2995,2995,2995,2995,0,0,0,2429,2329,4157,3743
A012760,동아,20170210,2995,2995,2995,2995,0,0,0,2200,2364,4213,3742
A012760,동아,20170209,2995,2995,2995,2995,1,0,0,1971,2398,4245,3741
A012760,동아,20170208,2405,2405,1310,1310,22,0,0,1742,2433,4276,3735
A012760,동아,20170207,1850,1850,1850,1850,0,0,0,1850,2552,4336,3743
A012760,동아,20170206,1850,1850,1850,1850,0,0,0,1850,2644,4387,3746
A012760,동아,20170203,1850,1850,1850,1850,5,0,0,1850,2815,4438,3749
A012760,동아,20170202,1850,1850,1850,1850,0,0,0,1850,2986,4489,3753
A012760,동아,20170201,1850,1850,1850,1850,0,0,0,2008,3157,4540,3756
A012760,동아,20170131,1850,1850,1850,1850,0,0,0,2166,3328,4572,3759
A012760,동아,20170126,1850,1850,1850,1850,0,0,0,2324,3499,4604,3762
A012760,동아,20170125,1850,1850,1850,1850,2,0,0,2482,3670,4636,3766
A012760,동아,20170124,2640,2640,2640,2640,0,0,0,2640,3841,4668,3769
A012760,동아,20170123,2640,2640,2640,2640,0,0,0,2640,3912,4686,3765
A012760,동아,20170120,2640,2640,2640,2640,0,0,0,2640,3983,4705,3762
A012760,동아,20170119,2640,2640,2640,2640,0,0,0,2712,4054,4724,3759
A012760,동아,20170118,2640,2640,2640,2640,0,0,0,2922,4125,4743,3755
A012760,동아,20170117,2640,2640,2640,2640,0,0,0,3132,4196,4762,3752
A012760,동아,20170116,2640,2640,2640,2640,0,0,0,3342,4267,4766,3749
A012760,동아,20170113,2585,3000,2585,3000,8,0,0,3552,4338,4771,3745
A012760,동아,20170112,3690,3690,3690,3690,0,0,0,3690,4344,4769,3739
A012760,동아,20170111,3690,3690,3690,3690,0,0,0,4006,4383,4756,3727
A012760,동아,20170110,3690,3690,3690,3690,1,0,0,4322,4421,4743,3715
A012760,동아,20170109,3690,3690,3690,3690,0,0,0,4638,4460,4730,3703
A012760,동아,20170106,3690,3690,3690,3690,2,0,0,4954,4498,4717,3691
A012760,동아,20170105,5270,5270,5270,5270,0,0,0,5270,4537,4704,3679
A012760,동아,20170104,5270,5270,5270,5270,0,0,0,5270,4496,4665,3653
A012760,동아,20170103,5270,5270,5270,5270,0,0,0,5270,4551,4626,3628
A012760,동아,20170102,5270,5270,5270,5270,0,0,0,5028,4606,4586,3603
A012760,동아,20161229,5270,5270,5270,5270,0,0,0,4786,4661,4547,3578
A012760,동아,20161228,5270,5270,5270,5270,0,0,0,4544,4716,4508,3552
A012760,동아,20161227,5270,5270,5270,5270,1,0,0,4302,4771,4468,3527
A012760,동아,20161226,4060,4060,4060,4060,0,0,0,4060,4826,4429,3502
A012760,동아,20161223,4060,4060,4060,4060,0,0,0,4060,4942,4410,3487
A012760,동아,20161222,4060,4060,4060,4060,0,0,0,4060,5057,4391,3472
A012760,동아,20161221,4060,4060,4060,4060,0,0,0,3873,5173,4371,3456
A012760,동아,20161220,4060,4060,4060,4060,0,0,0,3953,5288,4352,3441
A012760,동아,20161219,4060,4060,4060,4060,0,0,0,4033,5404,4333,3426
A012760,동아,20161216,4060,4060,4060,4060,1,0,0,4113,5519,4314,3411
A012760,동아,20161215,3125,3125,3125,3125,4,0,0,4193,5635,4295,3396
A012760,동아,20161214,4460,4460,4460,4460,0,0,0,4460,5797,4291,3388
A012760,동아,20161213,4460,4460,4460,4460,0,0,0,4460,5892,4265,3370
A012760,동아,20161212,4460,4460,4460,4460,0,0,0,4842,5914,4240,3351
A012760,동아,20161209,4460,4460,4460,4460,0,0,0,5224,5936,4214,3333
A012760,동아,20161208,4460,4460,4460,4460,0,0,0,5606,5958,4188,3314
A012760,동아,20161207,4460,4460,4460,4460,4,0,0,5988,5980,4162,3296
A012760,동아,20161206,6370,6370,6370,6370,0,0,0,6370,6002,4136,3277
A012760,동아,20161205,6370,6370,6370,6370,0,0,0,6370,5929,4078,3243
A012760,동아,20161202,6370,6370,6370,6370,0,0,0,6370,5856,4021,3209
A012760,동아,20161201,6370,6370,6370,6370,0,0,0,6370,5726,3963,3174
A012760,동아,20161130,6370,6370,6370,6370,0,0,0,6370,5596,3906,3140
A012760,동아,20161129,6370,6370,6370,6370,0,0,0,6370,5466,3848,3105
A012760,동아,20161128,6370,6370,6370,6370,0,0,0,6370,5336,3790,3071
A012760,동아,20161125,6370,6370,6370,6370,0,0,0,6370,5206,3732,3036
A012760,동아,20161124,6370,6370,6370,6370,0,0,0,6370,5076,3675,3002
A012760,동아,20161123,6370,6370,6370,6370,0,0,0,6370,4946,3617,2968
A012760,동아,20161122,6370,6370,6370,6370,0,0,0,6370,4816,3560,2933
A012760,동아,20161121,6370,6370,6370,6370,0,0,0,6076,4686,3502,2899
A012760,동아,20161118,6370,6370,6370,6370,0,0,0,5782,4512,3444,2864
A012760,동아,20161117,6370,6370,6370,6370,0,0,0,5488,4340,3386,2830
A012760,동아,20161116,6370,6370,6370,6370,1,0,0,5194,4166,3329,2796
A012760,동아,20161115,4900,4900,4900,4900,0,0,0,4900,3994,3271,2769
A012760,동아,20161114,4900,4900,4900,4900,0,0,0,4900,3894,3238,2755
A012760,동아,20161111,4900,4900,4900,4900,0,0,0,4900,3794,3194,2741
A012760,동아,20161110,4900,4900,4900,4900,0,0,0,4674,3695,3149,2727
A012760,동아,20161109,4900,4900,4900,4900,0,0,0,4448,3596,3105,2712
A012760,동아,20161108,4900,4900,4900,4900,0,0,0,4222,3496,3061,2698
A012760,동아,20161107,4900,4900,4900,4900,1,0,0,3996,3396,3016,2684
A012760,동아,20161104,3770,3770,3770,3770,0,0,0,3770,3297,2972,2670
A012760,동아,20161103,3770,3770,3770,3770,0,0,0,3770,3254,2946,2665
A012760,동아,20161102,3770,3770,3770,3770,0,0,0,3770,3211,2921,2660
A012760,동아,20161101,3770,3770,3770,3770,0,0,0,3770,3168,2896,2650
A012760,동아,20161031,3770,3770,3770,3770,0,0,0,3770,3125,2870,2640
A012760,동아,20161028,3770,3770,3770,3770,0,0,0,3598,3082,2844,2630
A012760,동아,20161027,3770,3770,3770,3770,0,0,0,3426,3039,2819,2620
A012760,동아,20161026,3770,3770,3770,3770,0,0,0,3254,2996,2794,2609
A012760,동아,20161025,3770,3770,3770,3770,2,0,0,3082,2953,2768,2599
A012760,동아,20161024,2910,2910,2910,2910,0,0,0,2910,2910,2742,2589
A012760,동아,20161021,2910,2910,2910,2910,0,0,0,2910,2910,2731,2586
A012760,동아,20161020,2910,2910,2910,2910,0,0,0,2910,2910,2720,2579
A012760,동아,20161019,2910,2910,2910,2910,0,0,0,2910,2910,2709,2571
A012760,동아,20161018,2910,2910,2910,2910,0,0,0,2910,2910,2698,2563
A012760,동아,20161017,2910,2910,2910,2910,0,0,0,2910,2910,2687,2555
A012760,동아,20161014,2910,2910,2910,2910,0,0,0,2910,2910,2676,2548
A012760,동아,20161013,2910,2910,2910,2910,0,0,0,2910,2910,2664,2540
A012760,동아,20161012,2910,2910,2910,2910,0,0,0,2910,2910,2653,2532
A012760,동아,20161011,2910,2910,2910,2910,0,0,0,2910,2910,2642,2517
A012760,동아,20161010,2910,2910,2910,2910,0,0,0,2910,2910,2631,2505
A012760,동아,20161007,2910,2910,2910,2910,0,0,0,2910,2910,2620,2494
A012760,동아,20161006,2910,2910,2910,2910,0,0,0,2910,2910,2608,2482
A012760,동아,20161005,2910,2910,2910,2910,0,0,0,2910,2910,2597,2467
A012760,동아,20161004,2910,2910,2910,2910,0,0,0,2910,2910,2586,2450
A012760,동아,20160930,2910,2910,2910,2910,0,0,0,2910,2910,2575,2431
A012760,동아,20160929,2910,2910,2910,2910,0,0,0,2910,2910,2564,2411
A012760,동아,20160928,2910,2910,2910,2910,0,0,0,2910,2910,2553,2390
A012760,동아,20160927,2910,2910,2910,2910,0,0,0,2910,2910,2542,2368
A012760,동아,20160926,2910,2910,2910,2910,0,0,0,2910,2910,2530,2346
A012760,동아,20160923,2910,2910,2910,2910,0,0,0,2910,2910,2519,2325
A012760,동아,20160922,2910,2910,2910,2910,0,0,0,2910,2910,2508,2304
A012760,동아,20160921,2910,2910,2910,2910,0,0,0,2910,2910,2497,2284
A012760,동아,20160920,2910,2910,2910,2910,0,0,0,2910,2910,2486,2264
A012760,동아,20160919,2910,2910,2910,2910,0,0,0,2910,2910,2474,2244
A012760,동아,20160913,2910,2910,2910,2910,0,0,0,2910,2910,2463,2224
A012760,동아,20160912,2910,2910,2910,2910,0,0,0,2910,2876,2452,2204
A012760,동아,20160909,2910,2910,2910,2910,0,0,0,2910,2843,2441,2184
A012760,동아,20160908,2910,2910,2910,2910,0,0,0,2910,2810,2430,2164
A012760,동아,20160907,2910,2910,2910,2910,0,0,0,2910,2776,2419,2143
A012760,동아,20160906,2910,2910,2910,2910,0,0,0,2910,2742,2408,2121
A012760,동아,20160905,2910,2910,2910,2910,0,0,0,2910,2709,2396,2101
A012760,동아,20160902,2910,2910,2910,2910,0,0,0,2910,2676,2385,2079
A012760,동아,20160901,2910,2910,2910,2910,0,0,0,2910,2642,2374,2057
A012760,동아,20160831,2910,2910,2910,2910,0,0,0,2910,2608,2363,2036
A012760,동아,20160830,2910,2910,2910,2910,0,0,0,2910,2575,2352,2014
A012760,동아,20160829,2910,2910,2910,2910,0,0,0,2910,2542,2340,1993
A012760,동아,20160826,2910,2910,2910,2910,0,0,0,2910,2508,2329,1972
A012760,동아,20160825,2910,2910,2910,2910,0,0,0,2910,2474,2318,1952
A012760,동아,20160824,2910,2910,2910,2910,0,0,0,2910,2441,2307,1931
A012760,동아,20160823,2910,2910,2910,2910,0,0,0,2910,2408,2296,1911
A012760,동아,20160822,2910,2910,2910,2910,0,0,0,2776,2374,2285,1892
A012760,동아,20160819,2910,2910,2910,2910,0,0,0,2642,2340,2274,1873
A012760,동아,20160818,2910,2910,2910,2910,0,0,0,2508,2307,2262,1854
A012760,동아,20160817,2910,2910,2910,2910,1,0,0,2374,2274,2267,1835
A012760,동아,20160816,2240,2240,2240,2240,0,0,0,2240,2240,2272,1817
A012760,동아,20160812,2240,2240,2240,2240,0,0,0,2240,2240,2288,1803
A012760,동아,20160811,2240,2240,2240,2240,0,0,0,2240,2240,2304,1790
A012760,동아,20160810,2240,2240,2240,2240,0,0,0,2240,2240,2320,1777
A012760,동아,20160809,2240,2240,2240,2240,0,0,0,2240,2240,2336,1762
A012760,동아,20160808,2240,2240,2240,2240,0,0,0,2240,2240,2352,1748
A012760,동아,20160805,2240,2240,2240,2240,0,0,0,2240,2240,2368,1733
A012760,동아,20160804,2240,2240,2240,2240,0,0,0,2240,2240,2384,1720
A012760,동아,20160803,2240,2240,2240,2240,0,0,0,2240,2240,2400,1706
A012760,동아,20160802,2240,2240,2240,2240,0,0,0,2240,2240,2405,1692
A012760,동아,20160801,2240,2240,2240,2240,0,0,0,2240,2240,2410,1679
A012760,동아,20160729,2240,2240,2240,2240,0,0,0,2240,2240,2415,1665
A012760,동아,20160728,2240,2240,2240,2240,0,0,0,2240,2240,2420,1651
A012760,동아,20160727,2240,2240,2240,2240,0,0,0,2240,2240,2425,1638
A012760,동아,20160726,2240,2240,2240,2240,0,0,0,2240,2240,2431,1624
A012760,동아,20160725,2240,2240,2240,2240,0,0,0,2240,2240,2436,1610
A012760,동아,20160722,2240,2240,2240,2240,0,0,0,2240,2240,2442,1597
A012760,동아,20160721,2240,2240,2240,2240,0,0,0,2240,2240,2437,1583
A012760,동아,20160720,2240,2240,2240,2240,0,0,0,2240,2240,2433,1569
A012760,동아,20160719,2240,2240,2240,2240,0,0,0,2240,2240,2428,1556
A012760,동아,20160718,2240,2240,2240,2240,0,0,0,2240,2240,2424,1542
A012760,동아,20160715,2240,2240,2240,2240,0,0,0,2240,2240,2420,1528
A012760,동아,20160714,2240,2240,2240,2240,0,0,0,2240,2240,2415,1515
A012760,동아,20160713,2240,2240,2240,2240,0,0,0,2240,2240,2411,1501
A012760,동아,20160712,2240,2240,2240,2240,0,0,0,2240,2240,2391,1487
A012760,동아,20160711,2240,2240,2240,2240,0,0,0,2240,2240,2379,1474
A012760,동아,20160708,2240,2240,2240,2240,0,0,0,2240,2240,2368,1460
A012760,동아,20160707,2240,2240,2240,2240,0,0,0,2240,2240,2355,1446
A012760,동아,20160706,2240,2240,2240,2240,0,0,0,2240,2240,2336,1433
A012760,동아,20160705,2240,2240,2240,2240,0,0,0,2240,2240,2313,1419
A012760,동아,20160704,2240,2240,2240,2240,0,0,0,2240,2240,2287,1406
A012760,동아,20160701,2240,2240,2240,2240,0,0,0,2240,2240,2258,1392
A012760,동아,20160630,2240,2240,2240,2240,0,0,0,2240,2240,2227,1378
A012760,동아,20160629,2240,2240,2240,2240,0,0,0,2240,2240,2195,1365
A012760,동아,20160628,2240,2240,2240,2240,0,0,0,2240,2240,2162,1351
A012760,동아,20160627,2240,2240,2240,2240,0,0,0,2240,2240,2131,1337
A012760,동아,20160624,2240,2240,2240,2240,0,0,0,2240,2240,2100,1324
A012760,동아,20160623,2240,2240,2240,2240,0,0,0,2240,2240,2071,1310
A012760,동아,20160622,2240,2240,2240,2240,0,0,0,2240,2240,2043,1296
A012760,동아,20160621,2240,2240,2240,2240,0,0,0,2240,2288,2014,1283
A012760,동아,20160620,2240,2240,2240,2240,0,0,0,2240,2336,1985,1269
A012760,동아,20160617,2240,2240,2240,2240,0,0,0,2240,2384,1957,1255
A012760,동아,20160616,2240,2240,2240,2240,0,0,0,2240,2432,1928,1242
A012760,동아,20160615,2240,2240,2240,2240,0,0,0,2240,2480,1897,1228
A012760,동아,20160614,2240,2240,2240,2240,0,0,0,2240,2528,1867,1214
A012760,동아,20160613,2240,2240,2240,2240,0,0,0,2240,2576,1835,1201
A012760,동아,20160610,2240,2240,2240,2240,0,0,0,2240,2624,1805,1187
A012760,동아,20160609,2240,2240,2240,2240,0,0,0,2240,2672,1773,1173
A012760,동아,20160608,2240,2240,2240,2240,0,0,0,2240,2720,1741,1160
A012760,동아,20160607,2240,2240,2240,2240,0,0,0,2240,2735,1709,1146
A012760,동아,20160603,2240,2240,2240,2240,0,0,0,2240,2750,1677,1132
A012760,동아,20160602,2240,2240,2240,2240,0,0,0,2240,2765,1645,1119
A012760,동아,20160601,2240,2240,2240,2240,0,0,0,2240,2780,1615,1105
A012760,동아,20160531,2240,2240,2240,2240,0,0,0,2240,2796,1585,1091
A012760,동아,20160530,2240,2240,2240,2240,0,0,0,2432,2812,1555,1078
A012760,동아,20160527,2240,2240,2240,2240,0,0,0,2624,2829,1526,1064
A012760,동아,20160526,2240,2240,2240,2240,0,0,0,2816,2845,1499,1050
A012760,동아,20160525,2240,2240,2240,2240,2,0,0,3008,2832,1473,1037
A012760,동아,20160524,3200,3200,3200,3200,0,0,0,3200,2818,1446,1023
A012760,동아,20160523,3200,3200,3200,3200,0,0,0,3200,2757,1404,1001
A012760,동아,20160520,3200,3200,3200,3200,0,0,0,3200,2696,1361,980
A012760,동아,20160519,3200,3200,3200,3200,0,0,0,3200,2635,1319,958
A012760,동아,20160518,3200,3200,3200,3200,0,0,0,3200,2574,1276,936
A012760,동아,20160517,3200,3200,3200,3200,0,0,0,3200,2512,1234,915
A012760,동아,20160516,3200,3200,3200,3200,0,0,0,3068,2406,1189,893
A012760,동아,20160513,3200,3200,3200,3200,0,0,0,2936,2322,1144,871
A012760,동아,20160512,3200,3200,3200,3200,0,0,0,2804,2241,1099,850
A012760,동아,20160511,3200,3200,3200,3200,1,0,0,2672,2153,1055,828
A012760,동아,20160510,2540,2540,2540,2540,0,0,0,2545,2048,1012,806
A012760,동아,20160509,2540,2540,2540,2540,5,0,0,2550,1964,980,790
A012760,동아,20160504,2540,2540,2540,2540,0,0,0,2555,1870,947,774
A012760,동아,20160503,2540,2540,2540,2540,0,0,0,2560,1769,915,758
A012760,동아,20160502,2530,2565,2530,2565,75,0,0,2447,1661,883,742
A012760,동아,20160429,2565,2565,2565,2565,1,0,0,2329,1548,850,725
A012760,동아,20160428,2565,2565,2565,2565,0,0,0,2211,1435,817,709
A012760,동아,20160427,2565,2565,2565,2565,17,0,0,2093,1325,784,693
A012760,동아,20160426,1975,1975,1975,1975,3,0,0,1975,1215,752,676
A012760,동아,20160425,1975,1975,1975,1975,0,0,0,1975,1142,729,665
A012760,동아,20160422,1975,1975,1975,1975,15,0,0,1975,1069,706,653
A012760,동아,20160421,1975,1975,1975,1975,0,0,0,1793,996,683,642
A012760,동아,20160420,1975,1975,1975,1975,0,0,0,1702,924,660,631
A012760,동아,20160419,1975,1975,1975,1975,0,0,0,1624,851,637,619
A012760,동아,20160418,1975,1975,1975,1975,1,0,0,1517,778,614,608
A012760,동아,20160415,1975,1975,1065,1065,2,0,0,1344,699,591,596
A012760,동아,20160414,1520,1520,1520,1520,1,0,0,1303,666,584,592
A012760,동아,20160412,855,1585,855,1585,7,0,0,1131,608,568,585
A012760,동아,20160411,780,1440,780,1440,3,0,0,915,549,552,577
A012760,동아,20160408,1115,1115,1110,1110,12,0,0,705,493,538,570
A012760,동아,20160407,858,858,858,858,1,0,0,544,454,530,565
A012760,동아,20160406,660,660,660,660,1,0,0,432,427,525,563
A012760,동아,20160405,508,508,508,508,1,0,0,373,410,524,563
A012760,동아,20160404,391,391,391,391,1,0,0,344,400,526,563
A012760,동아,20160401,301,301,301,301,0,0,0,370,403,529,565
A012760,동아,20160331,301,301,301,301,2,0,0,414,411,534,568
A012760,동아,20160330,364,364,364,364,0,0,0,458,419,539,570
A012760,동아,20160329,364,364,364,364,4,0,0,489,423,543,572
A012760,동아,20160328,520,520,520,520,0,0,0,520,438,547,574
A012760,동아,20160325,520,520,520,520,0,0,0,520,444,549,575
A012760,동아,20160324,520,520,520,520,0,0,0,496,451,550,575
A012760,동아,20160323,520,520,520,520,0,0,0,472,457,551,576
A012760,동아,20160322,520,520,520,520,0,0,0,439,464,553,577
A012760,동아,20160321,520,520,520,520,7,0,0,418,470,554,577
A012760,동아,20160318,400,400,400,400,0,0,0,378,477,555,578
A012760,동아,20160317,400,400,400,400,0,0,0,361,489,559,580
A012760,동아,20160316,538,538,355,355,4,0,0,345,494,562,582
A012760,동아,20160315,414,414,414,414,1,0,0,338,501,566,584
A012760,동아,20160314,319,319,319,319,333,0,0,319,506,569,585
A012760,동아,20160311,319,319,319,319,0,0,0,346,520,574,587
A012760,동아,20160310,319,319,319,319,0,0,0,373,534,579,590
A012760,동아,20160309,319,319,319,319,0,0,0,401,548,583,592
A012760,동아,20160308,319,319,319,319,13,0,0,428,562,588,595
A012760,동아,20160307,455,455,455,455,0,0,0,494,576,593,597
A012760,동아,20160304,455,455,455,455,0,0,0,533,584,595,598
A012760,동아,20160303,455,455,455,455,0,0,0,572,591,598,599
A012760,동아,20160302,455,455,455,455,2,0,0,611,598,600,601
A012760,동아,20160229,650,650,650,650,0,0,0,650,605,602,602
A012760,동아,20160226,650,650,650,650,0,0,0,650,603,602,601
A012760,동아,20160225,650,650,650,650,3,0,0,650,601,601,601
A012760,동아,20160224,650,650,650,650,0,0,0,650,598,600,601
A012760,동아,20160223,650,650,650,650,0,0,0,620,596,599,600
A012760,동아,20160222,650,650,650,650,0,0,0,590,593,598,600
A012760,동아,20160219,650,650,650,650,0,0,0,560,591,598,599
A012760,동아,20160218,650,650,650,650,1,0,0,550,588,597,599
A012760,동아,20160217,500,500,500,500,0,0,0,540,586,596,598
A012760,동아,20160216,500,500,500,500,0,0,0,561,591,598,599
A012760,동아,20160215,500,500,500,500,1,0,0,581,596,599,600
A012760,동아,20160212,601,601,601,601,0,0,0,601,601,601,601
A012760,동아,20160211,601,601,601,601,0,0,0,601,601,601,601
A012760,동아,20160205,601,601,601,601,0,0,0,601,601,601,601
A012760,동아,20160204,601,601,601,601,0,0,0,601,601,601,601
A012760,동아,20160203,601,601,601,601,0,0,0,601,601,601,601
A012760,동아,20160202,601,601,601,601,0,0,0,601,601,601,601
A012760,동아,20160201,601,601,601,601,0,0,0,601,601,601,601
A012760,동아,20160129,601,601,601,601,0,0,0,601,601,601,601
A012760,동아,20160128,601,601,601,601,0,0,0,601,601,601,603
A012760,동아,20160127,601,601,601,601,0,0,0,601,601,601,605
A012760,동아,20160126,601,601,601,601,0,0,0,601,601,601,607
A012760,동아,20160125,601,601,601,601,0,0,0,601,601,601,609
A012760,동아,20160122,601,601,601,601,0,0,0,601,601,601,611
A012760,동아,20160121,601,601,601,601,0,0,0,601,601,601,613
A012760,동아,20160120,601,601,601,601,0,0,0,601,601,601,616
A012760,동아,20160119,601,601,601,601,0,0,0,601,601,601,618
A012760,동아,20160118,601,601,601,601,0,0,0,601,601,601,620
A012760,동아,20160115,601,601,601,601,0,0,0,601,601,601,622
A012760,동아,20160114,601,601,601,601,0,0,0,601,601,601,624
A012760,동아,20160113,601,601,601,601,0,0,0,601,601,601,626
A012760,동아,20160112,601,601,601,601,0,0,0,601,601,601,628
A012760,동아,20160111,601,601,601,601,0,0,0,601,601,601,630
A012760,동아,20160108,601,601,601,601,0,0,0,601,601,601,632
A012760,동아,20160107,601,601,601,601,0,0,0,601,601,601,634
A012760,동아,20160106,601,601,601,601,0,0,0,601,601,601,636
A012760,동아,20160105,601,601,601,601,0,0,0,601,601,601,638
A012760,동아,20160104,601,601,601,601,0,0,0,601,601,601,640
A012760,동아,20151230,601,601,601,601,0,0,0,601,601,601,642
A012760,동아,20151229,601,601,601,601,0,0,0,601,601,601,645
A012760,동아,20151228,601,601,601,601,0,0,0,601,601,601,647
A012760,동아,20151224,601,601,601,601,0,0,0,601,601,601,649
A012760,동아,20151223,601,601,601,601,0,0,0,601,601,601,651
A012760,동아,20151222,601,601,601,601,0,0,0,601,601,601,653
A012760,동아,20151221,601,601,601,601,0,0,0,601,601,601,655
A012760,동아,20151218,601,601,601,601,0,0,0,601,601,601,657
A012760,동아,20151217,601,601,601,601,0,0,0,601,601,601,659
A012760,동아,20151216,601,601,601,601,0,0,0,601,601,601,661
A012760,동아,20151215,601,601,601,601,0,0,0,601,601,601,663
A012760,동아,20151214,601,601,601,601,0,0,0,601,601,601,665
A012760,동아,20151211,601,601,601,601,0,0,0,601,601,601,667
A012760,동아,20151210,601,601,601,601,0,0,0,601,601,601,669
A012760,동아,20151209,601,601,601,601,0,0,0,601,601,601,672
A012760,동아,20151208,601,601,601,601,0,0,0,601,601,601,674
A012760,동아,20151207,601,601,601,601,0,0,0,601,601,601,676
A012760,동아,20151204,601,601,601,601,0,0,0,601,601,601,678
A012760,동아,20151203,601,601,601,601,0,0,0,601,601,601,680
A012760,동아,20151202,601,601,601,601,0,0,0,601,601,601,682
A012760,동아,20151201,601,601,601,601,0,0,0,601,601,601,684
A012760,동아,20151130,601,601,601,601,0,0,0,601,601,601,686
A012760,동아,20151127,601,601,601,601,0,0,0,601,601,601,688
A012760,동아,20151126,601,601,601,601,0,0,0,601,601,601,690
A012760,동아,20151125,601,601,601,601,0,0,0,601,601,601,692
A012760,동아,20151124,601,601,601,601,0,0,0,601,601,601,694
A012760,동아,20151123,601,601,601,601,0,0,0,601,601,601,696
A012760,동아,20151120,601,601,601,601,0,0,0,601,601,601,699
A012760,동아,20151119,601,601,601,601,0,0,0,601,601,601,701
A012760,동아,20151118,601,601,601,601,0,0,0,601,601,601,703
A012760,동아,20151117,601,601,601,601,0,0,0,601,601,601,705
A012760,동아,20151116,601,601,601,601,0,0,0,601,601,601,707
A012760,동아,20151113,601,601,601,601,0,0,0,601,601,601,710
A012760,동아,20151112,601,601,601,601,0,0,0,601,601,601,712
A012760,동아,20151111,601,601,601,601,0,0,0,601,601,601,714
A012760,동아,20151110,601,601,601,601,0,0,0,601,601,601,717
A012760,동아,20151109,601,601,601,601,0,0,0,601,601,601,719
A012760,동아,20151106,601,601,601,601,0,0,0,601,601,601,722
A012760,동아,20151105,601,601,601,601,0,0,0,601,601,601,724
A012760,동아,20151104,601,601,601,601,0,0,0,601,601,601,726
A012760,동아,20151103,601,601,601,601,0,0,0,601,601,601,732
A012760,동아,20151102,601,601,601,601,0,0,0,601,601,605,742
A012760,동아,20151030,601,601,601,601,0,0,0,601,601,609,752
A012760,동아,20151029,601,601,601,601,0,0,0,601,601,613,762
A012760,동아,20151028,601,601,601,601,0,0,0,601,601,618,772
A012760,동아,20151027,601,601,601,601,0,0,0,601,601,622,782
A012760,동아,20151026,601,601,601,601,0,0,0,601,601,626,792
A012760,동아,20151023,601,601,601,601,0,0,0,601,601,630,802
A012760,동아,20151022,601,601,601,601,0,0,0,601,601,634,811
A012760,동아,20151021,601,601,601,601,0,0,0,601,601,638,821
A012760,동아,20151020,601,601,601,601,0,0,0,601,601,642,831
A012760,동아,20151019,601,601,601,601,0,0,0,601,601,647,841
A012760,동아,20151016,601,601,601,601,0,0,0,601,601,651,851
A012760,동아,20151015,601,601,601,601,0,0,0,601,601,655,861
A012760,동아,20151014,601,601,601,601,0,0,0,601,601,659,871
A012760,동아,20151013,601,601,601,601,0,0,0,601,601,663,881
A012760,동아,20151012,601,601,601,601,0,0,0,601,601,667,891
A012760,동아,20151008,601,601,601,601,0,0,0,601,601,672,901
A012760,동아,20151007,601,601,601,601,0,0,0,601,601,676,911
A012760,동아,20151006,601,601,601,601,0,0,0,601,601,680,921
A012760,동아,20151005,601,601,601,601,0,0,0,601,601,684,931
A012760,동아,20151002,601,601,601,601,0,0,0,601,601,688,941
A012760,동아,20151001,601,601,601,601,0,0,0,601,601,692,951
A012760,동아,20150930,601,601,601,601,0,0,0,601,601,696,961
A012760,동아,20150925,601,601,601,601,0,0,0,601,601,701,971
A012760,동아,20150924,601,601,601,601,0,0,0,601,601,705,981
A012760,동아,20150923,601,601,601,601,0,0,0,601,601,709,991
A012760,동아,20150922,601,601,601,601,0,0,0,601,601,713,1001
A012760,동아,20150921,601,601,601,601,0,0,0,601,601,717,1017
A012760,동아,20150918,601,601,601,601,0,0,0,601,601,721,1033
A012760,동아,20150917,601,601,601,601,0,0,0,601,601,726,1049
A012760,동아,20150916,601,601,601,601,0,0,0,601,601,730,1065
A012760,동아,20150915,601,601,601,601,0,0,0,601,601,734,1082
A012760,동아,20150914,601,601,601,601,0,0,0,601,601,738,1098
A012760,동아,20150911,601,601,601,601,0,0,0,601,601,742,1114
A012760,동아,20150910,601,601,601,601,0,0,0,601,601,746,1125
A012760,동아,20150909,601,601,601,601,0,0,0,601,601,750,1137
A012760,동아,20150908,601,601,601,601,0,0,0,601,601,755,1148
A012760,동아,20150907,601,601,601,601,0,0,0,601,601,759,1166
A012760,동아,20150904,601,601,601,601,0,0,0,601,601,763,1184
A012760,동아,20150903,601,601,601,601,0,0,0,601,601,767,1203
A012760,동아,20150902,601,601,601,601,0,0,0,601,613,771,1231
A012760,동아,20150901,601,601,601,601,0,0,0,601,626,775,1252
A012760,동아,20150831,601,601,601,601,0,0,0,601,638,779,1272
A012760,동아,20150828,601,601,601,601,0,0,0,601,651,784,1287
A012760,동아,20150827,601,601,601,601,0,0,0,601,663,788,1302
A012760,동아,20150826,601,601,601,601,0,0,0,601,676,792,1316
A012760,동아,20150825,601,601,601,601,0,0,0,601,688,796,1326
A012760,동아,20150824,601,601,601,601,0,0,0,601,701,800,1337
A012760,동아,20150821,601,601,601,601,0,0,0,601,713,804,1347
A012760,동아,20150820,601,601,601,601,0,0,0,601,726,808,1357
A012760,동아,20150819,601,601,601,601,0,0,0,601,738,813,1367
A012760,동아,20150818,601,601,601,601,0,0,0,601,750,818,1377
A012760,동아,20150817,601,601,601,601,0,0,0,601,763,823,1387
A012760,동아,20150813,601,601,601,601,0,0,0,601,775,828,1398
A012760,동아,20150812,601,601,601,601,0,0,0,601,788,833,1408
A012760,동아,20150811,601,601,601,601,0,0,0,651,800,837,1418
A012760,동아,20150810,601,601,601,601,0,0,0,701,813,842,1428
A012760,동아,20150807,601,601,601,601,0,0,0,750,825,847,1438
A012760,동아,20150806,601,601,601,601,2,0,0,800,838,852,1448
A012760,동아,20150805,850,850,850,850,0,0,0,850,850,863,1458
A012760,동아,20150804,850,850,850,850,0,0,0,850,850,878,1467
A012760,동아,20150803,850,850,850,850,0,0,0,850,850,894,1475
A012760,동아,20150731,850,850,850,850,0,0,0,850,850,910,1483
A012760,동아,20150730,850,850,850,850,0,0,0,850,850,926,1487
A012760,동아,20150729,850,850,850,850,0,0,0,850,850,942,1494
A012760,동아,20150728,850,850,850,850,0,0,0,850,850,957,1497
A012760,동아,20150727,850,850,850,850,0,0,0,850,850,973,1498
A012760,동아,20150724,850,850,850,850,0,0,0,850,850,989,1499
A012760,동아,20150723,850,850,850,850,0,0,0,850,850,1004,1498
A012760,동아,20150722,850,850,850,850,0,0,0,850,850,1020,1496
A012760,동아,20150721,850,850,850,850,0,0,0,850,850,1036,1493
A012760,동아,20150720,850,850,850,850,0,0,0,850,850,1052,1488
A012760,동아,20150717,850,850,850,850,0,0,0,850,850,1068,1484
A012760,동아,20150716,850,850,850,850,0,0,0,850,850,1083,1480
A012760,동아,20150715,850,850,850,850,0,0,0,850,850,1099,1476
A012760,동아,20150714,850,850,850,850,0,0,0,850,850,1115,1471
A012760,동아,20150713,850,850,850,850,0,0,0,850,850,1130,1466
A012760,동아,20150710,850,850,850,850,0,0,0,850,850,1146,1462
A012760,동아,20150709,850,850,850,850,0,0,0,850,850,1162,1457
A012760,동아,20150708,850,850,850,850,0,0,0,850,850,1178,1451
A012760,동아,20150707,850,850,850,850,0,0,0,850,850,1194,1446
A012760,동아,20150706,850,850,850,850,0,0,0,850,850,1209,1441
A012760,동아,20150703,850,850,850,850,0,0,0,850,850,1225,1435
A012760,동아,20150702,850,850,850,850,0,0,0,850,850,1241,1430
A012760,동아,20150701,850,850,850,850,0,0,0,850,850,1256,1424
A012760,동아,20150630,850,850,850,850,0,0,0,850,850,1272,1420
A012760,동아,20150629,850,850,850,850,0,0,0,850,850,1288,1416
A012760,동아,20150626,850,850,850,850,0,0,0,850,850,1316,1412
A012760,동아,20150625,850,850,850,850,0,0,0,850,850,1344,1407
A012760,동아,20150624,850,850,850,850,0,0,0,850,850,1373,1403
A012760,동아,20150623,850,850,850,850,0,0,0,850,852,1401,1398
A012760,동아,20150622,850,850,850,850,0,0,0,850,854,1429,1394
A012760,동아,20150619,850,850,850,850,0,0,0,850,856,1458,1390
A012760,동아,20150618,850,850,850,850,0,0,0,850,858,1486,1387
A012760,동아,20150617,850,850,850,850,0,0,0,850,860,1504,1384
A012760,동아,20150616,850,850,850,850,0,0,0,850,862,1523,1383
A012760,동아,20150615,850,850,850,850,0,0,0,850,864,1541,1382
A012760,동아,20150612,850,850,850,850,0,0,0,850,866,1574,1381
A012760,동아,20150611,850,850,850,850,0,0,0,850,868,1606,1380
A012760,동아,20150610,850,850,850,850,0,0,0,850,888,1638,1379
A012760,동아,20150609,850,850,850,850,0,0,0,850,936,1691,1378
A012760,동아,20150608,850,850,850,850,0,0,0,850,983,1728,1377
A012760,동아,20150605,850,850,850,850,0,0,0,850,1030,1765,1376
A012760,동아,20150604,850,850,850,850,0,0,0,850,1077,1790,1377
A012760,동아,20150603,850,850,850,850,0,0,0,850,1124,1815,1383
A012760,동아,20150602,850,850,850,850,0,0,0,858,1172,1841,1393
A012760,동아,20150601,850,850,850,850,0,0,0,866,1219,1857,1403
A012760,동아,20150529,850,850,850,850,0,0,0,874,1266,1873,1414
A012760,동아,20150528,850,850,850,850,5,0,0,882,1314,1889,1424
A012760,동아,20150527,890,890,890,890,0,0,0,890,1361,1905,1434
A012760,동아,20150526,890,890,890,890,0,0,0,890,1406,1921,1445
A012760,동아,20150522,890,890,890,890,0,0,0,890,1451,1936,1455
A012760,동아,20150521,890,890,890,890,0,0,0,890,1496,1952,1465
A012760,동아,20150520,890,890,890,890,0,0,0,889,1542,1967,1475
A012760,동아,20150519,890,890,890,890,0,0,0,963,1587,1983,1492
A012760,동아,20150518,890,890,890,890,0,0,0,1144,1632,1998,1510
A012760,동아,20150515,890,890,890,890,0,0,0,1325,1678,2014,1527
A012760,동아,20150514,900,900,885,885,6,0,0,1506,1723,2029,1545
A012760,동아,20150513,1260,1260,1260,1260,1,0,0,1688,1768,2045,1562
A012760,동아,20150512,1795,1795,1795,1795,0,0,0,1795,1795,2054,1577
A012760,동아,20150511,1795,1795,1795,1795,0,0,0,1795,1795,2055,1597
A012760,동아,20150508,1795,1795,1795,1795,0,0,0,1795,1795,2055,1618
A012760,동아,20150507,1795,1795,1795,1795,0,0,0,1795,1795,2055,1654
A012760,동아,20150506,1795,1795,1795,1795,0,0,0,1795,1795,2049,1689
A012760,동아,20150504,1795,1795,1795,1795,0,0,0,1795,1795,2046,1725
A012760,동아,20150430,1795,1795,1795,1795,0,0,0,1795,1795,2037,1761
A012760,동아,20150429,1795,1795,1795,1795,0,0,0,1795,1795,2023,1797
A012760,동아,20150428,1795,1795,1795,1795,0,0,0,1795,1832,2010,1833
A012760,동아,20150427,1795,1795,1795,1795,0,0,0,1795,1870,1992,1868
A012760,동아,20150424,1795,1795,1795,1795,0,0,0,1795,1908,1972,1904
A012760,동아,20150423,1795,1795,1795,1795,0,0,0,1795,1945,1949,1940
A012760,동아,20150422,1795,1795,1795,1795,0,0,0,1795,1982,1925,1976
A012760,동아,20150421,1795,1795,1795,1795,0,0,0,1795,2020,1901,2012
A012760,동아,20150420,1795,1795,1795,1795,0,0,0,1795,2058,1876,2047
A012760,동아,20150417,1795,1795,1795,1795,0,0,0,1795,2066,1852,2083
A012760,동아,20150416,1795,1795,1795,1795,0,0,0,1795,2074,1828,2119
A012760,동아,20150415,1795,1795,1795,1795,0,0,0,1795,2082,1802,2155
A012760,동아,20150414,1795,1795,1795,1795,0,0,0,1795,2132,1777,2191
A012760,동아,20150413,1795,1795,1795,1795,0,0,0,1795,2182,1751,2226
A012760,동아,20150410,1795,1795,1795,1795,0,0,0,1795,2232,1725,2262
A012760,동아,20150409,1795,1795,1795,1795,0,0,0,1795,2342,1698,2298
A012760,동아,20150408,1795,1795,1795,1795,0,0,0,1795,2406,1672,2334
A012760,동아,20150407,1795,1795,1795,1795,0,0,0,1945,2470,1645,2370
A012760,동아,20150406,1795,1795,1795,1795,0,0,0,2095,2498,1619,2405
A012760,동아,20150403,1795,1795,1795,1795,0,0,0,2245,2526,1592,2441
A012760,동아,20150402,1785,1795,1785,1795,35,0,0,2395,2555,1567,2477
A012760,동아,20150401,2545,2545,2545,2545,0,0,0,2545,2556,1544,2513
A012760,동아,20150331,2545,2545,2545,2545,0,0,0,2545,2520,1508,2564
A012760,동아,20150330,2545,2545,2545,2545,0,0,0,2545,2484,1470,2615
A012760,동아,20150327,2545,2545,2545,2545,0,0,0,2428,2448,1433,2667
A012760,동아,20150326,2545,2545,2545,2545,0,0,0,2311,2411,1395,2718
A012760,동아,20150325,2545,2545,2545,2545,0,0,0,2194,2375,1358,2769
A012760,동아,20150324,2545,2545,2545,2545,30,0,0,2244,2339,1322,2820
A012760,동아,20150323,1960,1960,1960,1960,0,0,0,2294,2302,1288,2872
A012760,동아,20150320,1960,1960,1960,1960,0,0,0,2461,2296,1264,2928
A012760,동아,20150319,1960,1960,1960,1960,6,0,0,2867,2288,1243,2984
A012760,동아,20150318,2795,2795,2795,2795,0,0,0,3089,2282,1223,3040
A012760,동아,20150317,2795,2795,2795,2795,0,0,0,3144,2233,1188,3089
A012760,동아,20150316,2795,2795,2795,2795,3,0,0,3058,2184,1154,3139
A012760,동아,20150313,3990,3990,3990,3990,84,0,0,2972,2135,1119,3188
A012760,동아,20150312,3070,3070,3070,3070,0,0,0,2647,2027,1065,3227
A012760,동아,20150311,3070,3070,3070,3070,1,0,0,2397,1964,1026,3274
A012760,동아,20150310,2365,2365,2365,2365,0,0,0,2147,1902,987,3321
A012760,동아,20150309,2365,2365,2365,2365,0,0,0,2038,1854,965,3374
A012760,동아,20150306,2365,2365,2365,2365,10,0,0,1929,1817,950,3426
A012760,동아,20150305,1820,1820,1820,1820,0,0,0,1820,1761,945,3479
A012760,동아,20150304,1820,1820,1820,1820,1,0,0,1820,1719,950,3537
A012760,동아,20150303,1820,1820,1820,1820,0,0,0,1820,1676,955,3594
A012760,동아,20150302,1820,1820,1820,1820,0,0,0,1820,1622,959,3651
A012760,동아,20150227,1820,1820,1820,1820,0,0,0,1820,1560,964,3709
A012760,동아,20150226,1820,1820,1820,1820,0,0,0,1820,1491,968,3766
A012760,동아,20150225,1820,1820,1820,1820,0,0,0,1820,1417,973,3823
A012760,동아,20150224,1820,1820,1820,1820,0,0,0,1820,1343,978,3881
A012760,동아,20150223,1820,1820,1820,1820,0,0,0,1820,1269,982,3938
A012760,동아,20150217,1820,1820,1820,1820,0,0,0,1820,1195,1002,0
A012760,동아,20150216,1820,1820,1820,1820,0,0,0,1820,1122,1021,0
A012760,동아,20150213,1820,1820,1820,1820,0,0,0,1820,1044,1041,0
A012760,동아,20150212,1820,1820,1820,1820,0,0,0,1820,966,1060,0
A012760,동아,20150211,1820,1820,1820,1820,0,0,0,1736,888,1080,0
A012760,동아,20150210,1820,1820,1820,1820,0,0,0,1698,807,1099,0
A012760,동아,20150209,1820,1820,1820,1820,0,0,0,1585,726,1140,0
A012760,동아,20150206,1820,1820,1820,1820,1,0,0,1415,645,1181,0
A012760,동아,20150205,1400,1400,1400,1400,1,0,0,1245,565,1252,0
A012760,동아,20150204,1630,1630,1630,1630,1,0,0,1114,505,1330,0
A012760,동아,20150203,1255,1255,1255,1255,2,0,0,903,433,1404,0
A012760,동아,20150202,969,969,969,969,0,0,0,740,385,1485,0
A012760,동아,20150130,969,969,969,969,1,0,0,614,356,1570,0
A012760,동아,20150129,746,746,746,746,1,0,0,489,327,1656,0
A012760,동아,20150128,574,574,574,574,1,0,0,408,305,1745,0
A012760,동아,20150127,442,443,442,442,7,0,0,361,291,1837,0
A012760,동아,20150126,341,341,341,341,0,0,0,341,284,1931,0
A012760,동아,20150123,341,341,341,341,0,0,0,325,282,2027,0
A012760,동아,20150122,341,341,341,341,0,0,0,310,283,2122,0
A012760,동아,20150121,341,341,341,341,0,0,0,294,292,2218,0
A012760,동아,20150120,341,341,341,341,4,0,0,267,300,2314,0
A012760,동아,20150119,263,263,263,263,0,0,0,239,320,2410,0
A012760,동아,20150116,263,263,263,263,0,0,0,227,343,2507,0
A012760,동아,20150115,263,263,263,263,1,0,0,215,366,2604,0
A012760,동아,20150114,203,203,203,203,0,0,0,203,390,2701,0
A012760,동아,20150113,203,203,203,203,0,0,0,203,416,2799,0
A012760,동아,20150112,203,203,203,203,0,0,0,219,442,2898,0
A012760,동아,20150109,203,203,203,203,0,0,0,256,469,2996,0
A012760,동아,20150108,203,203,203,203,0,0,0,294,495,3094,0
A012760,동아,20150107,203,203,203,203,2,0,0,314,536,3192,0
A012760,동아,20150106,282,282,282,282,6,0,0,333,600,3290,0
A012760,동아,20150105,391,391,391,391,0,0,0,337,690,3387,0
A012760,동아,20150102,391,391,391,391,3,0,0,319,776,3482,0
A012760,동아,20141230,301,301,301,301,0,0,0,313,861,3620,0
A012760,동아,20141229,301,301,301,301,0,0,0,355,950,3760,0
A012760,동아,20141226,301,301,301,301,0,0,0,397,1040,3900,0
A012760,동아,20141224,300,302,300,302,58,0,0,483,1130,4040,0
A012760,동아,20141223,360,360,360,360,1,0,0,569,1219,4180,0
A012760,동아,20141222,512,512,512,512,0,0,0,643,1306,4319,0
A012760,동아,20141219,512,512,512,512,2,0,0,686,1385,4456,0
A012760,동아,20141218,730,730,730,730,0,0,0,730,1509,4592,0
A012760,동아,20141217,730,730,730,730,0,0,0,730,1622,4725,0
A012760,동아,20141216,730,730,730,730,0,0,0,730,1735,4858,0
A012760,동아,20141215,730,730,730,730,0,0,0,730,1848,4991,0
A012760,동아,20141212,730,730,730,730,1,0,0,790,1961,5123,0
A012760,동아,20141211,730,730,730,730,0,0,0,938,2074,5256,0
A012760,동아,20141210,730,730,730,730,0,0,0,1211,2251,5389,0
A012760,동아,20141209,730,730,730,730,1,0,0,1484,2428,5522,0
A012760,동아,20141208,1030,1030,1030,1030,5,0,0,1757,2696,5655,0
A012760,동아,20141205,1470,1470,1470,1470,5,0,0,1970,2949,5783,0
A012760,동아,20141204,2095,2095,2095,2095,0,0,0,2095,3180,5903,0
A012760,동아,20141203,2095,2095,2095,2095,0,0,0,2095,3380,6013,0
A012760,동아,20141202,2095,2095,2095,2095,0,0,0,2095,3580,6123,0
A012760,동아,20141201,2095,2095,2095,2095,0,0,0,2095,3780,6233,0
A012760,동아,20141128,2095,2095,2095,2095,0,0,0,2095,3979,6343,0
A012760,동아,20141127,2095,2095,2095,2095,0,0,0,2274,4179,6454,0
A012760,동아,20141126,2095,2095,2095,2095,0,0,0,2453,4379,6564,0
A012760,동아,20141125,2095,2095,2095,2095,0,0,0,2632,4578,6674,0
A012760,동아,20141124,2095,2095,2095,2095,2,0,0,2811,4778,6784,0
A012760,동아,20141121,2990,2990,2990,2990,0,0,0,2990,4978,6894,0
A012760,동아,20141120,2990,2990,2990,2990,0,0,0,2990,5133,0,0
A012760,동아,20141119,2990,2990,2990,2990,0,0,0,3246,5288,0,0
A012760,동아,20141118,2990,2990,2990,2990,0,0,0,3502,5443,0,0
A012760,동아,20141117,2990,2990,2990,2990,1,0,0,4122,5598,0,0
A012760,동아,20141114,2990,2990,2990,2990,11,0,0,4742,5753,0,0
A012760,동아,20141113,4270,4270,4270,4270,0,0,0,5362,5908,0,0
A012760,동아,20141112,4270,4270,4270,4270,6,0,0,5726,5999,0,0
A012760,동아,20141111,6090,6090,6090,6090,0,0,0,6090,6090,0,0
A012760,동아,20141110,6090,6090,6090,6090,0,0,0,6090,6090,0,0
A012760,동아,20141107,6090,6090,6090,6090,0,0,0,6090,6090,0,0
A012760,동아,20141106,6090,6090,6090,6090,0,0,0,6090,6090,0,0
A012760,동아,20141105,6090,6090,6090,6090,0,0,0,6090,6090,0,0
A012760,동아,20141104,6090,6090,6090,6090,0,0,0,6090,6090,0,0
A012760,동아,20141103,6090,6090,6090,6090,0,0,0,6090,6220,0,0
A012760,동아,20141031,6090,6090,6090,6090,0,0,0,6090,6351,0,0
A012760,동아,20141030,6090,6090,6090,6090,0,0,0,6090,6482,0,0
A012760,동아,20141029,6090,6090,6090,6090,0,0,0,6090,6612,0,0
A012760,동아,20141028,6090,6090,6090,6090,0,0,0,6090,6742,0,0
A012760,동아,20141027,6090,6090,6090,6090,0,0,0,6090,6873,0,0
A012760,동아,20141024,6090,6090,6090,6090,0,0,0,6090,7004,0,0
A012760,동아,20141023,6090,6090,6090,6090,0,0,0,6090,7134,0,0
A012760,동아,20141022,6090,6090,6090,6090,0,0,0,6090,7264,0,0
A012760,동아,20141021,6090,6090,6090,6090,0,0,0,6090,7395,0,0
A012760,동아,20141020,6090,6090,6090,6090,0,0,0,6090,7526,0,0
A012760,동아,20141017,6090,6090,6090,6090,0,0,0,6090,7656,0,0
A012760,동아,20141016,6090,6090,6090,6090,0,0,0,6090,7786,0,0
A012760,동아,20141015,6090,6090,6090,6090,0,0,0,6090,7917,0,0
A012760,동아,20141014,6090,6090,6090,6090,0,0,0,6090,8048,0,0
A012760,동아,20141013,6090,6090,6090,6090,0,0,0,6612,8178,0,0
A012760,동아,20141010,6090,6090,6090,6090,0,0,0,7134,8308,0,0
A012760,동아,20141008,6090,6090,6090,6090,0,0,0,7656,8439,0,0
A012760,동아,20141007,6090,6090,6090,6090,30,0,0,8178,8570,0,0
A012760,동아,20141006,8700,8700,8700,8700,0,0,0,8700,8700,0,0
A012760,동아,20141002,8700,8700,8700,8700,0,0,0,8700,8700,0,0
A012760,동아,20141001,8700,8700,8700,8700,0,0,0,8700,8700,0,0
A012760,동아,20140930,8700,8700,8700,8700,0,0,0,8700,8700,0,0
A012760,동아,20140929,8700,8700,8700,8700,0,0,0,8700,8700,0,0
A012760,동아,20140926,8700,8700,8700,8700,0,0,0,8700,8700,0,0
A012760,동아,20140925,8700,8700,8700,8700,0,0,0,8700,8700,0,0
A012760,동아,20140924,8700,8700,8700,8700,0,0,0,8700,8700,0,0
A012760,동아,20140923,8700,8700,8700,8700,0,0,0,8700,0,0,0
A012760,동아,20140922,8700,8700,8700,8700,0,0,0,8700,0,0,0
A012760,동아,20140919,8700,8700,8700,8700,0,0,0,8700,0,0,0
A012760,동아,20140918,8700,8700,8700,8700,0,0,0,8700,0,0,0
A012760,동아,20140917,8700,8700,8700,8700,0,0,0,8700,0,0,0
A012760,동아,20140916,8700,8700,8700,8700,0,0,0,8700,0,0,0
A012760,동아,20140915,8700,8700,8700,8700,0,0,0,8700,0,0,0
A012760,동아,20140912,8700,8700,8700,8700,0,0,0,8700,0,0,0
A012760,동아,20140911,8700,8700,8700,8700,0,0,0,8700,0,0,0
A012760,동아,20140905,8700,8700,8700,8700,0,0,0,8700,0,0,0
A012760,동아,20140904,8700,8700,8700,8700,0,0,0,8700,0,0,0
A012760,동아,20140903,8700,8700,8700,8700,0,0,0,8700,0,0,0
A012760,동아,20140902,8700,8700,8700,8700,0,0,0,8700,0,0,0
A012760,동아,20140901,8700,8700,8700,8700,0,0,0,8700,0,0,0
A012760,동아,20140829,8700,8700,8700,8700,0,0,0,8700,0,0,0
A012760,동아,20140828,8700,8700,8700,8700,1,0,0,0,0,0,0
A012760,동아,20140827,8700,8700,8700,8700,0,0,0,0,0,0,0
A012760,동아,20140826,8700,8700,8700,8700,0,0,0,0,0,0,0
A012760,동아,20140825,8700,8700,8700,8700,0,0,0,0,0,0,0
