stockCode,stackName,date,startPrice,highPrice,lowPrice,finalPrice,amountTrade,amounForeigner,amountAgencyBuy,days5MovAvr,days20MovAvr,days60MovAvr,days120MovAvr
A015860,일진홀딩스,20190129,3805,3935,3765,3770,270465,764566,6216,3840,3392,3087,3597
A015860,일진홀딩스,20190128,3905,3950,3800,3820,231036,717822,13841,3831,3356,3071,3605
A015860,일진홀딩스,20190125,3795,4125,3795,3910,1432920,688663,-17900,3868,3313,3053,3612
A015860,일진홀딩스,20190124,3865,3925,3790,3830,205477,759111,12265,3777,3261,3031,3619
A015860,일진홀딩스,20190123,3670,3935,3670,3870,710883,763020,-56045,3667,3220,3011,3626
A015860,일진홀딩스,20190122,4030,4030,3660,3725,1226260,692947,55931,3544,3181,2994,3632
A015860,일진홀딩스,20190121,3500,4250,3465,4005,5109314,768471,-10840,3430,3146,2979,3638
A015860,일진홀딩스,20190118,3320,3585,3300,3455,451615,993238,-23560,3253,3098,2962,3642
A015860,일진홀딩스,20190117,3260,3655,3240,3280,751331,953279,8537,3180,3076,2959,3651
A015860,일진홀딩스,20190116,3150,3255,3140,3255,146044,1011102,-13483,3157,3060,2959,3661
A015860,일진홀딩스,20190115,3120,3160,3100,3155,92182,992467,3563,3133,3044,2962,3671
A015860,일진홀딩스,20190114,3120,3150,3075,3120,67584,976692,-3652,3123,3033,2966,3683
A015860,일진홀딩스,20190111,3185,3200,3045,3090,147717,971200,2018,3115,3016,2970,3695
A015860,일진홀딩스,20190110,3160,3300,3145,3165,257035,964060,-639,3101,2994,2972,3706
A015860,일진홀딩스,20190109,3130,3185,3085,3135,169924,930227,7699,3073,2973,2971,3718
A015860,일진홀딩스,20190108,3100,3115,3060,3105,81438,900342,13752,3053,2958,2973,3729
A015860,일진홀딩스,20190107,3055,3130,3020,3080,226751,899524,-19528,3038,2944,2977,3741
A015860,일진홀딩스,20190104,2960,3030,2955,3020,83054,835257,7394,3016,2937,2993,3753
A015860,일진홀딩스,20190103,3040,3100,2985,3025,140842,835322,5470,2987,2937,3015,3764
A015860,일진홀딩스,20190102,3040,3080,3005,3035,94158,833860,9444,2984,2937,3038,3775
A015860,일진홀딩스,20181228,3050,3085,2985,3030,98129,822181,-505,2995,2937,3061,3785
A015860,일진홀딩스,20181227,2950,2970,2875,2970,98560,796305,12,2992,2939,3084,3796
A015860,일진홀딩스,20181226,2895,2965,2845,2875,143049,778194,261,3006,2944,3107,3808
A015860,일진홀딩스,20181224,3090,3100,2990,3010,95132,783395,-743,3037,2954,3133,3820
A015860,일진홀딩스,20181221,3055,3105,2990,3090,141482,796460,-1232,3024,2952,3157,3833
A015860,일진홀딩스,20181220,3040,3080,2980,3015,174044,777546,-481,2996,2944,3180,3845
A015860,일진홀딩스,20181219,3050,3235,3010,3040,868287,775573,386,2979,2938,3204,3858
A015860,일진홀딩스,20181218,2950,3070,2905,3030,184218,708945,235,2925,2937,3229,3872
A015860,일진홀딩스,20181217,2950,2965,2880,2945,57397,695066,509,2852,2937,3252,3885
A015860,일진홀딩스,20181214,3030,3030,2865,2950,120883,694659,-3386,2811,2941,3278,3899
A015860,일진홀딩스,20181213,2820,2990,2810,2930,175127,708266,941,2786,2942,3302,3914
A015860,일진홀딩스,20181212,2640,2775,2640,2770,102976,688626,1222,2765,2947,3327,3928
A015860,일진홀딩스,20181211,2740,2780,2640,2665,65354,670589,480,2800,2947,3355,3944
A015860,일진홀딩스,20181210,2830,2830,2690,2740,81524,673524,93,2871,2953,3385,3962
A015860,일진홀딩스,20181207,2880,2880,2805,2825,35314,699573,116,2929,2958,3413,3981
A015860,일진홀딩스,20181206,2965,2965,2800,2825,70109,702021,109,2970,2958,3439,3999
A015860,일진홀딩스,20181205,3010,3010,2910,2945,96266,709723,-37,3020,2956,3465,4016
A015860,일진홀딩스,20181204,3000,3040,2995,3020,44370,707105,-180,3045,2948,3490,4033
A015860,일진홀딩스,20181203,3040,3045,2990,3030,33193,705707,578,3057,2941,3512,4049
A015860,일진홀딩스,20181130,3055,3070,3000,3030,36239,703346,-7,3044,2934,3535,4065
A015860,일진홀딩스,20181129,3080,3090,3045,3075,76593,705637,64,3022,2932,3558,4081
A015860,일진홀딩스,20181128,3080,3090,3040,3070,47787,695198,23,2990,2917,3581,4096
A015860,일진홀딩스,20181127,2950,3090,2950,3080,119352,693205,29,2978,2902,3604,4112
A015860,일진홀딩스,20181126,2920,2965,2920,2965,25259,659114,-50,2968,2877,3625,4127
A015860,일진홀딩스,20181123,2955,2960,2895,2920,30756,652918,-3,2980,2860,3649,4143
A015860,일진홀딩스,20181122,3010,3035,2905,2915,89844,649598,-17875,2992,2857,3675,4161
A015860,일진홀딩스,20181121,3025,3025,2975,3010,60183,653193,83,3012,2853,3702,4179
A015860,일진홀딩스,20181120,2965,3030,2965,3030,62074,648330,-14,2966,2852,3727,4195
A015860,일진홀딩스,20181119,3035,3080,2980,3025,126738,646073,1895,2916,2863,3752,4213
A015860,일진홀딩스,20181116,3045,3045,2955,2980,122258,620949,981,2877,2877,3776,4232
A015860,일진홀딩스,20181115,2855,3250,2855,3015,765933,619496,116,2847,2898,3802,4253
A015860,일진홀딩스,20181114,2810,2810,2755,2780,9995,685251,20,2804,2918,3826,4273
A015860,일진홀딩스,20181113,2830,2830,2690,2780,37857,686120,352,2802,2948,3856,4296
A015860,일진홀딩스,20181112,2795,2850,2790,2830,24335,701666,24,2823,2968,3886,4318
A015860,일진홀딩스,20181109,2775,2840,2765,2830,18540,701044,249,2836,2983,3918,4342
A015860,일진홀딩스,20181108,2825,2870,2775,2800,51189,698831,113,2868,3004,3950,4362
A015860,일진홀딩스,20181107,2915,2930,2750,2770,55676,691679,-26,2863,3032,3982,4383
A015860,일진홀딩스,20181106,2890,2975,2850,2885,33571,704390,-131,2864,3095,4015,4404
A015860,일진홀딩스,20181105,2990,2990,2870,2895,42562,710628,142,2801,3168,4047,4423
A015860,일진홀딩스,20181102,2790,3005,2790,2990,133138,723337,34,2748,3242,4078,4443
A015860,일진홀딩스,20181101,2785,2860,2775,2775,80777,717701,-37,2720,3314,4107,4462
A015860,일진홀딩스,20181031,2585,2800,2585,2775,108519,715720,600,2733,3394,4139,4484
A015860,일진홀딩스,20181030,2500,2650,2450,2570,178702,710145,5483,2778,3475,4171,4505
A015860,일진홀딩스,20181029,2755,2875,2625,2630,120154,656388,1437,2911,3568,4208,4528
A015860,일진홀딩스,20181026,3080,3080,2745,2850,109079,660428,444,3047,3660,4241,4550
A015860,일진홀딩스,20181025,2870,2940,2820,2840,104240,671860,-700,3158,3740,4269,4570
A015860,일진홀딩스,20181024,3220,3245,2950,3000,109790,658084,55,3273,3822,4297,4590
A015860,일진홀딩스,20181023,3260,3300,3190,3235,87915,668373,37,3350,3898,4322,4610
A015860,일진홀딩스,20181022,3405,3405,3275,3310,65669,682688,16,3338,3957,4342,4629
A015860,일진홀딩스,20181019,3360,3410,3340,3405,60480,719347,468,3301,4015,4363,4647
A015860,일진홀딩스,20181018,3380,3425,3360,3415,67047,712658,-10,3272,4066,4380,4663
A015860,일진홀딩스,20181017,3210,3385,3205,3385,268991,698298,2319,3257,4115,4399,4678
A015860,일진홀딩스,20181016,3150,3215,3150,3175,139369,635494,-6364,3388,4170,4419,4694
A015860,일진홀딩스,20181015,3230,3300,3125,3125,309170,612470,202,3621,4234,4441,4711
A015860,일진홀딩스,20181012,3120,3315,3120,3260,627401,587055,375,3870,4298,4464,4728
A015860,일진홀딩스,20181011,3770,3985,3330,3340,439132,561663,144,4106,4355,4486,4744
A015860,일진홀딩스,20181010,4340,4340,3990,4040,155803,569883,157,4314,4408,4504,4758
A015860,일진홀딩스,20181008,4305,4380,4300,4340,80948,597333,949,4385,4426,4512,4766
A015860,일진홀딩스,20181005,4400,4460,4340,4370,58738,599970,15869,4401,4428,4513,4770
A015860,일진홀딩스,20181004,4505,4510,4380,4440,71839,601932,180,4420,4428,4512,4775
A015860,일진홀딩스,20181002,4400,4435,4380,4380,59964,623626,80,4425,4428,4509,4779
A015860,일진홀딩스,20181001,4445,4445,4380,4395,27009,624867,138,4444,4430,4509,4784
A015860,일진홀딩스,20180928,4480,4480,4410,4420,22115,627257,607,4469,4433,4508,4788
A015860,일진홀딩스,20180927,4455,4490,4440,4465,16771,629608,1424,4469,4431,4507,4793
A015860,일진홀딩스,20180921,4475,4495,4435,4465,58069,628228,580,4468,4428,4508,4798
A015860,일진홀딩스,20180920,4550,4555,4425,4475,49370,622557,45,4461,4428,4510,4802
A015860,일진홀딩스,20180919,4425,4620,4405,4520,140204,626058,704,4446,4430,4512,4806
A015860,일진홀딩스,20180918,4460,4460,4415,4420,20036,616165,-3242,4436,4430,4514,4810
A015860,일진홀딩스,20180917,4460,4495,4410,4460,26846,615877,11,4447,4435,4518,4815
A015860,일진홀딩스,20180914,4410,4485,4410,4430,34015,611949,-26,4436,4436,4521,4819
A015860,일진홀딩스,20180913,4450,4470,4400,4400,35958,604263,-7079,4427,4442,4526,4826
A015860,일진홀딩스,20180912,4500,4625,4435,4470,63045,606928,679,4429,4443,4530,4834
A015860,일진홀딩스,20180911,4430,4520,4425,4475,41215,611334,41,4415,4450,4533,4841
A015860,일진홀딩스,20180910,4390,4435,4390,4405,18479,606562,61,4393,4456,4539,4848
A015860,일진홀딩스,20180907,4410,4430,4360,4385,36359,606369,-151,4390,4473,4548,4855
A015860,일진홀딩스,20180906,4430,4445,4390,4410,16384,607777,-122,4398,4490,4558,4862
A015860,일진홀딩스,20180905,4365,4410,4365,4400,23194,607764,-209,4403,4506,4567,4870
A015860,일진홀딩스,20180904,4375,4400,4325,4365,19964,605866,-1,4411,4524,4576,4877
A015860,일진홀딩스,20180903,4450,4450,4370,4390,21819,605387,-2129,4415,4544,4585,4886
A015860,일진홀딩스,20180831,4440,4440,4390,4425,14395,609178,3594,4420,4562,4596,4894
A015860,일진홀딩스,20180830,4410,4495,4400,4435,26155,610251,-95,4427,4579,4604,4902
A015860,일진홀딩스,20180829,4350,4480,4350,4440,28284,608400,-31,4442,4593,4612,4910
A015860,일진홀딩스,20180828,4355,4440,4345,4385,68541,594725,-42,4457,4606,4620,4917
A015860,일진홀딩스,20180827,4430,4460,4390,4415,24848,590993,-19,4486,4624,4629,4925
A015860,일진홀딩스,20180824,4500,4500,4430,4460,36746,593068,-102,4500,4635,4637,4933
A015860,일진홀딩스,20180823,4535,4535,4435,4510,35423,598018,21,4514,4640,4646,4943
A015860,일진홀딩스,20180822,4520,4540,4485,4515,7659,594917,-81,4498,4638,4656,4953
A015860,일진홀딩스,20180821,4490,4530,4470,4530,38960,596158,-46,4515,4637,4664,4963
A015860,일진홀딩스,20180820,4485,4560,4460,4485,21224,589512,-17,4532,4635,4675,4972
A015860,일진홀딩스,20180817,4460,4550,4430,4530,44743,588736,198,4581,4636,4688,4982
A015860,일진홀딩스,20180816,4515,4600,4385,4430,49805,584623,73,4621,4632,4704,4992
A015860,일진홀딩스,20180814,4520,4640,4510,4600,28924,584777,84,4681,4639,4721,5003
A015860,일진홀딩스,20180813,4670,4715,4595,4615,26866,584887,-70,4714,4638,4735,5014
A015860,일진홀딩스,20180810,4730,4750,4700,4730,18356,588184,2724,4745,4632,4750,5024
A015860,일진홀딩스,20180809,4750,4755,4725,4730,7622,586976,76,4749,4622,4765,5032
A015860,일진홀딩스,20180808,4735,4780,4700,4730,26996,584271,26,4753,4612,4774,5040
A015860,일진홀딩스,20180807,4725,4790,4705,4765,15807,577102,239,4752,4599,4784,5049
A015860,일진홀딩스,20180806,4765,4790,4715,4770,24227,572749,3029,4736,4586,4792,5060
A015860,일진홀딩스,20180803,4730,4825,4725,4750,38594,566249,-106,4732,4566,4799,5069
A015860,일진홀딩스,20180802,4725,4815,4655,4750,24338,562196,2712,4709,4544,4808,5079
A015860,일진홀딩스,20180801,4640,4750,4640,4725,28812,554702,-12,4670,4521,4818,5091
A015860,일진홀딩스,20180731,4710,4735,4655,4685,12422,544583,-25,4621,4502,4828,5103
A015860,일진홀딩스,20180730,4630,4775,4580,4750,46734,543031,-16,4584,4485,4840,5114
A015860,일진홀딩스,20180727,4545,4645,4545,4635,25165,541198,-36,4530,4468,4848,5124
A015860,일진홀딩스,20180726,4480,4585,4460,4555,37696,534411,70,4507,4462,4859,5137
A015860,일진홀딩스,20180725,4420,4530,4420,4480,15056,535167,-278,4486,4463,4871,5154
A015860,일진홀딩스,20180724,4460,4555,4265,4500,33488,530811,23,4503,4468,4884,5169
A015860,일진홀딩스,20180723,4530,4685,4480,4480,55440,525229,-438,4516,4474,4899,5184
A015860,일진홀딩스,20180720,4425,4625,4310,4520,69381,525892,83,4520,4485,4916,5197
A015860,일진홀딩스,20180719,4590,4590,4425,4450,49430,508862,4,4524,4490,4931,5210
A015860,일진홀딩스,20180718,4590,4600,4490,4565,15973,508657,15,4538,4503,4946,5221
A015860,일진홀딩스,20180717,4480,4575,4460,4565,19798,506447,283,4519,4508,4957,5232
A015860,일진홀딩스,20180716,4535,4550,4480,4500,23674,504742,-11,4506,4512,4968,5240
A015860,일진홀딩스,20180713,4520,4555,4475,4540,20201,500880,-302,4482,4529,4982,5249
A015860,일진홀딩스,20180712,4490,4560,4405,4520,24321,501584,-554,4438,4550,4992,5258
A015860,일진홀딩스,20180711,4500,4520,4440,4470,13268,500374,539,4391,4574,5004,5266
A015860,일진홀딩스,20180710,4365,4500,4365,4500,16125,498901,234,4366,4597,5012,5274
A015860,일진홀딩스,20180709,4320,4390,4290,4380,53349,494016,155,4334,4617,5019,5285
A015860,일진홀딩스,20180706,4250,4320,4235,4320,104058,482619,21,4338,4646,5027,5296
A015860,일진홀딩스,20180705,4295,4370,4230,4285,62467,474091,83,4377,4680,5038,5307
A015860,일진홀딩스,20180704,4290,4365,4270,4345,26107,477175,2,4436,4712,5049,5320
A015860,일진홀딩스,20180703,4385,4470,4285,4340,69001,474756,-35,4482,4740,5058,5333
A015860,일진홀딩스,20180702,4520,4550,4400,4400,52186,473450,63,4542,4770,5069,5347
A015860,일진홀딩스,20180629,4545,4585,4440,4515,79572,475913,229,4600,4795,5080,5359
A015860,일진홀딩스,20180628,4560,4595,4535,4580,69563,472757,-1543,4623,4815,5088,5365
A015860,일진홀딩스,20180627,4640,4645,4555,4575,53618,477547,44,4646,4836,5094,5370
A015860,일진홀딩스,20180626,4630,4675,4595,4640,35207,491383,31,4667,4862,5100,5375
A015860,일진홀딩스,20180625,4645,4700,4570,4690,47187,495216,16,4665,4880,5106,5378
A015860,일진홀딩스,20180622,4650,4675,4550,4630,113365,498168,5573,4695,4904,5111,5382
A015860,일진홀딩스,20180621,4680,5350,4610,4695,524649,509250,-11,4760,4938,5116,5385
A015860,일진홀딩스,20180620,4545,4680,4545,4680,54409,561051,-1070,4821,4976,5126,5388
A015860,일진홀딩스,20180619,4805,4850,4620,4630,146851,561130,975,4872,5015,5138,5394
A015860,일진홀딩스,20180618,4900,4995,4805,4840,96150,586638,-298,4926,5057,5148,5402
A015860,일진홀딩스,20180615,5010,5080,4955,4955,58240,609847,-1336,4949,5089,5156,5406
A015860,일진홀딩스,20180614,4940,5070,4935,5000,63186,611261,472,4958,5123,5162,5408
A015860,일진홀딩스,20180612,4900,5130,4890,4935,136696,614629,56,4944,5138,5166,5410
A015860,일진홀딩스,20180611,4955,4980,4885,4900,53889,592957,427,4937,5155,5172,5412
A015860,일진홀딩스,20180608,5000,5030,4945,4955,67359,592809,-12,4947,5173,5178,5414
A015860,일진홀딩스,20180607,4930,5020,4900,5000,49994,606849,-15,4937,5184,5186,5415
A015860,일진홀딩스,20180605,4920,4960,4870,4930,59579,597602,70,4920,5202,5192,5417
A015860,일진홀딩스,20180604,4925,4960,4850,4900,62975,593672,128,4934,5220,5200,5421
A015860,일진홀딩스,20180601,4940,5000,4870,4950,50429,602081,466,4974,5243,5208,5425
A015860,일진홀딩스,20180531,4935,4935,4850,4905,55038,610839,-9706,4984,5264,5214,5430
A015860,일진홀딩스,20180530,4990,5040,4890,4915,89762,618496,1295,5037,5282,5220,5436
A015860,일진홀딩스,20180529,5160,5160,4995,5000,89549,637631,3,5114,5300,5229,5441
A015860,일진홀딩스,20180528,5110,5170,5030,5100,115915,645737,-715,5204,5314,5239,5446
A015860,일진홀딩스,20180525,5100,5140,4955,5000,186810,632153,-12958,5276,5321,5250,5451
A015860,일진홀딩스,20180524,5290,5390,5160,5170,115151,654667,520,5370,5343,5262,5458
A015860,일진홀딩스,20180523,5450,5460,5300,5300,69442,651502,561,5434,5358,5269,5464
A015860,일진홀딩스,20180521,5440,5490,5350,5450,81893,664769,-53,5500,5365,5275,5469
A015860,일진홀딩스,20180518,5500,5500,5410,5460,64533,666642,658,5468,5358,5280,5471
A015860,일진홀딩스,20180517,5480,5540,5420,5470,92821,667399,192,5434,5348,5285,5474
A015860,일진홀딩스,20180516,5530,5590,5370,5490,188548,676915,412,5392,5337,5293,5478
A015860,일진홀딩스,20180515,5270,5660,5270,5630,407093,723456,105,5330,5328,5298,5480
A015860,일진홀딩스,20180514,5310,5340,5230,5290,50576,644530,-173,5272,5305,5299,5481
A015860,일진홀딩스,20180511,5280,5290,5170,5290,66087,643702,-359,5272,5300,5306,5481
A015860,일진홀딩스,20180510,5210,5280,5170,5260,71435,623275,13,5288,5283,5315,5482
A015860,일진홀딩스,20180509,5380,5390,5090,5180,160770,602974,8,5308,5268,5328,5484
A015860,일진홀딩스,20180508,5310,5520,5260,5340,137564,614088,-108,5326,5252,5339,5488
A015860,일진홀딩스,20180504,5380,5380,5250,5290,77434,627793,452,5312,5232,5350,5491
A015860,일진홀딩스,20180503,5320,5470,5320,5370,135681,630742,-28596,5314,5214,5365,5494
A015860,일진홀딩스,20180502,5200,5370,5200,5360,86203,617894,-10089,5286,5193,5377,5496
A015860,일진홀딩스,20180430,5330,5330,5170,5270,145440,595187,-20618,5302,5174,5388,5498
A015860,일진홀딩스,20180427,5340,5340,5210,5270,69307,594760,-28463,5342,5162,5399,5499
A015860,일진홀딩스,20180426,5270,5360,5180,5300,101710,589663,-39696,5376,5150,5415,5499
A015860,일진홀딩스,20180425,5320,5420,5230,5230,172093,567826,-30862,5378,5131,5436,5499
A015860,일진홀딩스,20180424,5470,5490,5350,5440,86656,548130,-238,5384,5118,5454,5499
A015860,일진홀딩스,20180423,5410,5540,5410,5470,207520,544698,96,5346,5096,5468,5496
A015860,일진홀딩스,20180420,5310,5440,5300,5440,130846,526483,-784,5312,5070,5478,5493
A015860,일진홀딩스,20180419,5290,5330,5170,5310,131679,502964,801,5260,5045,5489,5490
A015860,일진홀딩스,20180418,5300,5310,5100,5260,97359,484250,-148,5234,5043,5497,5488
A015860,일진홀딩스,20180417,5290,5370,5210,5250,110115,475498,-12133,5173,5051,5506,5486
A015860,일진홀딩스,20180416,5220,5400,5200,5300,154612,469390,-5323,5115,5052,5512,5484
A015860,일진홀딩스,20180413,5180,5230,5080,5180,81409,435736,21,5029,5052,5516,5481
A015860,일진홀딩스,20180412,4955,5230,4950,5180,154013,433387,904,4980,5058,5524,5479
A015860,일진홀딩스,20180411,4995,5000,4910,4955,61244,421350,65,4932,5061,5528,5476
A015860,일진홀딩스,20180410,4810,4960,4810,4960,52814,410988,119,4929,5079,5537,5477
A015860,일진홀딩스,20180409,4885,4925,4835,4870,68993,397056,-27,4931,5094,5550,5478
A015860,일진홀딩스,20180406,4920,4980,4890,4935,58786,396572,1,4963,5121,5564,5482
A015860,일진홀딩스,20180405,4945,4995,4930,4940,47455,387606,497,4984,5144,5576,5487
A015860,일진홀딩스,20180404,4995,4995,4895,4940,102206,379324,57,4979,5165,5592,5492
A015860,일진홀딩스,20180403,4960,5010,4930,4970,69017,384709,-129,4985,5187,5608,5496
A015860,일진홀딩스,20180402,5060,5060,4940,5030,60007,402715,-205,4991,5204,5624,5500
A015860,일진홀딩스,20180330,4985,5060,4850,5040,77420,412205,4211,4975,5218,5639,5503
A015860,일진홀딩스,20180329,4995,4995,4870,4915,90752,396976,-33855,4957,5237,5641,5506
A015860,일진홀딩스,20180328,4995,5000,4910,4970,50297,393961,-577,5026,5272,5646,5511
A015860,일진홀딩스,20180327,4990,5070,4980,5000,76891,402113,32,5118,5312,5650,5514
A015860,일진홀딩스,20180326,4895,4990,4780,4950,146623,393712,-39267,5170,5346,5650,5519
A015860,일진홀딩스,20180323,5150,5150,4875,4950,391984,395560,-64755,5242,5378,5653,5526
A015860,일진홀딩스,20180322,5420,5480,5170,5260,160087,435344,-2336,5310,5414,5654,5535
A015860,일진홀딩스,20180321,5290,5470,5230,5430,191148,489976,21,5308,5438,5650,5543
A015860,일진홀딩스,20180320,5250,5320,5220,5260,74794,468469,-4019,5284,5454,5651,5549
A015860,일진홀딩스,20180319,5330,5360,5250,5310,63108,470712,-1686,5286,5490,5655,5558
A015860,일진홀딩스,20180316,5210,5350,5210,5290,79869,460879,-41,5304,5516,5656,5569
A015860,일진홀딩스,20180315,5310,5330,5200,5250,140975,449608,-172,5324,5536,5655,5582
A015860,일진홀딩스,20180314,5260,5350,5260,5310,73226,446271,-38,5348,5558,5654,5591
A015860,일진홀딩스,20180313,5410,5420,5250,5270,246538,431645,-2195,5360,5583,5651,5596
A015860,일진홀딩스,20180312,5420,5490,5370,5400,87665,425701,-319,5370,5622,5649,5601
A015860,일진홀딩스,20180309,5410,5470,5380,5390,114350,410750,-5883,5350,5645,5644,5604
A015860,일진홀딩스,20180308,5370,5490,5330,5370,90663,401876,6784,5356,5674,5642,5608
A015860,일진홀딩스,20180307,5330,5430,5300,5370,72690,397311,685,5406,5714,5641,5609
A015860,일진홀딩스,20180306,5350,5460,5300,5320,53509,394038,-4786,5488,5751,5643,5609
A015860,일진홀딩스,20180305,5400,5450,5240,5300,147947,396426,6913,5558,5786,5646,5611
A015860,일진홀딩스,20180302,5500,5520,5350,5420,146850,388245,141,5616,5818,5651,5613
A015860,일진홀딩스,20180228,5770,5800,5620,5620,93447,406419,5884,5666,5858,5654,5616
A015860,일진홀딩스,20180227,5700,5830,5660,5780,123293,418559,-3510,5692,5905,5653,5615
A015860,일진홀딩스,20180226,5590,5730,5590,5670,153538,408910,119,5686,5932,5652,5611
A015860,일진홀딩스,20180223,5720,5720,5470,5590,255881,402019,124,5744,5964,5654,5608
A015860,일진홀딩스,20180222,5740,5810,5660,5670,134576,396980,-1071,5792,5985,5660,5606
A015860,일진홀딩스,20180221,5760,5840,5670,5750,87761,421688,381,5796,6008,5663,5603
A015860,일진홀딩스,20180220,5800,5860,5690,5750,216898,420654,5307,5786,6011,5663,5599
A015860,일진홀딩스,20180219,5900,5980,5850,5960,147348,397201,433,5798,6012,5664,5595
A015860,일진홀딩스,20180214,5690,5840,5650,5830,96946,392952,10692,5814,5994,5662,5591
A015860,일진홀딩스,20180213,5730,5880,5650,5690,182228,383127,91,5822,5981,5662,5587
A015860,일진홀딩스,20180212,5980,5990,5670,5700,212408,355927,10920,5880,5978,5662,5583
A015860,일진홀딩스,20180209,5820,5920,5770,5810,224705,369554,310,5972,5965,5655,5579
A015860,일진홀딩스,20180208,5800,6080,5800,6040,246733,390270,2762,6032,5949,5649,5575
A015860,일진홀딩스,20180207,6140,6150,5870,5870,375141,369825,133,6028,5934,5640,5570
A015860,일진홀딩스,20180206,5800,6130,5770,5980,477105,408151,724,6044,5926,5637,5569
A015860,일진홀딩스,20180205,6040,6800,5800,6160,1737257,372413,705,6092,5909,5632,5567
A015860,일진홀딩스,20180202,6030,6170,5950,6110,279432,435449,-3003,6170,5898,5623,5563
A015860,일진홀딩스,20180201,6030,6140,5900,6020,285991,455354,615,6210,5886,5615,5560
A015860,일진홀딩스,20180131,6090,6170,5900,5950,681913,446974,-51476,6268,5882,5608,5558
A015860,일진홀딩스,20180130,6550,6610,6180,6220,471198,430984,-24232,6282,5881,5598,5558
A015860,일진홀딩스,20180129,6380,6950,6340,6550,1675018,427084,423,6264,5828,5584,5556
A015860,일진홀딩스,20180126,6310,6330,6190,6310,260907,438821,21532,6116,5762,5562,5549
A015860,일진홀딩스,20180125,6000,6350,5990,6310,696825,497068,24358,6008,5706,5544,5545
A015860,일진홀딩스,20180124,6190,6270,5960,6020,679793,400749,-3556,5864,5640,5524,5542
A015860,일진홀딩스,20180123,5840,6130,5780,6130,1075609,445395,-24158,5776,5596,5508,5540
A015860,일진홀딩스,20180122,5800,5840,5700,5810,208531,371631,162,5676,5540,5490,5539
A015860,일진홀딩스,20180119,5630,5880,5550,5770,404143,390056,25243,5602,5502,5478,5542
A015860,일진홀딩스,20180118,5580,5720,5510,5590,149640,368299,1336,5546,5486,5466,5542
A015860,일진홀딩스,20180117,5680,5690,5480,5580,200737,369763,-1140,5576,5483,5456,5545
A015860,일진홀딩스,20180116,5420,5690,5420,5630,307815,405679,1691,5600,5472,5445,5547
A015860,일진홀딩스,20180115,5490,5580,5440,5440,175408,380961,36,5604,5450,5433,5548
A015860,일진홀딩스,20180112,5780,5780,5490,5490,289835,381292,-19602,5702,5438,5424,5549
A015860,일진홀딩스,20180111,5700,5830,5670,5740,174090,386317,-1693,5778,5420,5418,5548
A015860,일진홀딩스,20180110,5690,5830,5600,5700,225480,382498,-34,5820,5392,5406,5548
A015860,일진홀딩스,20180109,5990,6020,5610,5650,414920,383388,-14352,5866,5362,5400,5544
A015860,일진홀딩스,20180108,5820,6090,5800,5930,444787,370281,-17616,5770,5341,5397,5541
A015860,일진홀딩스,20180105,5950,6090,5800,5870,482460,359877,19372,5630,5312,5391,5536
A015860,일진홀딩스,20180104,5980,6200,5840,5950,965312,327393,-49425,5490,5294,5383,5534
A015860,일진홀딩스,20180103,5280,5980,5270,5930,2305375,222133,98420,5302,5268,5375,5531
A015860,일진홀딩스,20180102,5200,5280,5140,5170,109515,188122,257,5140,5253,5366,5528
A015860,일진홀딩스,20171228,5210,5300,5180,5230,90911,171612,-79,5108,5274,5371,5531
A015860,일진홀딩스,20171227,5020,5190,5000,5170,148545,162599,25376,5072,5292,5375,5532
A015860,일진홀딩스,20171226,5150,5150,4990,5010,237860,148941,35005,5130,5318,5379,5535
A015860,일진홀딩스,20171222,5020,5160,4910,5120,127078,148309,-1451,5234,5358,5389,5539
A015860,일진홀딩스,20171221,5050,5100,5000,5010,90650,143161,3356,5280,5400,5400,5541
A015860,일진홀딩스,20171220,5300,5310,4945,5050,410627,150100,12027,5320,5442,5417,5545
A015860,일진홀딩스,20171219,5560,5660,5460,5460,640775,165731,-25200,5348,5476,5436,5550
A015860,일진홀딩스,20171218,5380,5540,5280,5530,165024,191900,-38,5284,5495,5448,5553
A015860,일진홀딩스,20171215,5170,5360,5150,5350,158125,204136,-20050,5214,5511,5461,5553
A015860,일진홀딩스,20171214,5190,5300,5180,5210,112255,201255,-1875,5164,5534,5482,5555
A015860,일진홀딩스,20171213,5100,5230,5100,5190,164264,178464,-29601,5166,5556,5509,5559
A015860,일진홀딩스,20171212,5140,5240,5080,5140,72434,182567,-461,5200,5562,5529,5565
A015860,일진홀딩스,20171211,5100,5180,5030,5180,96755,199932,-107,5270,5577,5542,5571
A015860,일진홀딩스,20171208,5250,5260,5060,5100,118504,207416,435,5324,5594,5552,5576
A015860,일진홀딩스,20171207,5400,5400,5200,5220,136505,199462,245,5428,5622,5564,5584
A015860,일진홀딩스,20171206,5530,5530,5310,5360,181420,185489,660,5504,5646,5574,5588
A015860,일진홀딩스,20171205,5470,5560,5380,5490,98681,186932,184,5550,5660,5576,5591
A015860,일진홀딩스,20171204,5620,5630,5420,5450,133267,186749,5048,5590,5666,5574,5593
A015860,일진홀딩스,20171201,5630,5640,5450,5620,131003,193422,7516,5660,5672,5576,5595
A015860,일진홀딩스,20171130,5590,5750,5560,5600,134338,204960,602,5728,5660,5576,5596
A015860,일진홀딩스,20171129,5740,5740,5550,5590,129766,198954,29,5778,5648,5578,5597
A015860,일진홀딩스,20171128,5860,5860,5660,5690,210374,196003,-40154,5808,5632,5577,5594
A015860,일진홀딩스,20171127,5990,6020,5770,5800,219309,200797,240,5836,5606,5571,5591
A015860,일진홀딩스,20171124,5850,6000,5800,5960,262330,230413,6,5846,5574,5562,5586
A015860,일진홀딩스,20171123,5970,6070,5840,5850,680275,215099,-472,5816,5530,5551,5582
A015860,일진홀딩스,20171122,5890,5890,5670,5740,258523,261102,5653,5778,5488,5542,5576
A015860,일진홀딩스,20171121,5820,5910,5740,5830,232268,263036,4891,5688,5455,5535,5572
A015860,일진홀딩스,20171120,5980,6080,5780,5850,753576,261799,1088,5612,5418,5526,5565
A015860,일진홀딩스,20171117,5660,5830,5620,5810,283094,323084,373,5548,5373,5519,5558
A015860,일진홀딩스,20171116,5350,5690,5340,5660,304058,306570,160,5516,5330,5511,5549
A015860,일진홀딩스,20171115,5430,5430,5250,5290,322147,272742,6614,5522,5293,5504,5541
A015860,일진홀딩스,20171114,5600,5600,5390,5450,192929,258866,-13206,5594,5274,5504,5536
A015860,일진홀딩스,20171113,5620,5650,5310,5530,284990,269074,13265,5624,5256,5500,5529
A015860,일진홀딩스,20171110,5700,5760,5640,5650,127162,248028,64,5634,5232,5500,5520
A015860,일진홀딩스,20171109,5630,5730,5560,5690,163813,263377,280,5582,5214,5501,5512
A015860,일진홀딩스,20171108,5660,6000,5650,5650,896245,228326,-253,5516,5206,5502,5503
A015860,일진홀딩스,20171107,5610,5630,5530,5600,151201,247954,-5941,5436,5201,5503,5495
A015860,일진홀딩스,20171106,5430,5590,5360,5580,142598,260911,637,5354,5191,5505,5487
A015860,일진홀딩스,20171103,5360,5460,5260,5390,124349,251594,32,5268,5185,5508,5480
A015860,일진홀딩스,20171102,5250,5380,5150,5360,195629,250475,692,5206,5185,5517,5475
A015860,일진홀딩스,20171101,5190,5270,5150,5250,133349,253387,-2024,5138,5189,5528,5470
A015860,일진홀딩스,20171031,5170,5190,5090,5190,61163,246740,444,5102,5200,5537,5465
A015860,일진홀딩스,20171030,5190,5190,5090,5150,91550,235203,53,5084,5211,5547,5461
A015860,일진홀딩스,20171027,5020,5090,5000,5080,56154,246152,4012,5041,5234,5559,5457
A015860,일진홀딩스,20171026,5090,5120,5000,5020,91786,239917,-524,5014,5269,5572,5454
A015860,일진홀딩스,20171025,5100,5210,5050,5070,104243,257552,-285,4996,5319,5589,5451
A015860,일진홀딩스,20171024,4935,5270,4935,5100,418825,272260,-24140,4963,5376,5606,5446
A015860,일진홀딩스,20171023,4935,4965,4910,4935,71596,324165,27,4961,5431,5618,5441
A015860,일진홀딩스,20171020,4975,4975,4915,4945,93361,322369,197,4984,5500,5634,5437
A015860,일진홀딩스,20171019,4910,4950,4870,4930,106115,316063,514,5055,5582,5649,5434
A015860,일진홀딩스,20171018,5070,5110,4900,4905,217825,304625,-1565,5173,5678,5662,5430
A015860,일진홀딩스,20171017,5000,5170,5000,5090,164428,312813,-16641,5302,5752,5673,5426
A015860,일진홀딩스,20171016,5250,5330,4980,5050,320900,301667,-9024,5366,5794,5679,5420
A015860,일진홀딩스,20171013,5530,5540,5280,5300,407516,287444,63580,5448,5830,5689,5414
A015860,일진홀딩스,20171012,5530,5640,5490,5520,163282,353162,1240,5464,5857,5688,5406
A015860,일진홀딩스,20171011,5410,5580,5400,5550,184359,393195,2181,5450,5872,5684,5399
A015860,일진홀딩스,20171010,5500,5500,5340,5410,128018,416357,6558,5434,5866,5682,5391
A015860,일진홀딩스,20170929,5380,5460,5340,5460,104615,465873,-300,5434,5866,5684,5385
A015860,일진홀딩스,20170928,5470,5470,5330,5380,178286,487313,20478,5464,5870,5686,5380
A015860,일진홀딩스,20170927,5470,5560,5420,5450,197756,493940,-18525,5542,5882,5691,5375
A015860,일진홀딩스,20170926,5370,5520,5340,5470,159137,532843,5628,5658,5897,5691,5369
A015860,일진홀딩스,20170925,5540,5610,5310,5410,341865,545677,-18066,5806,5900,5689,5364
A015860,일진홀딩스,20170922,5750,5880,5520,5610,426719,541217,-58898,5962,5896,5691,5359
A015860,일진홀딩스,20170921,6080,6080,5720,5770,516474,510601,-6433,6104,5878,5689,5353
A015860,일진홀딩스,20170920,6210,6260,6010,6030,376645,452933,-38489,6266,5856,5683,5346
A015860,일진홀딩스,20170919,6230,6420,6120,6210,431993,433107,6425,6430,5820,5674,5335
A015860,일진홀딩스,20170918,6390,6550,6120,6190,687718,479923,-119580,6468,5774,5665,5324
A015860,일진홀딩스,20170915,6470,6620,6270,6320,625153,480373,-81012,6412,5730,5657,5313
A015860,일진홀딩스,20170914,6950,7010,6500,6580,1075963,452130,-12108,6302,5684,5644,5301
A015860,일진홀딩스,20170913,6540,6980,6470,6850,2134714,512982,-28753,6156,5622,5629,5285
A015860,일진홀딩스,20170912,5990,6400,5880,6400,1945790,536056,120617,5948,5542,5610,5267
A015860,일진홀딩스,20170911,5820,6010,5820,5910,343800,503800,-132,5758,5486,5600,5253
A015860,일진홀딩스,20170908,5870,6090,5720,5770,589082,509064,-106,5658,5452,5599,5243
A015860,일진홀딩스,20170907,5830,6230,5770,5850,1306482,477590,6660,5610,5440,5601,5235
A015860,일진홀딩스,20170906,5410,5920,5410,5810,846343,488750,4563,5566,5432,5603,5225
A015860,일진홀딩스,20170905,5420,5480,5360,5450,114017,497444,13628,5552,5428,5601,5215
A015860,일진홀딩스,20170904,5360,5650,5320,5410,259322,494181,-25,5568,5442,5606,5209
A015860,일진홀딩스,20170901,5670,5690,5500,5530,128399,522602,998,5550,5458,5611,5203
A015860,일진홀딩스,20170831,5740,5740,5580,5630,151675,537313,-27,5498,5470,5614,5196
A015860,일진홀딩스,20170830,5590,5810,5500,5740,451395,532612,-9000,5434,5484,5616,5189
A015860,일진홀딩스,20170829,5320,5740,5240,5530,254166,517609,0,5348,5498,5616,5180
A015860,일진홀딩스,20170828,5240,5350,5240,5320,55755,534191,0,5304,5510,5610,5176
A015860,일진홀딩스,20170825,5290,5340,5240,5270,72297,532127,3000,5300,5534,5610,5175
A015860,일진홀딩스,20170824,5310,5370,5300,5310,68235,533318,0,5326,5564,5610,5175
A015860,일진홀딩스,20170823,5330,5350,5250,5310,74913,539073,2,5334,5591,5612,5175
A015860,일진홀딩스,20170822,5310,5370,5250,5310,64383,548823,0,5322,5628,5610,5175
A015860,일진홀딩스,20170821,5440,5450,5300,5300,68622,555494,1708,5312,5668,5608,5175
A015860,일진홀딩스,20170818,5290,5450,5290,5400,84333,572969,-1862,5300,5694,5603,5179
A015860,일진홀딩스,20170817,5290,5420,5220,5350,112104,586404,0,5324,5717,5596,5182
A015860,일진홀딩스,20170816,5300,5360,5240,5250,68941,585641,2608,5392,5744,5586,5185
A015860,일진홀딩스,20170814,5260,5330,5220,5260,78235,582909,-2447,5488,5766,5578,5189
A015860,일진홀딩스,20170811,5430,5450,5200,5240,245852,580311,-1662,5586,5781,5568,5194
A015860,일진홀딩스,20170810,5710,5730,5490,5520,99247,554987,0,5684,5792,5557,5199
A015860,일진홀딩스,20170809,5710,5770,5640,5690,91871,562178,1475,5730,5798,5541,5202
A015860,일진홀딩스,20170808,5740,5780,5590,5730,100312,576024,-21,5778,5776,5523,5203
A015860,일진홀딩스,20170807,5730,5890,5710,5750,66689,570508,0,5834,5754,5504,5203
A015860,일진홀딩스,20170804,5750,5870,5640,5730,88477,578755,-3,5838,5736,5486,5202
A015860,일진홀딩스,20170803,5910,5960,5700,5750,161640,571692,1,5852,5726,5469,5201
A015860,일진홀딩스,20170802,6120,6120,5920,5930,152789,577177,11993,5876,5718,5452,5199
A015860,일진홀딩스,20170801,5760,6010,5730,6010,193763,606377,13034,5860,5706,5433,5197
A015860,일진홀딩스,20170731,5700,5810,5700,5770,88861,604526,4993,5866,5677,5411,5193
A015860,일진홀딩스,20170728,5900,5900,5690,5800,142470,597602,3000,5934,5658,5393,5191
A015860,일진홀딩스,20170727,5940,5980,5770,5870,173437,610277,1971,5942,5643,5375,5189
A015860,일진홀딩스,20170726,6100,6100,5810,5850,293962,558195,34000,5938,5625,5356,5187
A015860,일진홀딩스,20170725,6130,6220,5930,6040,403194,533428,1000,5946,5602,5337,5185
A015860,일진홀딩스,20170724,5840,6160,5800,6110,594264,568633,2431,5878,5576,5312,5181
A015860,일진홀딩스,20170721,5900,5910,5830,5840,164752,491088,13966,5766,5552,5285,5175
A015860,일진홀딩스,20170720,5860,5920,5790,5850,238969,476418,-23,5688,5546,5264,5172
A015860,일진홀딩스,20170719,5730,5920,5640,5890,471025,468599,11,5648,5532,5241,5170
A015860,일진홀딩스,20170718,5570,6020,5550,5700,2118129,438463,-32514,5518,5520,5218,5168
A015860,일진홀딩스,20170717,5420,5650,5420,5550,691117,449977,0,5436,5520,5198,5166
A015860,일진홀딩스,20170714,5450,5540,5360,5450,744562,488805,29,5406,5534,5179,5167
A015860,일진홀딩스,20170713,5260,6410,5260,5650,6678752,431566,-129151,5422,5554,5160,5170
A015860,일진홀딩스,20170712,5270,5390,5240,5240,81224,463869,-1875,5412,5566,5139,5172
A015860,일진홀딩스,20170711,5450,5460,5220,5290,135160,444624,-5,5498,5602,5125,5179
A015860,일진홀딩스,20170710,5520,5550,5350,5400,80753,452929,2000,5528,5622,5113,5186
A015860,일진홀딩스,20170707,5570,5630,5450,5530,70153,457881,2398,5526,5638,5101,5193
A015860,일진홀딩스,20170706,5670,5680,5560,5600,77831,471177,2009,5520,5650,5087,5197
A015860,일진홀딩스,20170705,5390,5700,5390,5670,157946,480882,-2971,5502,5655,5073,5203
A015860,일진홀딩스,20170704,5380,5460,5380,5440,76453,483537,-2921,5448,5658,5058,5209
A015860,일진홀딩스,20170703,5500,5550,5390,5390,86017,469477,20462,5462,5674,5048,5217
A015860,일진홀딩스,20170630,5470,5560,5470,5500,71106,468188,-38,5510,5664,5039,5226
A015860,일진홀딩스,20170629,5540,5560,5430,5510,127196,466594,3130,5556,5654,5028,5234
A015860,일진홀딩스,20170628,5550,5620,5330,5400,205986,448831,2239,5566,5642,5017,5241
A015860,일진홀딩스,20170627,5630,5690,5490,5510,138839,446061,7672,5618,5642,5008,5250
A015860,일진홀딩스,20170626,5790,5790,5630,5630,137691,422041,1964,5652,5628,4996,5257
A015860,일진홀딩스,20170623,5610,5740,5580,5730,105770,433146,2000,5696,5606,4983,5262
A015860,일진홀딩스,20170622,5680,5730,5550,5560,135344,411189,-14303,5720,5569,4969,5266
A015860,일진홀딩스,20170621,5670,5710,5580,5660,117802,402503,2000,5782,5540,4957,5273
A015860,일진홀딩스,20170620,5860,5890,5670,5680,191813,387214,21000,5844,5494,4942,5279
A015860,일진홀딩스,20170619,5900,5920,5810,5850,140060,386951,10002,5848,5447,4925,5286
A015860,일진홀딩스,20170616,5910,6030,5840,5850,184005,386062,8639,5820,5388,4906,5292
A015860,일진홀딩스,20170615,5920,6020,5780,5870,287895,406767,15297,5802,5325,4887,5296
A015860,일진홀딩스,20170614,5750,6180,5740,5970,1047255,444279,576,5770,5259,4869,5299
A015860,일진홀딩스,20170613,5710,5800,5570,5700,227839,442766,26548,5724,5191,4847,5302
A015860,일진홀딩스,20170612,5760,5800,5600,5710,243136,442428,15607,5732,5137,4830,5305
A015860,일진홀딩스,20170609,5670,5880,5660,5760,255393,489637,2651,5628,5085,4813,5309
A015860,일진홀딩스,20170608,5740,5890,5620,5710,422870,500801,10974,5540,5033,4794,5312
A015860,일진홀딩스,20170607,5760,5780,5590,5740,356857,518515,3809,5448,4984,4778,5314
A015860,일진홀딩스,20170605,5220,5740,5220,5740,788525,607803,4133,5380,4934,4762,5316
A015860,일진홀딩스,20170602,5320,5360,5170,5190,228315,546805,2846,5278,4883,4744,5317
A015860,일진홀딩스,20170601,5230,5360,5200,5320,141994,547430,6678,5280,4858,4742,5322
A015860,일진홀딩스,20170531,5360,5370,5250,5250,360911,543344,12104,5214,4827,4739,5326
A015860,일진홀딩스,20170530,5300,5410,5250,5400,382012,555007,-3077,5159,4801,4740,5332
A015860,일진홀딩스,20170529,5240,5490,5150,5230,780922,574090,78343,5029,4768,4738,5335
A015860,일진홀딩스,20170526,5010,5230,4970,5200,554399,572356,115756,4930,4734,4740,5338
A015860,일진홀딩스,20170525,5040,5090,4960,4990,377360,533264,36742,4823,4698,4742,5341
A015860,일진홀딩스,20170524,4750,4995,4740,4975,477234,551010,46550,4743,4675,4754,5346
A015860,일진홀딩스,20170523,4710,4765,4690,4750,136684,480808,21955,4658,4652,4767,5351
A015860,일진홀딩스,20170522,4675,4755,4670,4735,298598,447397,-147937,4632,4638,4784,5358
A015860,일진홀딩스,20170519,4590,4725,4585,4665,83562,429909,3694,4609,4626,4800,5366
A015860,일진홀딩스,20170518,4535,4590,4465,4590,93682,433258,-39,4608,4614,4820,5376
A015860,일진홀딩스,20170517,4610,4630,4520,4550,132087,436003,278,4634,4602,4841,5387
A015860,일진홀딩스,20170516,4620,4665,4590,4620,68951,442636,2055,4671,4593,4863,5399
A015860,일진홀딩스,20170515,4710,4710,4595,4620,39729,454193,7,4695,4582,4883,5411
A015860,일진홀딩스,20170512,4720,4720,4640,4660,69525,449237,-91,4715,4580,4901,5423
A015860,일진홀딩스,20170511,4765,4765,4715,4720,70036,449203,-66,4723,4579,4917,5434
A015860,일진홀딩스,20170510,4720,4770,4710,4735,42813,468027,-604,4718,4579,4932,5446
A015860,일진홀딩스,20170508,4745,4770,4710,4740,65295,470266,-12,4717,4580,4946,5456
A015860,일진홀딩스,20170504,4665,4730,4665,4720,74031,461121,4536,4714,4582,4961,5465
A015860,일진홀딩스,20170502,4740,4740,4675,4700,119807,446294,40078,4682,4587,4975,5470
A015860,일진홀딩스,20170428,4780,4780,4650,4695,59207,449413,-240,4639,4594,4989,5479
A015860,일진홀딩스,20170427,4730,4770,4700,4730,107859,466039,1014,4606,4601,5004,5488
A015860,일진홀딩스,20170426,4560,4730,4560,4725,175285,467261,1253,4561,4607,5019,5495
A015860,일진홀딩스,20170425,4495,4570,4495,4560,92732,409050,1918,4512,4616,5033,5503
A015860,일진홀딩스,20170424,4510,4560,4465,4485,96628,378812,-2299,4498,4628,5049,5511
A015860,일진홀딩스,20170421,4505,4545,4500,4530,62722,389180,2582,4484,4646,5065,5522
A015860,일진홀딩스,20170420,4500,4525,4460,4505,83076,385069,32745,4448,4662,5081,5533
A015860,일진홀딩스,20170419,4490,4505,4445,4480,87615,386039,-321,4422,4680,5099,5547
A015860,일진홀딩스,20170418,4445,4490,4400,4490,102348,390435,6683,4406,4692,5117,5561
A015860,일진홀딩스,20170417,4355,4435,4345,4415,107090,393189,2486,4425,4702,5135,5573
A015860,일진홀딩스,20170414,4360,4410,4350,4350,108852,381859,-4418,4470,4717,5156,5586
A015860,일진홀딩스,20170413,4400,4405,4355,4375,119907,395660,-14368,4544,4736,5179,5597
A015860,일진홀딩스,20170412,4585,4605,4330,4400,525242,390737,-3276,4620,4754,5204,5609
A015860,일진홀딩스,20170411,4630,4685,4585,4585,134752,426857,-11700,4697,4769,5233,5621
A015860,일진홀딩스,20170410,4720,4745,4635,4640,217288,438728,-15963,4742,4772,5259,5633
A015860,일진홀딩스,20170407,4730,4790,4715,4720,150201,480303,-68600,4784,4774,5285,5644
A015860,일진홀딩스,20170406,4780,4795,4705,4755,124417,488355,-23157,4806,4772,5308,5655
A015860,일진홀딩스,20170405,4815,4850,4775,4785,175072,494990,-56209,4826,4770,5333,5667
A015860,일진홀딩스,20170404,4840,4870,4765,4810,214055,512943,-3773,4848,4768,5360,5680
A015860,일진홀딩스,20170403,4820,4855,4795,4850,113775,548587,-20862,4846,4763,5387,5694
A015860,일진홀딩스,20170331,4825,4900,4805,4830,215054,541946,-93384,4845,4774,5414,5709
A015860,일진홀딩스,20170330,4935,4935,4810,4855,144771,530715,5837,4852,4790,5440,5725
A015860,일진홀딩스,20170329,4900,5070,4870,4895,621263,548328,-58702,4851,4811,5466,5740
A015860,일진홀딩스,20170328,4840,4840,4750,4800,770080,516477,621694,4817,4832,5492,5757
A015860,일진홀딩스,20170327,4920,4920,4775,4845,134467,493039,-23898,4796,4857,5518,5775
A015860,일진홀딩스,20170324,4850,4925,4830,4865,134719,489968,-8627,4769,4881,5541,5794
A015860,일진홀딩스,20170323,4775,4930,4730,4850,301857,478218,-14516,4741,4926,5564,5811
A015860,일진홀딩스,20170322,4680,4735,4675,4725,271661,453997,177315,4721,4970,5589,5828
A015860,일진홀딩스,20170321,4710,4755,4670,4695,194500,442385,-60797,4715,5021,5617,5846
A015860,일진홀딩스,20170320,4745,4990,4680,4710,881566,417840,-4388,4704,5072,5647,5864
A015860,일진홀딩스,20170317,4760,4760,4680,4725,135003,473480,-2201,4700,5128,5677,5881
A015860,일진홀딩스,20170316,4695,4750,4675,4750,255568,453761,-8692,4688,5186,5704,5899
A015860,일진홀딩스,20170315,4670,4775,4625,4695,329482,420387,-54089,4681,5243,5730,5915
A015860,일진홀딩스,20170314,4740,4740,4635,4640,182725,425325,-73606,4694,5298,5756,5931
A015860,일진홀딩스,20170313,4705,4760,4670,4690,169519,431357,-72633,4706,5350,5781,5948
A015860,일진홀딩스,20170310,4715,4725,4600,4665,206932,405523,-53117,4780,5397,5805,5965
A015860,일진홀딩스,20170309,4785,4800,4670,4715,267335,391866,-112285,4877,5444,5829,5981
A015860,일진홀딩스,20170308,4735,4795,4680,4760,397204,373657,-39750,4992,5489,5851,5998
A015860,일진홀딩스,20170307,4960,4960,4660,4700,810784,386467,-44454,5102,5533,5870,6015
A015860,일진홀딩스,20170306,5170,5170,4990,5060,117867,382440,-13612,5222,5576,5890,6032
A015860,일진홀딩스,20170303,5290,5290,5060,5150,255007,379533,-17587,5274,5600,5902,6048
A015860,일진홀딩스,20170302,5340,5350,5260,5290,146221,397165,-21261,5396,5620,5913,6063
A015860,일진홀딩스,20170228,5340,5370,5290,5310,141129,386817,-7661,5488,5638,5923,6078
A015860,일진홀딩스,20170227,5340,5370,5290,5300,118492,394897,12,5572,5650,5932,6093
A015860,일진홀딩스,20170224,5300,5530,5300,5320,727108,403730,62545,5658,5662,5936,6106
A015860,일진홀딩스,20170223,5750,5780,5670,5760,77966,433135,-9055,5760,5668,5940,6120
A015860,일진홀딩스,20170222,5750,5800,5720,5750,79880,438147,-29795,5782,5655,5937,6128
A015860,일진홀딩스,20170221,5720,5820,5710,5730,115210,426890,-28551,5810,5646,5934,6136
A015860,일진홀딩스,20170220,5820,5820,5710,5730,159601,399555,-6005,5822,5640,5932,6145
A015860,일진홀딩스,20170217,5850,5850,5750,5830,73352,408196,-14764,5816,5630,5931,6156
A015860,일진홀딩스,20170216,5900,5900,5800,5870,101980,403160,-14976,5774,5622,5932,6164
A015860,일진홀딩스,20170215,5820,5890,5750,5890,127448,396875,18056,5722,5616,5933,6171
A015860,일진홀딩스,20170214,5710,5860,5700,5790,169378,397432,-13249,5666,5616,5934,6178
A015860,일진홀딩스,20170213,5600,5700,5540,5700,110747,366019,38382,5636,5631,5939,6187
A015860,일진홀딩스,20170210,5640,5640,5550,5620,69911,365853,-14708,5610,5654,5946,6196
A015860,일진홀딩스,20170209,5650,5650,5560,5610,64239,359780,-1518,5590,5683,5952,6206
A015860,일진홀딩스,20170208,5670,5670,5550,5610,105367,356829,18163,5580,5708,5960,6220
A015860,일진홀딩스,20170207,5530,5660,5500,5640,121217,368995,34388,5590,5740,5966,6235
A015860,일진홀딩스,20170206,5530,5570,5500,5570,71198,379661,-12917,5570,5778,5968,6249
A015860,일진홀딩스,20170203,5580,5610,5450,5520,117116,377104,30040,5564,5820,5965,6263
A015860,일진홀딩스,20170202,5690,5690,5560,5560,102587,403104,-31007,5548,5868,5969,6278
A015860,일진홀딩스,20170201,5500,5680,5480,5660,139435,405916,-18811,5536,5910,5972,6294
A015860,일진홀딩스,20170131,5570,5580,5430,5540,112354,382283,-40295,5520,5948,5971,6308
A015860,일진홀딩스,20170126,5500,5540,5430,5540,154108,376909,-7844,5530,5994,5974,6323
A015860,일진홀딩스,20170125,5560,5590,5390,5440,146631,363294,-63847,5528,6034,5972,6337
A015860,일진홀딩스,20170124,5530,5630,5440,5500,127132,371392,-17156,5574,6074,5980,6355
A015860,일진홀딩스,20170123,5590,5650,5510,5580,106430,399053,14369,5624,6110,5986,6373
A015860,일진홀딩스,20170120,5530,5620,5480,5590,124651,434253,-41557,5686,6151,5994,6390
A015860,일진홀딩스,20170119,5670,5720,5480,5530,288863,454121,-106971,5788,6190,6004,6407
A015860,일진홀딩스,20170118,5700,5760,5600,5670,207451,471928,-59743,5916,6238,6011,6426
A015860,일진홀딩스,20170117,5830,5910,5710,5750,194219,468058,-47728,6020,6282,6015,6444
A015860,일진홀딩스,20170116,6070,6080,5860,5890,172595,472055,-71959,6090,6310,6016,6461
A015860,일진홀딩스,20170113,6170,6200,6060,6100,91009,478234,-30817,6166,6330,6014,6477
A015860,일진홀딩스,20170112,6190,6270,6100,6170,114116,479804,-49321,6222,6339,6010,6492
A015860,일진홀딩스,20170111,6120,6190,6000,6190,130690,449908,-2729,6274,6338,6006,6509
A015860,일진홀딩스,20170110,6280,6300,6080,6100,157669,445643,-34964,6330,6334,6003,6523
A015860,일진홀딩스,20170109,6380,6440,6240,6270,71082,451651,5943,6392,6335,6002,6538
A015860,일진홀딩스,20170106,6430,6510,6350,6380,110679,454362,-23424,6418,6323,6002,6552
A015860,일진홀딩스,20170105,6460,6580,6410,6430,85258,444267,-10000,6434,6298,6000,6563
A015860,일진홀딩스,20170104,6360,6520,6360,6470,57454,444397,4696,6416,6274,6002,6577
A015860,일진홀딩스,20170103,6480,6480,6350,6410,77805,441103,7057,6372,6240,6004,6591
A015860,일진홀딩스,20170102,6470,6560,6400,6400,51991,442149,1170,6334,6208,6010,6606
A015860,일진홀딩스,20161229,6390,6560,6320,6460,159950,444893,18381,6334,6184,6015,6622
A015860,일진홀딩스,20161228,6270,6380,6230,6340,38356,437155,9813,6318,6154,6022,6638
A015860,일진홀딩스,20161227,6220,6350,6220,6250,77322,430423,22043,6348,6113,6033,6653
A015860,일진홀딩스,20161226,6400,6410,6220,6220,83137,424656,3910,6404,6078,6047,6670
A015860,일진홀딩스,20161223,6400,6420,6280,6400,73628,425839,5767,6424,6045,6058,6688
A015860,일진홀딩스,20161222,6420,6550,6300,6380,129344,414335,-3308,6404,6006,6066,6703
A015860,일진홀딩스,20161221,6570,6630,6430,6490,145505,419243,-2245,6382,5966,6074,6714
A015860,일진홀딩스,20161220,6280,6580,6280,6530,186101,457756,53505,6312,5926,6080,6724
A015860,일진홀딩스,20161219,6340,6350,6200,6320,73413,439314,13477,6232,5894,6085,6731
A015860,일진홀딩스,20161216,6280,6320,6190,6300,85004,444621,257,6190,5873,6093,6736
A015860,일진홀딩스,20161215,6110,6270,6030,6270,130412,467013,18875,6136,5856,6100,6744
A015860,일진홀딩스,20161214,6170,6370,6140,6140,221786,469437,-61234,6060,5847,6107,6756
A015860,일진홀딩스,20161213,6110,6210,6040,6130,110657,457996,17642,6018,5846,6116,6772
A015860,일진홀딩스,20161212,6100,6180,6010,6110,103905,445354,4500,5952,5838,6125,6788
A015860,일진홀딩스,20161209,5940,6060,5880,6030,177525,433035,48383,5882,5836,6133,6802
A015860,일진홀딩스,20161208,5980,5980,5850,5890,70111,424762,9539,5862,5835,6144,6816
A015860,일진홀딩스,20161207,5800,5940,5750,5930,123689,420256,-18047,5856,5828,6160,6832
A015860,일진홀딩스,20161206,5670,5930,5670,5800,142043,426846,-26356,5774,5802,6175,6848
A015860,일진홀딩스,20161205,5900,5930,5740,5760,93265,421795,-7448,5722,5800,6194,6867
A015860,일진홀딩스,20161202,5880,6060,5880,5930,170904,431573,697,5684,5798,6214,6884
A015860,일진홀딩스,20161201,5650,5920,5540,5860,158696,418213,31246,5622,5782,6233,6905
A015860,일진홀딩스,20161130,5550,5640,5510,5520,73205,409004,-16794,5564,5774,6253,6926
A015860,일진홀딩스,20161129,5530,5640,5520,5540,56723,412640,-12382,5598,5771,6276,6950
A015860,일진홀딩스,20161128,5650,5670,5550,5570,41882,409378,-7300,5670,5788,6300,6975
A015860,일진홀딩스,20161125,5510,5640,5510,5620,56436,413996,701,5736,5802,6320,6999
A015860,일진홀딩스,20161124,5660,5750,5560,5570,142244,402451,-3873,5804,5826,6338,7024
A015860,일진홀딩스,20161123,5870,5960,5660,5690,135730,390961,-10662,5908,5856,6358,7048
A015860,일진홀딩스,20161122,5930,6030,5840,5900,52995,417084,-18870,5992,5868,6380,7072
A015860,일진홀딩스,20161121,6020,6020,5830,5900,71108,411614,6465,6010,5870,6395,7094
A015860,일진홀딩스,20161118,6060,6100,5920,5960,101237,397163,30502,6042,5864,6408,7118
A015860,일진홀딩스,20161117,6140,6150,6040,6090,91779,405017,-37918,6052,5856,6422,7141
A015860,일진홀딩스,20161116,5970,6140,5970,6110,117721,410951,1583,5986,5844,6436,7163
A015860,일진홀딩스,20161115,5980,6080,5920,5990,81547,387647,7727,5844,5836,6446,7187
A015860,일진홀딩스,20161114,6010,6100,5950,6060,99779,388581,10598,5798,5836,6461,7210
A015860,일진홀딩스,20161111,5730,6010,5700,6010,171537,385844,56163,5732,5834,6481,7230
A015860,일진홀딩스,20161110,5540,5810,5540,5760,249868,379019,-16684,5648,5846,6504,7252
A015860,일진홀딩스,20161109,5790,5830,5270,5400,257755,340276,30153,5636,5872,6530,7276
A015860,일진홀딩스,20161108,5770,5850,5640,5760,166072,321658,12283,5650,5929,6561,7310
A015860,일진홀딩스,20161107,5610,5760,5560,5730,80380,339685,20525,5672,5972,6586,7347
A015860,일진홀딩스,20161104,5650,5690,5510,5590,143807,339223,-38871,5696,6022,6616,7386
A015860,일진홀딩스,20161103,5380,5730,5360,5700,154195,342716,40048,5798,6079,6644,7426
A015860,일진홀딩스,20161102,5830,5890,5460,5470,356191,334185,-55433,5894,6140,6673,7468
A015860,일진홀딩스,20161101,5800,5970,5800,5870,143251,347113,-7070,5988,6214,6702,7508
A015860,일진홀딩스,20161031,6100,6140,5790,5850,175042,335767,-10758,6002,6275,6730,7545
A015860,일진홀딩스,20161028,6180,6240,6100,6100,147613,331274,39004,5984,6328,6761,7582
A015860,일진홀딩스,20161027,5970,6210,5910,6180,201718,346041,48375,5928,6366,6785,7616
A015860,일진홀딩스,20161026,6000,6060,5870,5940,212503,339590,42549,5862,6401,6810,7650
A015860,일진홀딩스,20161025,5760,5940,5740,5940,176429,362744,42814,5860,6448,6841,7688
A015860,일진홀딩스,20161024,5830,5880,5670,5760,197975,355442,-956,5874,6490,6872,7726
A015860,일진홀딩스,20161021,5850,5950,5800,5820,148228,330880,-42224,5924,6544,6906,7766
A015860,일진홀딩스,20161020,5910,5960,5850,5850,143973,325503,-4528,6012,6588,6939,7806
A015860,일진홀딩스,20161019,5980,6050,5900,5930,202183,325100,-111612,6094,6630,6975,7849
A015860,일진홀딩스,20161018,5950,6120,5830,6010,310740,333747,14263,6218,6666,7011,7890
A015860,일진홀딩스,20161017,6230,6290,6000,6010,237261,297895,-54768,6338,6700,7042,7928
A015860,일진홀딩스,20161014,6230,6370,6220,6260,158590,302769,-19058,6486,6730,7075,7967
A015860,일진홀딩스,20161013,6540,6570,6260,6260,250789,279040,-21013,6578,6751,7102,8002
A015860,일진홀딩스,20161012,6580,6630,6510,6550,139245,309840,-44825,6710,6780,7127,8038
A015860,일진홀딩스,20161011,6750,6770,6600,6610,165365,310351,-22941,6792,6793,7153,8073
A015860,일진홀딩스,20161010,6670,6800,6650,6750,170453,322919,-21660,6886,6812,7177,8105
A015860,일진홀딩스,20161007,6920,6920,6680,6720,212592,330303,-31674,6918,6820,7203,8136
A015860,일진홀딩스,20161006,7030,7030,6790,6920,195010,345425,1563,6948,6840,7229,8163
A015860,일진홀딩스,20161005,7020,7130,6960,6960,151586,371807,-13714,6938,6846,7254,8190
A015860,일진홀딩스,20161004,6960,7100,6920,7080,228436,392183,3054,6920,6841,7273,8218
A015860,일진홀딩스,20160930,6850,6950,6780,6910,142626,375283,21568,6862,6836,7294,8246
A015860,일진홀딩스,20160929,6880,6980,6870,6870,96217,370450,4769,6846,6830,7317,8276
A015860,일진홀딩스,20160928,6910,6990,6820,6870,145920,377348,2985,6814,6820,7340,8307
A015860,일진홀딩스,20160927,6770,6910,6760,6870,125395,365560,-13957,6776,6818,7354,8337
A015860,일진홀딩스,20160926,6850,6930,6770,6790,175836,348620,-889,6732,6824,7368,8365
A015860,일진홀딩스,20160923,6720,6870,6650,6830,240169,361150,-13069,6714,6824,7377,8397
A015860,일진홀딩스,20160922,6700,6750,6650,6710,173377,351098,-69395,6670,6818,7380,8430
A015860,일진홀딩스,20160921,6620,6720,6620,6680,119623,331497,-15636,6664,6821,7388,8464
A015860,일진홀딩스,20160920,6720,6750,6620,6650,176887,310093,-55689,6698,6833,7406,8501
A015860,일진홀딩스,20160919,6580,6720,6550,6700,150133,312341,27956,6728,6836,7428,8541
A015860,일진홀딩스,20160913,6710,6780,6580,6610,272890,292248,-84421,6786,6846,7451,8576
A015860,일진홀딩스,20160912,6780,6880,6660,6680,226143,320772,-9553,6844,6878,7471,8612
A015860,일진홀딩스,20160909,6810,6960,6770,6850,206917,343738,59765,6932,6916,7489,8644
A015860,일진홀딩스,20160908,7020,7120,6690,6800,361565,330132,30737,6972,6940,7504,8676
A015860,일진홀딩스,20160907,6900,7070,6880,6990,217136,362818,6349,6984,6960,7522,8713
A015860,일진홀딩스,20160906,7100,7200,6880,6900,207974,353126,-51217,6984,6974,7539,8747
A015860,일진홀딩스,20160905,7080,7300,7030,7120,299961,359617,-9988,6958,7004,7555,8783
A015860,일진홀딩스,20160902,6840,7050,6800,7050,194358,369651,38165,6872,7015,7576,8821
A015860,일진홀딩스,20160901,6900,6970,6810,6860,174061,366464,-50041,6824,7032,7599,8862
A015860,일진홀딩스,20160831,6790,7180,6790,6990,437710,394044,-19235,6850,7052,7624,8902
A015860,일진홀딩스,20160830,6700,6770,6680,6770,189225,396797,10445,6812,7078,7650,8941
A015860,일진홀딩스,20160829,6750,6860,6670,6690,231802,408116,-78737,6802,7124,7678,8983
A015860,일진홀딩스,20160826,6990,6990,6790,6810,170278,437421,-17383,6816,7169,7710,9024
A015860,일진홀딩스,20160825,6730,7120,6680,6990,445829,457196,-21949,6838,7212,7737,9069
A015860,일진홀딩스,20160824,6780,6990,6720,6800,312315,469757,-31002,6782,7252,7764,9115
A015860,일진홀딩스,20160823,6710,6810,6710,6720,160351,506354,-11043,6804,7303,7793,9162
A015860,일진홀딩스,20160822,6940,6950,6760,6760,192844,509926,-15364,6910,7356,7828,9210
A015860,일진홀딩스,20160819,6720,7050,6710,6920,309354,552890,-41323,7042,7408,7861,9262
A015860,일진홀딩스,20160818,6890,7010,6690,6710,449017,496331,-131257,7124,7462,7891,9312
A015860,일진홀딩스,20160817,7160,7180,6910,6910,424474,465825,-76523,7224,7532,7928,9361
A015860,일진홀딩스,20160816,7380,7390,7250,7250,198087,543384,-74046,7298,7581,7960,9408
A015860,일진홀딩스,20160812,7340,7440,7290,7420,240503,567289,-112586,7348,7616,7980,9451
A015860,일진홀딩스,20160811,7280,7410,7270,7330,169468,553884,2172,7330,7640,8000,9488
A015860,일진홀딩스,20160810,7230,7340,7190,7210,214021,566094,-24448,7342,7662,8022,9523
A015860,일진홀딩스,20160809,7510,7550,7270,7280,274774,564716,-171159,7350,7707,8059,9557
A015860,일진홀딩스,20160808,7350,7680,7300,7500,296733,585847,-41427,7400,7746,8109,9590
A015860,일진홀딩스,20160805,7450,7450,7290,7330,182530,559413,-70801,7438,7786,8156,9621
A015860,일진홀딩스,20160804,7250,7390,7240,7390,104707,528060,-15770,7488,7832,8208,9645
A015860,일진홀딩스,20160803,7530,7580,7240,7250,248345,516847,-53768,7542,7884,8264,9675
A015860,일진홀딩스,20160802,7750,7750,7450,7530,215416,521549,-48513,7652,7928,8314,9710
A015860,일진홀딩스,20160801,7600,7690,7540,7690,157535,535521,-10694,7710,7966,8360,9746
A015860,일진홀딩스,20160729,7650,7720,7500,7580,247489,544996,-68935,7728,7998,8402,9778
A015860,일진홀딩스,20160728,7800,7810,7660,7660,179239,559053,-75005,7772,8032,8448,9813
A015860,일진홀딩스,20160727,7770,7960,7730,7800,237943,573416,-30945,7840,8034,8490,9844
A015860,일진홀딩스,20160726,7810,7890,7690,7820,121887,588376,20915,7900,8029,8536,9876
A015860,일진홀딩스,20160725,7800,7850,7610,7780,198677,599768,-223,7916,8004,8579,9902
A015860,일진홀딩스,20160722,7950,7980,7690,7800,422986,642621,-27554,7950,7964,8625,9926
A015860,일진홀딩스,20160721,8110,8160,7900,8000,213244,732463,-38631,7968,7934,8673,9948
A015860,일진홀딩스,20160720,7900,8240,7830,8100,297414,774667,640,7922,7922,8723,9969
A015860,일진홀딩스,20160719,7910,8010,7830,7900,132698,783232,-14325,7926,7916,8770,9987
A015860,일진홀딩스,20160718,7850,8040,7770,7950,235419,802724,-2261,7956,7924,8814,10004
A015860,일진홀딩스,20160715,7810,8050,7800,7890,227551,813986,-13128,8026,7919,8859,10020
A015860,일진홀딩스,20160714,8130,8130,7770,7770,455938,770512,-60188,8102,7912,8903,10040
A015860,일진홀딩스,20160713,8070,8180,7990,8120,195398,785599,-41968,8232,7912,8950,10065
A015860,일진홀딩스,20160712,8250,8330,8000,8050,343326,746650,-96839,8232,7898,8993,10086
A015860,일진홀딩스,20160711,8320,8390,8220,8300,156322,738075,2749,8282,7898,9032,10112
A015860,일진홀딩스,20160708,8420,8470,8170,8270,232956,748406,3124,8288,7876,9068,10138
A015860,일진홀딩스,20160707,8190,8420,8130,8420,271206,796695,23702,8284,7880,9097,10163
A015860,일진홀딩스,20160706,8250,8280,7980,8120,320352,783938,18228,8140,7881,9126,10185
A015860,일진홀딩스,20160705,8360,8370,8220,8300,168298,832763,-36078,8058,7892,9163,10206
A015860,일진홀딩스,20160704,8310,8420,8200,8330,325913,824216,42466,7860,7904,9198,10227
A015860,일진홀딩스,20160701,7700,8330,7680,8250,490940,872587,4367,7592,7913,9234,10253
A015860,일진홀딩스,20160630,7780,7870,7620,7700,217052,819564,-33356,7384,7928,9274,10282
A015860,일진홀딩스,20160629,7390,7860,7380,7710,468216,826507,-78251,7392,7966,9320,10311
A015860,일진홀딩스,20160628,7100,7410,7060,7310,625946,778835,-135784,7446,8011,9362,10346
A015860,일진홀딩스,20160627,6900,7120,6880,6990,648480,705924,-291004,7600,8073,9418,10383
A015860,일진홀딩스,20160624,7820,7980,7130,7210,649901,604334,-93733,7770,8163,9481,10414
A015860,일진홀딩스,20160623,8090,8090,7720,7740,242421,489811,-53230,7876,8240,9541,10442
A015860,일진홀딩스,20160622,8020,8130,7930,7980,122218,486512,-8361,7882,8290,9597,10468
A015860,일진홀딩스,20160621,7950,8270,7930,8080,370500,506530,-12244,7856,8336,9654,10494
A015860,일진홀딩스,20160620,7710,7950,7710,7840,254264,523379,-42644,7850,8374,9702,10519
A015860,일진홀딩스,20160617,7770,7880,7670,7740,169325,486431,-713,7852,8404,9752,10544
A015860,일진홀딩스,20160616,7780,7930,7530,7770,416365,482516,-38601,7978,8448,9799,10569
A015860,일진홀딩스,20160615,7990,8030,7800,7850,245092,463921,-33316,8110,8492,9848,10589
A015860,일진홀딩스,20160614,7760,8120,7710,8050,357916,484400,-5258,8210,8573,9905,10605
A015860,일진홀딩스,20160613,8310,8320,7830,7850,499114,440661,-159281,8308,8683,9955,10620
A015860,일진홀딩스,20160610,8440,8470,8260,8370,200811,438916,-14987,8438,8806,10010,10637
A015860,일진홀딩스,20160609,8350,8430,8270,8430,254627,450539,-812,8476,8912,10066,10646
A015860,일진홀딩스,20160608,8500,8570,8330,8350,285803,433583,-69249,8482,9026,10126,10658
A015860,일진홀딩스,20160607,8520,8640,8480,8540,194294,454990,-22982,8532,9123,10180,10670
A015860,일진홀딩스,20160603,8560,8620,8440,8500,217976,455112,10625,8534,9211,10232,10685
A015860,일진홀딩스,20160602,8470,8580,8370,8560,304301,459328,-18520,8592,9296,10287,10700
A015860,일진홀딩스,20160601,8610,8610,8450,8460,283622,431820,-108210,8628,9383,10339,10714
A015860,일진홀딩스,20160531,8510,8710,8470,8600,415628,390253,-204947,8684,9470,10401,10733
A015860,일진홀딩스,20160530,8760,8800,8550,8550,228643,299237,-16235,8744,9568,10467,10751
A015860,일진홀딩스,20160527,8770,8850,8710,8790,198951,298794,-16814,8804,9660,10531,10771
A015860,일진홀딩스,20160526,8740,8930,8700,8740,145698,306732,11167,8732,9748,10592,10791
A015860,일진홀딩스,20160525,9030,9030,8740,8740,209668,297669,-23991,8708,9846,10664,10812
A015860,일진홀딩스,20160524,8850,9120,8600,8900,467948,316166,28097,8690,9959,10732,10834
A015860,일진홀딩스,20160523,8450,8880,8450,8850,405996,379666,90590,8806,10059,10794,10856
A015860,일진홀딩스,20160520,8560,8600,8370,8430,552887,377353,-125888,9086,10144,10856,10879
A015860,일진홀딩스,20160519,8580,8770,8450,8620,513392,396111,-79600,9460,10255,10922,10903
A015860,일진홀딩스,20160518,9310,9360,8270,8650,1621593,391552,-70263,9836,10349,10976,10917
A015860,일진홀딩스,20160517,10000,10100,9430,9480,1049454,369758,-226516,10246,10446,11024,10931
A015860,일진홀딩스,20160516,10300,10600,10100,10250,497122,380347,-111811,10410,10508,11055,10938
A015860,일진홀딩스,20160513,10450,10550,10200,10300,235547,410215,-104092,10420,10515,11072,10947
A015860,일진홀딩스,20160512,10650,10650,10400,10500,180151,391350,-64102,10400,10522,11086,10956
A015860,일진홀딩스,20160511,10450,10850,10350,10700,402434,383803,-10709,10360,10498,11081,10966
A015860,일진홀딩스,20160510,10250,10450,10250,10300,166622,327292,-13177,10260,10470,11086,10976
A015860,일진홀딩스,20160509,10250,10400,10200,10300,142774,314922,20963,10310,10472,11106,10983
A015860,일진홀딩스,20160504,10300,10600,10200,10200,242441,327232,-79563,10330,10480,11132,10993
A015860,일진홀딩스,20160503,10250,10400,10250,10300,94897,343169,15081,10400,10492,11153,11003
A015860,일진홀딩스,20160502,10500,10550,10150,10200,216320,343137,-27435,10480,10510,11179,11014
A015860,일진홀딩스,20160429,10400,10600,10350,10550,186630,355544,17500,10640,10522,11198,11022
A015860,일진홀딩스,20160428,10550,10800,10400,10400,236085,366420,-31031,10710,10508,11216,11028
A015860,일진홀딩스,20160427,10750,10800,10500,10550,198811,362338,-30509,10740,10520,11224,11038
A015860,일진홀딩스,20160426,11150,11150,10650,10700,296379,372543,-11472,10760,10532,11228,11050
A015860,일진홀딩스,20160425,11050,11400,10950,11000,682492,389278,54581,10720,10538,11222,11062
A015860,일진홀딩스,20160422,10550,10900,10450,10900,451364,437399,111662,10640,10542,11215,11073
A015860,일진홀딩스,20160421,10650,10700,10450,10550,180058,415167,11910,10600,10568,11203,11086
A015860,일진홀딩스,20160420,10500,10800,10350,10650,256691,435387,-99,10570,10588,11194,11107
A015860,일진홀딩스,20160419,10700,10700,10350,10500,240114,429172,-19979,10530,10598,11182,11129
A015860,일진홀딩스,20160418,10750,10900,10600,10600,246622,423161,-16346,10430,10600,11178,11145
A015860,일진홀딩스,20160415,10400,11100,10350,10700,1065564,449013,22182,10340,10605,11181,11166
A015860,일진홀딩스,20160414,10550,10700,10300,10400,289559,452653,-13835,10270,10635,11179,11188
A015860,일진홀딩스,20160412,9980,10500,9960,10450,428307,474832,9354,10280,10668,11192,11209
A015860,일진홀딩스,20160411,10200,10200,9960,10000,510360,415674,-188203,10280,10702,11208,11225
A015860,일진홀딩스,20160408,10250,10350,10050,10150,426891,387618,-95493,10410,10788,11230,11244
A015860,일진홀딩스,20160407,10450,10650,10300,10350,313239,354499,-65820,10470,10882,11245,11259
A015860,일진홀딩스,20160406,10350,10550,10300,10450,203413,376269,-8677,10450,10945,11250,11278
A015860,일진홀딩스,20160405,10650,10700,10350,10450,250139,380024,-57856,10490,11005,11256,11296
A015860,일진홀딩스,20160404,10600,10800,10500,10650,218827,398234,-4378,10560,11072,11272,11306
A015860,일진홀딩스,20160401,10350,10650,10350,10450,390260,382779,-80523,10590,11125,11289,11315
A015860,일진홀딩스,20160331,10650,10700,10250,10250,475567,376771,-183013,10720,11210,11302,11329
A015860,일진홀딩스,20160330,10700,10900,10650,10650,205304,288138,-34848,10950,11325,11330,11348
A015860,일진홀딩스,20160329,10900,10950,10550,10800,452459,273670,-190973,11010,11412,11349,11364
A015860,일진홀딩스,20160328,11150,11200,10700,10800,303997,270640,-884,11020,11495,11346,11383
A015860,일진홀딩스,20160325,11350,11500,11000,11100,330690,276523,-13653,10970,11608,11343,11405
A015860,일진홀딩스,20160324,11050,11450,10900,11400,491707,319034,91659,10890,11695,11339,11423
A015860,일진홀딩스,20160323,10900,11050,10800,10950,448799,368226,24633,10870,11755,11334,11439
A015860,일진홀딩스,20160322,10550,10900,10500,10850,652767,414783,-37760,10890,11835,11337,11459
A015860,일진홀딩스,20160321,10800,10850,10350,10550,754153,377881,-325045,10950,11912,11337,11486
A015860,일진홀딩스,20160318,11300,11350,10650,10700,616451,272787,-224710,11180,11980,11340,11519
A015860,일진홀딩스,20160317,11250,11550,11150,11300,391473,236838,-53337,11450,12020,11330,11541
A015860,일진홀딩스,20160316,11050,11350,11050,11050,210438,249714,-23284,11510,12022,11304,11552
A015860,일진홀딩스,20160315,11650,11750,11100,11150,541074,250860,-211238,11630,12032,11285,11563
A015860,일진홀딩스,20160314,12050,12150,11600,11700,254652,229866,-39403,11760,12032,11264,11569
A015860,일진홀딩스,20160311,11600,12200,11600,12050,452669,248627,-25916,11760,11958,11227,11571
A015860,일진홀딩스,20160310,11700,11800,11550,11600,244465,241592,-58129,11780,11905,11190,11571
A015860,일진홀딩스,20160309,11800,11900,11550,11650,328674,239652,-44399,11970,11900,11159,11578
A015860,일진홀딩스,20160308,11750,12050,11550,11800,287771,240508,-46274,12120,11910,11138,11585
A015860,일진홀딩스,20160307,12200,12250,11650,11700,465343,220918,-109537,12250,11895,11114,11583
A015860,일진홀딩스,20160304,12400,12450,12050,12150,356761,199196,-15918,12520,11902,11090,11585
A015860,일진홀딩스,20160303,12400,12650,12200,12550,220902,211041,-20108,12660,11862,11065,11584
A015860,일진홀딩스,20160302,12650,12900,12350,12400,371602,212110,-39463,12670,11815,11036,11589
A015860,일진홀딩스,20160229,12800,12800,12050,12450,1151138,210461,51368,12700,11740,11010,11600
A015860,일진홀딩스,20160226,12600,13200,12450,13050,658851,301983,96346,12690,11655,10990,11604
A015860,일진홀딩스,20160225,12650,13000,12300,12850,581932,287931,100262,12460,11522,10960,11608
A015860,일진홀딩스,20160224,12400,12850,12350,12600,715305,303693,71954,12190,11408,10936,11620
A015860,일진홀딩스,20160223,12450,12650,12000,12550,672051,319082,121158,11940,11288,10919,11635
A015860,일진홀딩스,20160222,11900,12500,11850,12400,693020,343082,59511,11680,11160,10902,11649
A015860,일진홀딩스,20160219,11550,12150,11400,11900,763999,323373,79459,11430,11035,10884,11659
A015860,일진홀딩스,20160218,11600,11600,11200,11500,432802,306756,42391,11090,10955,10858,11674
A015860,일진홀딩스,20160217,11500,11550,11100,11350,415605,325229,23273,10990,10918,10839,11694
A015860,일진홀딩스,20160216,11400,11550,11050,11250,427159,353860,19920,11020,10880,10821,11717
A015860,일진홀딩스,20160215,10400,11300,10350,11150,524134,377493,19159,11140,10875,10822,11743
A015860,일진홀딩스,20160212,11000,11150,9950,10200,769595,340261,-18290,11210,10890,10826,11776
A015860,일진홀딩스,20160211,11000,11450,10850,11000,589837,317470,28953,11540,10945,10851,11835
A015860,일진홀딩스,20160205,12000,12000,11500,11500,323769,302149,-9963,11610,10948,10866,11877
A015860,일진홀딩스,20160204,11650,12000,11400,11850,474293,321422,9573,11630,10905,10860,11915
A015860,일진홀딩스,20160203,11400,12000,11350,11500,550641,292546,12794,11440,10852,10855,11930
A015860,일진홀딩스,20160202,12200,12550,11650,11850,2306675,239208,-52666,11290,10848,10853,11955
A015860,일진홀딩스,20160201,12000,12300,11050,11350,1579936,271519,-200522,11000,10840,10848,11974
A015860,일진홀딩스,20160129,11100,11800,10850,11600,797714,278392,-76479,10840,10832,10846,11998
A015860,일진홀딩스,20160128,10650,11350,10600,10900,584964,259617,-125465,10560,10850,10840,12015
A015860,일진홀딩스,20160127,10550,11000,10500,10750,495094,237873,-98350,10380,10895,10851,12026
A015860,일진홀딩스,20160126,10500,10550,10250,10400,196136,249400,-22585,10210,10888,10873,12024
A015860,일진홀딩스,20160125,10300,10750,10200,10550,313821,264812,-9580,10190,10900,10900,12021
A015860,일진홀딩스,20160122,10400,10600,10100,10200,350754,231372,-19974,10230,10915,10930,12011
A015860,일진홀딩스,20160121,10050,10350,9900,10000,355942,254685,5330,10310,10960,10969,12016
A015860,일진홀딩스,20160120,10300,10400,9690,9900,408048,239883,659,10540,11015,11020,12020
A015860,일진홀딩스,20160119,10750,10750,10150,10300,362647,229927,-111643,10850,11062,11076,12028
A015860,일진홀딩스,20160118,10300,10800,10300,10750,237352,247011,44445,11050,11085,11112,12035
A015860,일진홀딩스,20160115,11250,11250,10200,10600,730973,277832,-168469,11110,11052,11152,12028
A015860,일진홀딩스,20160114,11150,11250,10850,11150,425759,313252,-89711,11120,11010,11196,12022
A015860,일진홀딩스,20160113,11400,11600,11150,11450,379470,353951,12647,11050,10946,11227,12008
A015860,일진홀딩스,20160112,11400,11450,11050,11300,231970,373100,6281,11040,10868,11242,11989
A015860,일진홀딩스,20160111,11100,11400,10850,11050,458741,404566,67677,11120,10779,11258,11965
A015860,일진홀딩스,20160108,10550,10950,10400,10650,337591,449761,-72685,11150,10719,11274,11935
A015860,일진홀딩스,20160107,11350,11650,10800,10800,284369,412512,-39865,11410,10672,11306,11907
A015860,일진홀딩스,20160106,11650,12150,11350,11400,414027,397573,-38992,11610,10652,11336,11879
A015860,일진홀딩스,20160105,11100,11750,11100,11700,307472,428930,50072,11450,10599,11340,11844
A015860,일진홀딩스,20160104,11950,12050,11050,11200,430447,467748,-72076,11240,10526,11341,11809
A015860,일진홀딩스,20151230,12000,12250,11750,11950,473028,479646,84580,11170,10499,11356,11780
A015860,일진홀딩스,20151229,10800,11950,10750,11800,786562,545988,175451,11000,10442,11366,11747
A015860,일진홀딩스,20151228,10650,10900,10550,10600,166680,498961,39598,10860,10396,11379,11710
A015860,일진홀딩스,20151224,10900,10950,10600,10650,151348,492248,1082,10910,10429,11420,11686
A015860,일진홀딩스,20151223,11200,11400,10850,10850,234815,477859,-10613,10930,10459,11466,11664
A015860,일진홀딩스,20151222,11150,11250,10950,11100,139085,461471,20631,10780,10486,11506,11640
A015860,일진홀딩스,20151221,10800,11300,10700,11100,327453,459095,62743,10510,10509,11545,11607
A015860,일진홀딩스,20151218,10600,11200,10600,10850,544488,442271,84603,10266,10532,11581,11571
A015860,일진홀딩스,20151217,10150,10850,10050,10750,599143,516911,101673,10072,10554,11636,11537
A015860,일진홀딩스,20151216,9860,10350,9860,10100,415410,493816,21411,9826,10534,11699,11501
A015860,일진홀딩스,20151215,9990,10050,9620,9750,262142,519701,47842,9776,10546,11751,11472
A015860,일진홀딩스,20151214,9750,10000,9580,9880,232851,630519,74118,9766,10574,11800,11447
A015860,일진홀딩스,20151211,9520,10150,9460,9880,597765,687553,51767,9870,10645,11842,11420
A015860,일진홀딩스,20151210,9800,9900,9270,9520,431242,641059,-8963,9964,10721,11875,11394
A015860,일진홀딩스,20151209,9700,10100,9640,9850,469793,629813,24431,10110,10830,11915,11369
A015860,일진홀딩스,20151208,10400,10450,9690,9700,539587,582402,-117465,10270,10930,11951,11342
A015860,일진홀딩스,20151207,10550,10600,10350,10400,160112,609359,17762,10490,11002,11998,11317
A015860,일진홀딩스,20151204,10150,10800,10100,10350,479356,637466,39189,10590,11060,12032,11283
A015860,일진홀딩스,20151203,10550,10550,10100,10250,490718,651608,14621,10770,11112,12052,11247
A015860,일진홀딩스,20151202,10750,10800,10400,10650,331326,722051,-18995,10970,11178,12081,11212
A015860,일진홀딩스,20151201,10800,10950,10650,10800,170301,809440,16987,11120,11205,12103,11175
A015860,일진홀딩스,20151130,11300,11300,10400,10900,795749,837497,-179498,11270,11228,12142,11136
A015860,일진홀딩스,20151127,11200,11400,11050,11250,238456,867316,47317,11400,11262,12189,11097
A015860,일진홀딩스,20151126,11400,11550,11050,11250,253438,862613,-60798,11410,11302,12218,11056
A015860,일진홀딩스,20151125,11550,11650,11150,11400,303194,862287,-60110,11230,11342,12255,11013
A015860,일진홀딩스,20151124,11600,11950,11400,11550,378908,860324,-10367,11020,11390,12303,10971
A015860,일진홀딩스,20151123,11350,11850,11250,11550,429481,858616,25902,10770,11438,12351,10927
A015860,일진홀딩스,20151120,10450,11850,10400,11300,1163910,854000,121075,10720,11515,12395,10885
A015860,일진홀딩스,20151119,10500,10600,10300,10350,298691,712271,-13180,10740,11612,12435,10847
A015860,일진홀딩스,20151118,10350,10700,10250,10350,650325,674025,44610,11010,11718,12490,10820
A015860,일진홀딩스,20151117,11100,11200,10250,10300,1336372,640049,-116912,11310,11858,12548,10792
A015860,일진홀딩스,20151116,11000,11500,11000,11300,184562,678797,17972,11480,12005,12612,10762
A015860,일진홀딩스,20151113,11450,11700,11200,11400,170290,683101,17601,11530,12090,12663,10726
A015860,일진홀딩스,20151112,11750,12050,11250,11700,388203,685058,-128,11530,12138,12727,10688
A015860,일진홀딩스,20151111,11100,11950,11100,11850,410977,732367,90879,11500,12165,12818,10648
A015860,일진홀딩스,20151110,11500,11500,10600,11150,573775,706355,89125,11370,12172,12888,10603
A015860,일진홀딩스,20151109,11450,11750,10250,11550,722772,783312,60268,11390,12245,12971,10562
A015860,일진홀딩스,20151106,11650,11750,11250,11400,238908,745920,32470,11400,12295,13005,10518
A015860,일진홀딩스,20151105,11150,11850,10950,11550,549768,764381,59411,11530,12310,13058,10479
A015860,일진홀딩스,20151104,11350,11500,10550,11200,866383,761439,-51736,11630,12320,13100,10434
A015860,일진홀딩스,20151103,11750,11900,11100,11250,380998,693505,-25129,11860,12365,13150,10394
A015860,일진홀딩스,20151102,11800,12100,11600,11600,253299,668847,-41515,12110,12430,13191,10353
A015860,일진홀딩스,20151030,12100,12200,11800,12050,232371,662393,-13820,12410,12478,13200,10310
A015860,일진홀딩스,20151029,12350,12650,11950,12050,347910,672830,-82055,12650,12530,13174,10263
A015860,일진홀딩스,20151028,12400,12550,12050,12350,349737,658304,-28383,12730,12598,13142,10216
A015860,일진홀딩스,20151027,13200,13200,12350,12500,357586,559499,-71296,12890,12642,13091,10165
A015860,일진홀딩스,20151026,13300,13400,12800,13100,321739,527235,4495,13040,12688,13062,10116
A015860,일진홀딩스,20151023,12650,13500,12600,13250,532644,552867,49959,13020,12698,13020,10063
A015860,일진홀딩스,20151022,12250,12950,11950,12450,648299,536394,73903,12840,12742,12980,10009
A015860,일진홀딩스,20151021,13350,13550,12900,13150,308043,519905,-44195,12800,12845,12958,9962
A015860,일진홀딩스,20151020,13350,13600,12800,13250,730804,570622,49638,12570,12850,12903,9909
A015860,일진홀딩스,20151019,12350,13100,12300,13000,531497,590123,44799,12440,12820,12849,9854
A015860,일진홀딩스,20151016,12400,12700,12250,12350,344660,536599,12342,12350,12790,12790,9800
A015860,일진홀딩스,20151015,12000,12350,11850,12250,289989,467419,-4174,12220,12768,12736,9753
A015860,일진홀딩스,20151014,12450,12550,11900,12000,530894,430573,-9555,12120,12750,12672,9707
A015860,일진홀딩스,20151013,12650,12900,12350,12600,444851,493322,-11022,12140,12750,12596,9664
A015860,일진홀딩스,20151012,11700,13000,11600,12550,1586017,539093,131010,12130,12745,12508,9615
A015860,일진홀딩스,20151008,11800,12350,11200,11700,733383,544081,-142009,12130,12742,12422,9565
A015860,일진홀딩스,20151007,12050,12150,11600,11750,432591,521387,-65148,12410,12735,12348,9522
A015860,일진홀딩스,20151006,12650,12800,12000,12100,488178,513943,-87030,12740,12745,12277,9482
A015860,일진홀딩스,20151005,12750,13000,12500,12550,356991,495665,-78377,12970,12740,12203,9441
A015860,일진홀딩스,20151002,13000,13200,12550,12550,504249,420239,-145610,13140,12770,12127,9397
A015860,일진홀딩스,20151001,13500,13500,13000,13100,399413,350538,-57364,13290,12828,12042,9353
A015860,일진홀딩스,20150930,12900,13400,12450,13400,509997,370205,28786,13500,12822,11951,9305
A015860,일진홀딩스,20150925,13450,13500,12850,13250,307581,365792,26292,13720,12825,11861,9255
A015860,일진홀딩스,20150924,13600,13600,13200,13400,355214,380826,27008,13720,12878,11773,9207
A015860,일진홀딩스,20150923,14050,14650,13300,13300,785004,373234,-30149,13570,12928,11668,9162
A015860,일진홀딩스,20150922,14250,14350,13800,14150,862386,383583,70982,13390,12972,11560,9117
A015860,일진홀딩스,20150921,13100,14550,13000,14500,1887208,409839,61808,12940,12950,11438,9061
A015860,일진홀딩스,20150918,12850,13550,12550,13250,1222508,422629,177557,12420,12908,11304,9001
A015860,일진홀딩스,20150917,12500,12650,12150,12650,605935,455466,90157,12170,12938,11192,8953
A015860,일진홀딩스,20150916,12100,13100,12100,12400,1791931,509687,61892,12140,13012,11094,8910
A015860,일진홀딩스,20150915,11950,12250,11750,11900,432186,605946,60089,12160,13110,10998,8869
A015860,일진홀딩스,20150914,12050,12050,11650,11900,379001,771581,-34743,12090,13275,10912,8836
A015860,일진홀딩스,20150911,12250,12300,11550,12000,895031,706364,-62025,12100,13540,10823,8800
A015860,일진홀딩스,20150910,12300,12750,12150,12500,1090412,694006,-74150,12100,13742,10734,8763
A015860,일진홀딩스,20150909,11850,12600,11550,12500,1477431,810194,205986,12230,13922,10636,8723
A015860,일진홀딩스,20150908,11950,12150,11300,11550,850313,858945,-79224,12470,13978,10533,8684
A015860,일진홀딩스,20150907,12050,12300,11800,11950,639046,828346,-85803,12760,14128,10442,8654
A015860,일진홀딩스,20150904,13250,13350,11750,12000,1226758,806046,-285622,13060,14235,10343,8623
A015860,일진홀딩스,20150903,14000,14050,13150,13150,614933,691750,35922,13520,14345,10246,8593
A015860,일진홀딩스,20150902,12700,13850,12450,13700,988383,800601,39921,13770,14372,10130,8547
A015860,일진홀딩스,20150901,13550,13800,13000,13000,684537,710628,-82610,13870,14295,10006,8499
A015860,일진홀딩스,20150831,14250,14400,13400,13450,882922,581592,-61139,14010,14170,9893,8455
A015860,일진홀딩스,20150828,14850,15000,14000,14300,984932,521527,-67169,14050,14002,9772,8409
A015860,일진홀딩스,20150827,14550,15550,14200,14400,2372373,469729,156651,13960,13752,9638,8358
A015860,일진홀딩스,20150826,13700,14550,13150,14200,1599500,557304,-46332,13910,13572,9504,8303
A015860,일진홀딩스,20150825,14250,14300,13450,13700,1258828,539954,-119739,13940,13390,9375,8249
A015860,일진홀딩스,20150824,14000,14600,13450,13650,1642178,522257,62981,14240,13247,9260,8195
A015860,일진홀딩스,20150821,13500,14000,12850,13850,1712531,623151,160488,14950,13122,9149,8139
A015860,일진홀딩스,20150820,14300,14800,13850,14150,1609641,549278,26293,15390,12922,9035,8083
A015860,일진홀딩스,20150819,15000,15650,13550,14350,2303190,529394,-343001,15780,12714,8912,8024
A015860,일진홀딩스,20150818,16900,17050,14850,15200,2866931,175805,-199223,15630,12468,8788,7964
A015860,일진홀딩스,20150817,16500,17750,16300,17200,1840849,243251,75613,15500,12166,8650,7895
A015860,일진홀딩스,20150813,15800,16950,14950,16050,2608475,268831,358531,14880,11726,8478,7808
A015860,일진홀딩스,20150812,13650,16100,13650,16100,3958665,400141,288939,14510,11296,8318,7733
A015860,일진홀딩스,20150811,14750,14750,13250,13600,1263876,432600,127817,14030,10857,8152,7658
A015860,일진홀딩스,20150810,14100,14850,13750,14550,1187767,450332,75843,13740,10546,8031,7606
A015860,일진홀딩스,20150807,14200,15100,13750,14100,1916053,413438,-64056,12930,10182,7900,7545
A015860,일진홀딩스,20150806,13700,15200,13550,14200,3412045,304118,527927,12130,9850,7768,7487
A015860,일진홀딩스,20150805,12050,13800,11700,13700,4480158,336433,792105,11148,9524,7637,7428
A015860,일진홀딩스,20150804,11300,12800,11200,12150,6743345,307733,466689,10568,9238,7515,7372
A015860,일진홀딩스,20150803,10100,10700,10000,10500,1429177,369586,245625,10248,9003,7420,7328
A015860,일진홀딩스,20150731,9290,10200,8930,10100,1888013,574347,278386,10318,8860,7352,7295
A015860,일진홀딩스,20150730,10800,10900,9210,9290,2950306,473876,-222662,10528,8755,7290,7265
A015860,일진홀딩스,20150729,10750,11600,10300,10800,1967919,517008,61035,10640,8688,7240,7241
A015860,일진홀딩스,20150728,10550,11500,10250,10550,1588094,565901,-58161,10476,8506,7170,7207
A015860,일진홀딩스,20150727,11250,12000,10550,10850,1761294,508787,-80660,10256,8318,7106,7173
A015860,일진홀딩스,20150724,9950,12250,9820,11150,4249662,533563,308752,9916,8116,7038,7139
A015860,일진홀딩스,20150723,9910,10350,9760,9850,1515401,470626,93365,9366,7882,6966,7104
A015860,일진홀딩스,20150722,9240,10450,9190,9980,3771809,506006,166800,8886,7718,6915,7081
A015860,일진홀딩스,20150721,9680,9770,9050,9450,1988271,400356,-91720,8354,7556,6858,7060
A015860,일진홀딩스,20150720,8650,9600,8610,9150,3987354,388447,224837,7938,7416,6811,7040
A015860,일진홀딩스,20150717,7550,8790,7510,8400,3224523,395749,213063,7564,7294,6769,7022
A015860,일진홀딩스,20150716,7230,7550,7220,7450,580233,418191,-48767,7378,7204,6742,7009
A015860,일진홀딩스,20150715,7330,7390,7160,7320,469151,375266,17436,7424,7164,6732,7006
A015860,일진홀딩스,20150714,7340,7490,7310,7370,518622,384300,-58644,7556,7128,6722,7007
A015860,일진홀딩스,20150713,7410,7680,7190,7280,711959,370819,-107769,7570,7076,6708,7006
A015860,일진홀딩스,20150710,7670,7750,7320,7470,1184673,357156,-100119,7642,7018,6695,7006
A015860,일진홀딩스,20150709,7810,7850,7260,7680,992909,343661,12616,7748,6944,6688,7007
A015860,일진홀딩스,20150708,7700,8050,7630,7980,1535859,360153,178478,7804,6870,6678,7004
A015860,일진홀딩스,20150707,7800,7870,7250,7440,959653,433754,89609,7638,6779,6667,7000
A015860,일진홀딩스,20150706,7850,8020,7640,7640,981856,340807,-9333,7506,6719,6664,7001
A015860,일진홀딩스,20150703,7990,8450,7800,8000,2314915,353665,202075,7344,6648,6659,7002
A015860,일진홀딩스,20150702,7130,7960,7060,7960,2950462,392200,535976,7038,6558,6649,7000
A015860,일진홀딩스,20150701,6780,7150,6740,7150,850968,433495,131311,6758,6473,6642,6997
A015860,일진홀딩스,20150630,6890,7220,6740,6780,1491891,484339,33647,6676,6434,6655,7000
A015860,일진홀딩스,20150629,6480,6930,6410,6830,835490,566958,78099,6648,6418,6674,7005
A015860,일진홀딩스,20150626,6560,6680,6460,6470,438873,548331,42236,6628,6416,6685,7008
A015860,일진홀딩스,20150625,6710,6870,6550,6560,555097,498101,-40580,6652,6442,6698,7010
A015860,일진홀딩스,20150624,6630,6790,6450,6740,442971,471215,57118,6668,6464,6714,7012
A015860,일진홀딩스,20150623,6700,6750,6470,6640,452628,419759,18459,6642,6467,6725,7012
A015860,일진홀딩스,20150622,6640,6730,6560,6730,296645,430358,6852,6582,6480,6740,7013
A015860,일진홀딩스,20150619,6640,6670,6530,6590,317346,369812,61896,6456,6488,6760,7008
A015860,일진홀딩스,20150618,6620,6710,6470,6640,545342,358207,145067,6338,6502,6776,7005
A015860,일진홀딩스,20150617,6380,6610,6260,6610,855753,386979,193065,6248,6494,6791,7002
A015860,일진홀딩스,20150616,6300,6540,6250,6340,1053666,428557,86523,6160,6472,6811,6998
A015860,일진홀딩스,20150615,6000,6180,5980,6100,294944,434773,54286,6140,6470,6836,6998
A015860,일진홀딩스,20150612,6180,6290,5920,6000,491234,415552,-83691,6166,6500,6866,7000
A015860,일진홀딩스,20150611,6180,6330,6160,6190,278345,425421,-9588,6204,6510,6902,7004
A015860,일진홀딩스,20150610,6250,6340,6140,6170,301821,442063,-55382,6218,6517,6939,7006
A015860,일진홀딩스,20150609,6240,6380,6200,6240,232726,476850,-1486,6256,6527,6964,7010
A015860,일진홀딩스,20150608,6210,6320,6160,6230,248506,517729,-71834,6300,6536,6992,7015
A015860,일진홀딩스,20150605,6250,6290,6120,6190,358658,555321,-103255,6414,6548,7017,7016
A015860,일진홀딩스,20150604,6300,6400,6230,6260,417395,551393,-114299,6576,6557,7047,7020
A015860,일진홀딩스,20150603,6460,6590,6290,6360,491724,547760,-97908,6724,6558,7078,7023
A015860,일진홀딩스,20150602,6730,6840,6400,6460,640387,516065,-161869,6810,6572,7101,7024
A015860,일진홀딩스,20150601,6940,6940,6670,6800,493558,511974,15609,6896,6582,7123,7023
A015860,일진홀딩스,20150529,7040,7070,6930,7000,400193,534117,-21483,6918,6581,7130,7017
A015860,일진홀딩스,20150528,6870,7080,6810,7000,564476,540112,32739,6892,6574,7129,7009
A015860,일진홀딩스,20150527,6870,6890,6630,6790,428471,489698,48140,6788,6562,7132,7002
A015860,일진홀딩스,20150526,6930,7060,6850,6890,433022,473323,5419,6664,6552,7136,6997
A015860,일진홀딩스,20150522,7030,7050,6770,6910,663380,429626,38039,6546,6537,7139,6993
A015860,일진홀딩스,20150521,6480,6920,6420,6870,1101242,483849,360905,6504,6524,7140,6988
A015860,일진홀딩스,20150520,6180,6560,6180,6480,1067112,500470,94306,6370,6518,7138,6983
A015860,일진홀딩스,20150519,6300,6330,6100,6170,524143,511963,-95594,6338,6539,7147,6983
A015860,일진홀딩스,20150518,6630,6710,6230,6300,625568,544757,-150619,6378,6566,7163,6984
A015860,일진홀딩스,20150515,6220,6700,6220,6700,867122,596679,55404,6404,6578,7182,6985
A015860,일진홀딩스,20150514,6280,6370,6140,6200,503938,478826,-259685,6356,6566,7189,6983
A015860,일진홀딩스,20150513,6350,6400,6270,6320,201522,443834,-33918,6390,6609,7205,6984
A015860,일진홀딩스,20150512,6390,6510,6320,6370,149248,413060,13260,6384,6648,7218,6990
A015860,일진홀딩스,20150511,6490,6550,6350,6430,158834,422568,-1470,6434,6694,7230,6998
A015860,일진홀딩스,20150508,6450,6560,6340,6460,164542,422837,12138,6482,6738,7237,7005
A015860,일진홀딩스,20150507,6240,6450,6070,6370,457503,393820,39061,6546,6780,7238,7010
A015860,일진홀딩스,20150506,6550,6620,6200,6290,403935,352734,-6605,6644,6833,7239,7016
A015860,일진홀딩스,20150504,6650,6770,6620,6620,141644,357700,23381,6736,6894,7242,7026
A015860,일진홀딩스,20150430,6780,6790,6630,6670,295978,373089,-25475,6732,6960,7244,7030
A015860,일진홀딩스,20150429,6820,6850,6680,6780,205534,370608,10004,6716,7021,7241,7036
A015860,일진홀딩스,20150428,6750,6950,6690,6860,314511,384325,18748,6690,7057,7240,7042
A015860,일진홀딩스,20150427,6640,6780,6620,6750,224227,401510,-24616,6668,7079,7241,7050
A015860,일진홀딩스,20150424,6700,6790,6580,6600,300216,371043,-36694,6698,7116,7247,7057
A015860,일진홀딩스,20150423,6730,6730,6500,6590,498988,369573,64901,6718,7156,7261,7066
A015860,일진홀딩스,20150422,6750,6970,6410,6650,732162,361982,-112238,6710,7205,7269,7076
A015860,일진홀딩스,20150421,6950,6980,6750,6750,439954,358779,-71897,6674,7267,7274,7086
A015860,일진홀딩스,20150420,6610,6910,6610,6900,696004,368167,164765,6734,7308,7277,7095
A015860,일진홀딩스,20150417,6620,6730,6490,6700,670221,469492,47412,6774,7340,7280,7104
A015860,일진홀딩스,20150416,6590,6640,6490,6550,787071,479348,-54174,6894,7394,7292,7113
A015860,일진홀딩스,20150415,7020,7040,6390,6470,2398641,367096,-387563,7042,7458,7303,7124
A015860,일진홀딩스,20150414,7030,7140,6860,7050,651193,477547,-27615,7208,7530,7318,7130
A015860,일진홀딩스,20150413,7360,7360,6960,7100,993431,461864,-342978,7286,7588,7327,7129
A015860,일진홀딩스,20150410,7340,7410,7300,7300,371817,464496,-17397,7366,7652,7330,7128
A015860,일진홀딩스,20150409,7270,7390,7260,7290,475726,480560,17898,7496,7670,7332,7124
A015860,일진홀딩스,20150408,7380,7480,7220,7300,537119,487411,-8021,7616,7701,7338,7118
A015860,일진홀딩스,20150407,7500,7540,7280,7440,628822,512674,-85416,7656,7724,7345,7109
A015860,일진홀딩스,20150406,8000,8000,7470,7500,907873,475708,-149866,7628,7750,7350,7100
A015860,일진홀딩스,20150403,7850,8190,7840,7950,1073436,479349,46479,7624,7780,7353,7090
A015860,일진홀딩스,20150402,7540,8100,7380,7890,1898386,494648,284561,7518,7772,7346,7073
A015860,일진홀딩스,20150401,7300,7550,7250,7500,402114,531188,63318,7452,7765,7337,7054
A015860,일진홀딩스,20150331,7430,7510,7180,7300,482934,533597,-2568,7530,7752,7330,7038
A015860,일진홀딩스,20150330,7360,7550,7270,7480,377068,544422,294,7582,7734,7321,7024
A015860,일진홀딩스,20150327,7580,7730,7330,7420,465513,526640,-45971,7598,7718,7311,7005
A015860,일진홀딩스,20150326,7770,7830,7560,7560,494487,541069,-3458,7668,7699,7299,6988
A015860,일진홀딩스,20150325,7620,7920,7550,7890,714864,629350,12396,7722,7676,7285,6970
A015860,일진홀딩스,20150324,7550,7720,7430,7560,542306,677502,32270,7726,7629,7256,6950
A015860,일진홀딩스,20150323,7760,7800,7540,7560,674930,651261,-61527,7856,7590,7233,6933
A015860,일진홀딩스,20150320,7750,7940,7710,7770,448408,668584,-8745,8018,7562,7212,6916
A015860,일진홀딩스,20150319,7980,8000,7710,7830,685004,686913,-124428,8000,7530,7186,6897
A015860,일진홀딩스,20150318,8200,8450,7910,7910,1010469,639841,-49238,8014,7510,7160,6879
A015860,일진홀딩스,20150317,8390,8410,8090,8210,964428,651095,69209,7982,7472,7134,6861
A015860,일진홀딩스,20150316,7680,8370,7610,8370,1841721,745162,164597,7936,7419,7105,6840
A015860,일진홀딩스,20150313,7950,8060,7650,7680,973789,635385,25377,7882,7356,7073,6819
A015860,일진홀딩스,20150312,7800,8060,7630,7900,959827,674485,140933,7904,7324,7056,6805
A015860,일진홀딩스,20150311,7850,7970,7620,7750,1127040,707042,-106222,7872,7272,7038,6788
A015860,일진홀딩스,20150310,8220,8420,7880,7980,1485061,601456,-1339,7770,7212,7016,6774
A015860,일진홀딩스,20150309,7890,8250,7840,8100,2037056,620887,119784,7562,7134,6993,6759
A015860,일진홀딩스,20150306,7740,7970,7610,7790,1137044,553745,64799,7376,7054,6969,6743
A015860,일진홀딩스,20150305,7320,7760,7240,7740,2254524,500784,334836,7224,7001,6946,6731
A015860,일진홀딩스,20150304,7000,7260,6960,7240,554906,470356,21789,7096,6938,6922,6720
A015860,일진홀딩스,20150303,7160,7170,6920,6940,537731,377337,-45662,7038,6910,6904,6711
A015860,일진홀딩스,20150302,7090,7330,7030,7170,832539,405064,-38615,7006,6910,6890,6706
A015860,일진홀딩스,20150227,7230,7230,7020,7030,362414,373667,17475,6972,6908,6871,6701
A015860,일진홀딩스,20150226,6920,7190,6880,7100,665605,393084,54631,6992,6926,6858,6696
A015860,일진홀딩스,20150225,6820,6970,6730,6950,503587,415735,47301,7056,6926,6847,6692
A015860,일진홀딩스,20150224,6990,7040,6780,6780,779993,394568,-50248,7096,6926,6836,6690
A015860,일진홀딩스,20150223,7140,7160,6790,7000,1070208,398823,-27990,7172,6933,6828,6688
A015860,일진홀딩스,20150217,7390,7390,7020,7130,725306,327913,-25887,7194,6938,6818,6682
A015860,일진홀딩스,20150216,7150,7460,7100,7420,906466,442874,43282,7176,6950,6804,6674
A015860,일진홀딩스,20150213,7240,7280,7040,7150,808622,427308,120995,7062,6941,6789,6664
A015860,일진홀딩스,20150212,7150,7360,7050,7160,788290,551579,46106,6942,6952,6776,6657
A015860,일진홀딩스,20150211,7080,7160,6970,7110,670804,539903,119764,6798,6974,6763,6650
A015860,일진홀딩스,20150210,6830,7130,6600,7040,1201078,545932,224194,6672,6982,6761,6643
A015860,일진홀딩스,20150209,6760,6990,6750,6850,1595232,625602,254691,6612,7003,6767,6637
A015860,일진홀딩스,20150206,6440,6600,6440,6550,500167,702134,16454,6536,7040,6773,6632
A015860,일진홀딩스,20150205,6480,6540,6300,6440,593375,741823,-16649,6564,7099,6782,6629
A015860,일진홀딩스,20150204,6740,6790,6450,6480,896503,711772,-118567,6664,7164,6792,6628
A015860,일진홀딩스,20150203,6510,6770,6400,6740,792107,744048,42432,6794,7225,6809,6623
A015860,일진홀딩스,20150202,6680,6740,6420,6470,851217,742541,-114945,6926,7263,6815,6618
A015860,일진홀딩스,20150130,6960,7010,6550,6690,1141337,737150,-258212,7052,7309,6830,6617
A015860,일진홀딩스,20150129,7180,7220,6900,6940,700998,791054,-149192,7104,7329,6845,6615
A015860,일진홀딩스,20150128,7400,7400,7060,7130,673943,817785,-82288,7098,7320,6860,6610
A015860,일진홀딩스,20150127,7110,7440,7040,7400,634840,857584,12702,7090,7306,6866,6601
A015860,일진홀딩스,20150126,7020,7160,6980,7100,276161,909487,16027,7088,7272,6872,6591
A015860,일진홀딩스,20150123,6990,7150,6900,6950,322806,917120,15378,7114,7252,6883,6584
A015860,일진홀딩스,20150122,7080,7170,6870,6910,462799,902643,-44655,7200,7212,6898,6579
A015860,일진홀딩스,20150121,7400,7400,7070,7090,512419,840289,-5495,7334,7177,6914,6577
A015860,일진홀딩스,20150120,7240,7450,7180,7390,333099,888421,-149,7370,7136,6928,6574
A015860,일진홀딩스,20150119,7440,7560,7190,7230,393200,919545,-9029,7386,7076,6935,6566
A015860,일진홀딩스,20150116,7580,7660,7330,7380,393337,958299,-15507,7460,7030,6946,6562
A015860,일진홀딩스,20150115,7270,7620,7240,7580,576849,969969,66510,7528,6976,6943,6558
A015860,일진홀딩스,20150114,7480,7600,7270,7270,593861,949093,-50929,7560,6922,6931,6551
A015860,일진홀딩스,20150113,7590,7740,7470,7470,385569,896444,17644,7646,6882,6926,6546
A015860,일진홀딩스,20150112,7720,7720,7450,7600,539264,878982,-19406,7652,6840,6916,6541
A015860,일진홀딩스,20150109,7800,7800,7540,7720,636849,876910,82387,7610,6802,6898,6536
A015860,일진홀딩스,20150108,7720,7820,7450,7740,811359,818210,175024,7484,6737,6874,6533
A015860,일진홀딩스,20150107,7700,7720,7500,7700,681423,876754,87435,7288,6682,6849,6529
A015860,일진홀딩스,20150106,7230,7880,7230,7500,1529377,855974,259054,7118,6630,6827,6527
A015860,일진홀딩스,20150105,7350,7400,7170,7390,701362,909693,98888,6964,6573,6800,6527
A015860,일진홀딩스,20150102,6740,7130,6690,7090,510429,992303,2067,6824,6521,6771,6526
A015860,일진홀딩스,20141230,6850,6880,6610,6760,251157,966933,965,6638,6474,6746,6530
A015860,일진홀딩스,20141229,6930,6970,6670,6850,325698,1009758,22368,6526,6440,6727,6538
A015860,일진홀딩스,20141226,6750,7090,6660,6730,539623,1014364,-1854,6410,6400,6700,6544
A015860,일진홀딩스,20141224,6210,6770,6170,6690,707057,1016743,115457,6302,6375,6676,6549
A015860,일진홀딩스,20141223,6240,6270,6070,6160,237204,960450,14936,6228,6362,6655,6554
A015860,일진홀딩스,20141222,6200,6310,6150,6200,241291,1053952,-517,6256,6368,6645,6562
A015860,일진홀딩스,20141219,6220,6320,6090,6270,356554,1121063,21087,6316,6372,6632,6569
A015860,일진홀딩스,20141218,6350,6400,6080,6190,296458,1186305,12256,6352,6382,6621,6576
A015860,일진홀딩스,20141217,6390,6390,6090,6320,515926,1241330,33220,6444,6386,6608,6579
A015860,일진홀딩스,20141216,6490,6530,6200,6300,294841,1326322,28655,6544,6394,6598,6582
A015860,일진홀딩스,20141215,6360,6550,6330,6500,163402,1371582,9528,6570,6400,6588,6586
A015860,일진홀딩스,20141212,6650,6650,6350,6450,402573,1391278,71710,6596,6392,6575,6585
A015860,일진홀딩스,20141211,6740,6830,6610,6650,353818,1489207,8804,6638,6420,6564,6586
A015860,일진홀딩스,20141210,6530,6930,6470,6820,723273,1530399,-8787,6582,6457,6554,6584
A015860,일진홀딩스,20141209,6430,6550,6220,6430,604103,1526056,80257,6488,6476,6538,6582
A015860,일진홀딩스,20141208,6660,6830,6560,6630,407431,1539748,15000,6434,6511,6533,6583
A015860,일진홀딩스,20141205,6440,6660,6350,6660,400343,1645996,32709,6320,6530,6525,6582
A015860,일진홀딩스,20141204,6350,6490,6310,6370,340338,1684128,22416,6198,6572,6517,6581
A015860,일진홀딩스,20141203,6160,6400,6120,6350,371889,1724389,16071,6172,6610,6516,6580
A015860,일진홀딩스,20141202,6060,6210,6000,6160,280062,1766668,178,6186,6662,6517,6580
A015860,일진홀딩스,20141201,6000,6150,5880,6060,278896,1815931,29655,6210,6732,6518,6577
A015860,일진홀딩스,20141128,6250,6250,6000,6050,283818,1851945,-26586,6258,6820,6522,6577
A015860,일진홀딩스,20141127,6450,6450,6220,6240,243515,1885685,233,6338,6892,6530,6578
A015860,일진홀딩스,20141126,6310,6480,6280,6420,243752,1988688,52041,6346,6968,6535,6579
A015860,일진홀딩스,20141125,6330,6330,6160,6280,324488,2041245,-9960,6360,7034,6537,6579
A015860,일진홀딩스,20141124,6480,6500,6190,6300,317082,2061828,-12623,6386,7114,6545,6579
A015860,일진홀딩스,20141121,6260,6540,6200,6450,439444,2121398,113086,6396,7191,6549,6580
A015860,일진홀딩스,20141120,6450,6480,6250,6280,330126,2160159,82542,6506,7268,6546,6582
A015860,일진홀딩스,20141119,6410,6490,6390,6490,324300,2283667,-75122,6728,7344,6544,6582
A015860,일진홀딩스,20141118,6500,6730,6190,6410,1225448,2283307,-164820,6870,7412,6539,6580
A015860,일진홀딩스,20141117,6800,6800,6130,6350,898257,2204594,-123073,7014,7452,6537,6579
A015860,일진홀딩스,20141114,7350,7440,6950,7000,412650,2183164,6282,7148,7478,6537,6579
A015860,일진홀딩스,20141113,7220,7390,7100,7390,186580,2344858,41844,7248,7476,6526,6576
A015860,일진홀딩스,20141112,7150,7320,7080,7200,271354,2399470,67959,7192,7452,6508,6569
A015860,일진홀딩스,20141111,7020,7180,6900,7130,285093,2467912,23253,7230,7418,6491,6565
A015860,일진홀딩스,20141110,7500,7570,6950,7020,501663,2529176,-430,7320,7374,6476,6561
A015860,일진홀딩스,20141107,7100,7520,7100,7500,289867,2606370,-957,7476,7336,6464,6558
A015860,일진홀딩스,20141106,7420,7480,6840,7110,523298,2579758,-9145,7476,7279,6436,6550
A015860,일진홀딩스,20141105,7430,7760,7340,7390,333569,2521741,6078,7606,7219,6420,6545
A015860,일진홀딩스,20141104,7790,7820,7500,7580,362229,2460082,72148,7678,7131,6403,6538
A015860,일진홀딩스,20141103,7580,7970,7340,7800,523776,2626038,-5267,7736,7032,6385,6526
A015860,일진홀딩스,20141031,7830,7850,7420,7500,423204,2563723,2620,7744,6921,6359,6511
A015860,일진홀딩스,20141030,7850,7930,7490,7760,558116,2587546,84910,7842,6807,6336,6500
A015860,일진홀딩스,20141029,8030,8220,7720,7750,654454,2586241,47001,7850,6686,6310,6488
A015860,일진홀딩스,20141028,7900,8090,7740,7870,379035,2667646,40586,7870,6568,6285,6477
A015860,일진홀딩스,20141027,8090,8090,7650,7840,555600,2681722,112735,7736,6454,6260,6463
A015860,일진홀딩스,20141024,7890,8100,7730,7990,473005,2814834,127875,7544,6333,6240,6451
A015860,일진홀딩스,20141023,7850,7990,7650,7800,582055,2871672,118965,7340,6212,6219,6438
A015860,일진홀딩스,20141022,7290,7900,7150,7850,961370,2991010,169090,7160,6095,6197,6425
A015860,일진홀딩스,20141021,6900,7340,6830,7200,732359,2972952,112468,6894,5988,6178,6411
A015860,일진홀딩스,20141020,7030,7160,6810,6880,405177,2977430,8010,6702,5912,6172,6398
A015860,일진홀딩스,20141017,6810,7100,6800,6970,774684,3051051,318945,6580,5854,6172,6389
A015860,일진홀딩스,20141016,6550,6970,6410,6900,1178076,3127198,-21066,6458,5796,6167,6377
A015860,일진홀딩스,20141015,6400,6650,6320,6520,896601,3187216,49336,6260,5752,6166,6366
A015860,일진홀딩스,20141014,6170,6450,6150,6240,480187,3134874,133307,6082,5721,6173,6360
A015860,일진홀딩스,20141013,6250,6400,6100,6270,447136,3178605,16816,5954,5714,6192,6354
A015860,일진홀딩스,20141010,5890,6360,5790,6360,1125857,3236936,282933,5816,5709,6208,6346
A015860,일진홀딩스,20141008,5610,5970,5590,5910,475728,3252107,76263,5588,5699,6227,6338
A015860,일진홀딩스,20141007,5620,5740,5470,5630,333482,3318316,42646,5476,5718,6253,6331
A015860,일진홀딩스,20141006,5530,5640,5400,5600,246996,3348953,8060,5426,5758,6280,6326
A015860,일진홀딩스,20141002,5390,5790,5320,5580,676245,3342502,-50015,5422,5790,6314,6322
A015860,일진홀딩스,20141001,5300,5380,5140,5220,444745,3318109,-28953,5392,5825,6349,6318
A015860,일진홀딩스,20140930,5320,5480,5300,5350,270953,3362326,0,5464,5892,6390,6320
A015860,일진홀딩스,20140929,5690,5690,5250,5380,360773,3406121,1900,5484,5950,6421,6321
A015860,일진홀딩스,20140926,5400,5620,5360,5580,342856,3497186,20000,5548,6010,6453,6320
A015860,일진홀딩스,20140925,5570,5670,5410,5430,263870,3533788,-50440,5572,6068,6480,6318
A015860,일진홀딩스,20140924,5390,5610,5360,5580,314304,3561499,2453,5628,6124,6507,6317
A015860,일진홀딩스,20140923,5740,5790,5420,5450,423453,3564416,-19564,5676,6156,6531,6315
A015860,일진홀딩스,20140922,5730,5850,5640,5700,326260,3635890,-43502,5790,6192,6550,6317
A015860,일진홀딩스,20140919,5730,5770,5590,5700,348589,3690953,-89327,5828,6218,6566,6315
A015860,일진홀딩스,20140918,5840,5880,5670,5710,445550,3655752,-163421,5910,6248,6584,6316
A015860,일진홀딩스,20140917,6070,6160,5790,5820,327679,3648357,0,6000,6280,6595,6318
A015860,일진홀딩스,20140916,5950,6160,5710,6020,264717,3671429,-14504,6068,6304,6607,6320
A015860,일진홀딩스,20140915,6150,6160,5870,5890,331532,3715196,-38820,6124,6319,6615,6320
A015860,일진홀딩스,20140912,6230,6240,6090,6110,126516,3748512,1005,6232,6334,6627,6320
A015860,일진홀딩스,20140911,6200,6260,6110,6160,118121,3759433,7600,6258,6340,6634,6320
A015860,일진홀딩스,20140905,6320,6350,6120,6160,213178,3746418,-1000,6280,6346,6639,6321
A015860,일진홀딩스,20140904,6340,6460,6220,6300,156489,3776751,0,6362,6331,6645,6327
A015860,일진홀딩스,20140903,6180,6470,6160,6430,197121,3805985,10000,6404,6324,6645,6325
A015860,일진홀딩스,20140902,6330,6380,6050,6240,304288,3764242,-68,6430,6320,6643,6321
A015860,일진홀딩스,20140901,6570,6640,6240,6270,263902,3756378,-8506,6532,6332,6636,6319
A015860,일진홀딩스,20140829,6460,6600,6400,6570,137901,3819504,-880,6586,6332,6632,6319
A015860,일진홀딩스,20140828,6560,6670,6510,6510,241823,3792622,0,6520,6310,6626,6317
A015860,일진홀딩스,20140827,6750,6780,6450,6560,406435,3825576,50068,6452,6292,6623,6313
A015860,일진홀딩스,20140826,6700,6750,6580,6750,457666,3966898,-1348,6380,6276,6621,6311
A015860,일진홀딩스,20140825,6340,6580,6320,6540,521235,4052130,17613,6290,6258,6613,6304
A015860,일진홀딩스,20140822,6180,6510,6180,6240,639081,4183175,44134,6254,6264,6612,6301
A015860,일진홀딩스,20140821,6200,6300,6130,6170,151477,4477049,12938,6266,6288,6618,6301
A015860,일진홀딩스,20140820,6330,6380,6150,6200,241116,4443724,-25784,6296,6304,6621,6302
A015860,일진홀딩스,20140819,6480,6530,6260,6300,342643,4445232,18205,6292,6328,6622,6303
A015860,일진홀딩스,20140818,6390,6450,6290,6360,263365,4527744,30122,6282,6357,6620,6304
A015860,일진홀딩스,20140814,6300,6400,6260,6300,250225,4540839,53593,6262,6381,6621,6306
A015860,일진홀딩스,20140813,6170,6350,6110,6320,129428,4572237,6416,6176,6400,6626,6318
A015860,일진홀딩스,20140812,6230,6410,6130,6180,223344,4566611,-42190,6142,6425,6630,6324
A015860,일진홀딩스,20140811,6380,6430,6140,6250,180358,4579454,0,6176,6465,6639,6326
A015860,일진홀딩스,20140808,5890,6410,5870,6260,397981,4617610,1676,6226,6520,6646,6323
A015860,일진홀딩스,20140807,6170,6240,5820,5870,399342,4554855,0,6226,6571,6653,6320
A015860,일진홀딩스,20140806,6270,6350,6130,6150,242626,4621215,2284,6278,6652,6665,6319
A015860,일진홀딩스,20140805,6600,6650,6240,6350,250640,4684001,-1037,6276,6716,6670,6312
A015860,일진홀딩스,20140804,6380,6590,6270,6500,245809,4784045,0,6258,6764,6674,6303
A015860,일진홀딩스,20140801,6080,6310,6000,6260,177288,4757573,-7500,6232,6820,6668,6292
A015860,일진홀딩스,20140731,6200,6330,5800,6130,373044,4750372,-63863,6316,6890,6663,6281
A015860,일진홀딩스,20140730,6370,6380,6050,6140,170123,4735242,-7701,6432,6966,6664,6270
A015860,일진홀딩스,20140729,6370,6490,6040,6260,276503,4726721,-22873,6504,7020,6666,6260
A015860,일진홀딩스,20140728,6720,6760,6310,6370,272250,4733694,-38231,6586,7072,6670,6246
A015860,일진홀딩스,20140725,6730,6870,6630,6680,192193,4752387,-438,6688,7114,6667,6230
A015860,일진홀딩스,20140724,6540,6920,6540,6710,488441,4773881,-21365,6720,7132,6662,6210
A015860,일진홀딩스,20140723,6750,6750,6470,6500,313322,4735060,-24434,6716,7148,6657,6190
A015860,일진홀딩스,20140722,6880,6880,6650,6670,313879,4719195,-9387,6778,7154,6653,6171
A015860,일진홀딩스,20140721,6860,6900,6740,6880,202585,4836010,0,6840,7151,6645,6151
A015860,일진홀딩스,20140718,6710,6970,6700,6840,308114,4869755,-18601,6936,7146,6625,6130
A015860,일진홀딩스,20140717,6760,6890,6660,6690,237145,4885470,-10649,7022,7125,6606,6109
A015860,일진홀딩스,20140716,7020,7040,6570,6810,685967,4879654,-137556,7182,7116,6586,6087
A015860,일진홀딩스,20140715,7310,7350,6900,6980,625930,4804310,-7968,7306,7100,6567,6064
A015860,일진홀딩스,20140714,7250,7380,7130,7360,299875,4813347,33349,7370,7082,6548,6040
A015860,일진홀딩스,20140711,7530,7530,7120,7270,549620,4806731,-46516,7424,7040,6515,6011
A015860,일진홀딩스,20140710,7460,7700,7300,7490,502871,4823924,-49110,7504,7002,6483,5983
A015860,일진홀딩스,20140709,7320,7470,7320,7430,355810,4814009,18215,7534,6952,6449,5952
A015860,일진홀딩스,20140708,7640,7660,7290,7300,750454,4777751,-8442,7494,6896,6409,5922
A015860,일진홀딩스,20140707,7710,7850,7570,7630,287893,4742344,-6540,7494,6846,6372,5892
A015860,일진홀딩스,20140704,7670,7740,7510,7670,400351,4744127,48470,7408,6754,6329,5860
A015860,일진홀딩스,20140703,7350,7710,7330,7640,953145,4777901,104024,7282,6674,6286,5828
A015860,일진홀딩스,20140702,7300,7330,7160,7230,444399,4673730,-946,7160,6602,6250,5796
A015860,일진홀딩스,20140701,7200,7370,7130,7300,483474,4644317,-467,7040,6556,6221,5768
A015860,일진홀딩스,20140630,7050,7200,6970,7200,530182,4568751,3988,6900,6514,6188,5740
A015860,일진홀딩스,20140627,7040,7140,6890,7040,494525,4481041,-2738,6816,6468,6156,5711
A015860,일진홀딩스,20140626,6640,7090,6550,7030,1240309,4459892,-49749,6692,6438,6128,5683
A015860,일진홀딩스,20140625,6610,6770,6500,6630,279734,4341436,-2768,6588,6419,6099,5655
A015860,일진홀딩스,20140624,6810,6950,6550,6600,569736,4295637,-11578,6560,6404,6083,5629
A015860,일진홀딩스,20140623,6540,6950,6500,6780,1344025,4315414,-53018,6562,6386,6065,5602
A015860,일진홀딩스,20140620,6550,6660,6420,6420,213772,4173139,-707,6512,6357,6048,5574
A015860,일진홀딩스,20140619,6560,6590,6410,6510,178866,4180276,4005,6528,6357,6041,5549
A015860,일진홀딩스,20140618,6700,6740,6480,6490,355770,4173400,13313,6524,6363,6032,5523
A015860,일진홀딩스,20140617,6400,6640,6250,6610,503016,4245692,64107,6488,6366,6026,5498
A015860,일진홀딩스,20140616,6490,6660,6430,6530,364674,4233733,58903,6428,6371,6014,5470
A015860,일진홀딩스,20140613,6550,6640,6430,6500,250249,4274292,6305,6282,6379,6006,5443
A015860,일진홀딩스,20140612,6390,6600,6320,6490,388827,4305059,75531,6194,6386,6002,5416
A015860,일진홀딩스,20140611,6320,6360,6210,6310,209853,4325930,47910,6136,6390,6009,5387
A015860,일진홀딩스,20140610,5920,6310,5860,6310,430115,4308292,12758,6138,6397,6004,5360
A015860,일진홀딩스,20140609,6100,6150,5690,5800,534735,4194458,-35898,6164,6412,5999,5331
A015860,일진홀딩스,20140605,6220,6230,6000,6060,398580,4142458,-31904,6264,6428,6002,5304
A015860,일진홀딩스,20140603,6270,6380,6000,6200,386390,4090313,-21714,6340,6426,6005,5276
A015860,일진홀딩스,20140602,6550,6640,6310,6320,437291,4097563,-21437,6428,6426,6008,5245
A015860,일진홀딩스,20140530,6350,6520,6350,6440,337954,4164157,48810,6430,6422,6004,5214
A015860,일진홀딩스,20140529,6440,6540,6300,6300,389626,4159607,-59615,6388,6422,6002,5182
A015860,일진홀딩스,20140528,6650,6710,6330,6440,557328,4140857,-29349,6370,6418,5994,5151
A015860,일진홀딩스,20140527,6360,6640,6260,6640,629168,4206337,-2818,6366,6416,5991,5120
A015860,일진홀딩스,20140526,6220,6460,6200,6330,344367,4207337,-1422,6364,6403,5984,5087
A015860,일진홀딩스,20140523,6250,6400,6190,6230,397044,4164107,-44150,6406,6402,5984,5056
A015860,일진홀딩스,20140522,6420,6470,6180,6210,507997,4100097,-22099,6504,6398,5984,5026
A015860,일진홀딩스,20140521,6580,6670,6410,6420,469550,4026687,-49880,6600,6371,5988,4995
A015860,일진홀딩스,20140520,6570,6630,6370,6630,308192,4029647,-2389,6644,6336,5991,4962
A015860,일진홀딩스,20140519,6710,6750,6450,6540,523148,3961057,-31535,6634,6280,6010,4926
A015860,일진홀딩스,20140516,6550,6820,6290,6720,1076263,3888727,-42040,6614,6236,6018,4891
A015860,일진홀딩스,20140515,6740,7070,6640,6690,1464352,3705837,-2124,6594,6190,6012,4854
A015860,일진홀딩스,20140514,6630,6700,6490,6640,820956,3729107,149553,6480,6127,5999,4818
A015860,일진홀딩스,20140513,6500,6640,6410,6580,741393,3809887,29745,6352,6062,5987,4782
A015860,일진홀딩스,20140512,6640,6730,6400,6440,840687,3843797,34600,6276,6004,5973,4748
A015860,일진홀딩스,20140509,6150,6760,6030,6620,1094898,3844340,215273,6238,5936,5955,4714
A015860,일진홀딩스,20140508,5970,6190,5830,6120,758799,3758590,0,6204,5858,5932,4679
A015860,일진홀딩스,20140507,6130,6180,5950,6000,527751,3658770,-66870,6222,5803,5917,4647
A015860,일진홀딩스,20140502,6290,6300,6050,6200,504485,3620040,9850,6304,5759,5899,4617
A015860,일진홀딩스,20140430,6550,6630,6250,6250,663062,3569630,-3,6338,5722,5876,4586
A015860,일진홀딩스,20140429,6210,6450,6160,6450,874250,3609730,39990,6348,5685,5854,4555
A015860,일진홀딩스,20140428,6350,6390,6130,6210,713587,3487590,-1810,6292,5628,5823,4522
A015860,일진홀딩스,20140425,6380,6470,6250,6410,710661,3391160,9840,6182,5580,5792,4491
A015860,일진홀딩스,20140424,6360,6560,6090,6370,1242653,3301430,88452,6042,5528,5757,4458
A015860,일진홀딩스,20140423,6170,6460,6060,6300,1930576,3240580,151030,5874,5475,5723,4425
A015860,일진홀딩스,20140422,5750,6210,5670,6170,2594907,3189610,176690,5746,5442,5688,4394
A015860,일진홀딩스,20140421,5720,5820,5600,5660,370102,2972614,8608,5670,5410,5657,4364
A015860,일진홀딩스,20140418,5540,5750,5500,5710,470628,2986934,0,5624,5414,5636,4338
A015860,일진홀딩스,20140417,5650,5750,5460,5530,506401,2979384,0,5550,5431,5611,4313
A015860,일진홀딩스,20140416,5850,5870,5660,5660,612259,3010224,2700,5528,5453,5587,4287
A015860,일진홀딩스,20140415,5430,5850,5410,5790,1495817,3093514,-137721,5410,5475,5561,4260
A015860,일진홀딩스,20140414,5340,5520,5280,5430,428297,2986124,0,5264,5480,5532,4232
A015860,일진홀딩스,20140411,5360,5430,5280,5340,478562,2959098,-49900,5184,5512,5507,4206
A015860,일진홀딩스,20140410,5120,5460,5050,5420,1017758,3027378,4990,5140,5559,5482,4182
A015860,일진홀딩스,20140409,5110,5220,5060,5070,489769,2909624,-30,5146,5632,5456,4157
A015860,일진홀딩스,20140408,5040,5110,4985,5060,441509,2964324,-6060,5236,5681,5435,4134
A015860,일진홀딩스,20140407,5090,5180,5010,5030,594847,3056844,6990,5284,5728,5412,4113
A015860,일진홀딩스,20140404,5360,5390,4690,5120,3341237,3112194,-218630,5330,5776,5392,4091
A015860,일진홀딩스,20140403,5500,5680,5440,5450,755520,3116864,2990,5380,5830,5369,4070
A015860,일진홀딩스,20140402,5300,5540,5240,5520,717738,3219184,29998,5352,5876,5343,4046
A015860,일진홀딩스,20140401,5300,5340,5050,5300,682415,3245074,0,5378,5904,5315,4022
A015860,일진홀딩스,20140331,5450,5530,5090,5260,812037,3248534,4960,5422,5954,5292,3999
A015860,일진홀딩스,20140328,5360,5430,5270,5370,505013,3327624,31672,5520,5985,5266,3977
A015860,일진홀딩스,20140327,5600,5640,5230,5310,833114,3273054,-63000,5654,6028,5238,3954
A015860,일진홀딩스,20140326,5530,5720,5460,5650,503481,3364614,-7000,5786,6074,5211,3931
A015860,일진홀딩스,20140325,5730,5810,5510,5520,581731,3286930,-35018,5876,6108,5174,3905
A015860,일진홀딩스,20140324,6090,6090,5680,5750,1041058,3257800,-18010,5950,6142,5139,3880
A015860,일진홀딩스,20140321,6050,6090,5970,6040,513045,3345210,54110,6014,6178,5100,3853
A015860,일진홀딩스,20140320,6120,6120,5890,5970,789917,3341490,62067,6062,6206,5057,3821
A015860,일진홀딩스,20140319,6100,6490,6070,6100,3108972,3397920,-55010,6244,6295,5015,3791
A015860,일진홀딩스,20140318,6050,6110,5760,5890,1169810,3465730,10645,6234,6342,4970,3760
A015860,일진홀딩스,20140317,6300,6370,5940,6070,1053110,3449110,82143,6254,6368,4926,3731
A015860,일진홀딩스,20140314,6610,6780,6110,6280,2993590,3569480,36791,6240,6359,4880,3700
A015860,일진홀딩스,20140313,6180,6950,6120,6880,4446983,3602370,-153505,6226,6339,4830,3668
A015860,일진홀딩스,20140312,6090,6330,5960,6050,5945569,3565919,1191660,6122,6282,4766,3632
A015860,일진홀딩스,20140311,6120,6220,5950,5990,689709,1681609,-21,6130,6249,4715,3602
A015860,일진홀딩스,20140310,6210,6210,5970,6000,644532,1649920,-420,6192,6212,4662,3573
A015860,일진홀딩스,20140307,6370,6370,6180,6210,708233,1592550,0,6166,6173,4606,3543
A015860,일진홀딩스,20140306,6090,6370,5970,6360,1314041,1635750,-10,6168,6108,4547,3512
A015860,일진홀딩스,20140305,6370,6380,6060,6090,1121967,1514140,-4040,6146,6032,4482,3480
A015860,일진홀딩스,20140304,6090,6350,6040,6300,2367068,1516620,980,6190,5972,4424,3448
A015860,일진홀딩스,20140303,6250,6280,5790,5870,1387783,1413040,10943,6174,5888,4362,3415
A015860,일진홀딩스,20140228,6230,6400,6160,6220,1340925,1256210,-7,6290,5812,4308,3382
A015860,일진홀딩스,20140227,6280,6320,6080,6250,1124095,1267600,9972,6366,5716,4249,3348
A015860,일진홀딩스,20140226,6310,6370,6050,6310,2478239,1251120,0,6668,5618,4190,3312
A015860,일진홀딩스,20140225,6450,6530,6130,6220,2745685,1265430,99950,6816,5514,4129,3274
A015860,일진홀딩스,20140224,6690,6770,6270,6450,4196322,1487690,1000,6850,5417,4068,3237
A015860,일진홀딩스,20140221,7950,8190,6600,6600,5301799,1531950,-17790,6740,5315,4002,3197
A015860,일진홀딩스,20140220,7290,7900,7180,7760,1318600,1555410,-28788,6596,5197,3933,3156
A015860,일진홀딩스,20140219,6520,7070,6520,7050,1248764,1539560,-93920,6194,5013,3842,3106
A015860,일진홀딩스,20140218,6070,6470,6030,6390,730687,1502189,-29977,5860,4864,3763,3062
A015860,일진홀딩스,20140217,5880,6010,5760,5900,354403,1411819,-24411,5634,4750,3695,3023
A015860,일진홀딩스,20140214,5800,6050,5800,5880,613313,1367679,-10,5496,4651,3636,2989
A015860,일진홀딩스,20140213,5470,5780,5420,5750,989432,1388799,28010,5300,4550,3578,2954
A015860,일진홀딩스,20140212,5300,5400,5180,5380,286433,1262429,6572,5118,4452,3522,2921
A015860,일진홀딩스,20140211,5270,5360,5190,5260,406280,1253399,-17132,5022,4374,3473,2890
A015860,일진홀딩스,20140210,4950,5310,4865,5210,851017,1239749,85410,4895,4296,3425,2861
A015860,일진홀딩스,20140207,4890,4980,4725,4900,557032,1234769,77710,4722,4226,3377,2831
A015860,일진홀딩스,20140206,4980,5000,4660,4840,706490,1199889,-9060,4601,4170,3335,2805
A015860,일진홀딩스,20140205,4635,4995,4580,4900,900140,1260679,-10,4493,4120,3295,2779
A015860,일진홀딩스,20140204,4300,4690,4260,4625,876715,1088109,6510,4358,4070,3255,2752
A015860,일진홀딩스,20140203,4250,4370,4230,4345,237524,792919,-10,4290,4033,3220,2728
A015860,일진홀딩스,20140129,4395,4395,4200,4295,234827,747369,0,4303,4000,3189,2706
A015860,일진홀딩스,20140128,4250,4350,4180,4300,471605,733149,13932,4292,3970,3159,2684
A015860,일진홀딩스,20140127,4180,4225,4045,4225,320596,614519,0,4248,3940,3128,2662
A015860,일진홀딩스,20140124,4450,4450,4220,4285,249711,591939,0,4218,3902,3099,2641
A015860,일진홀딩스,20140123,4305,4470,4230,4410,368586,613989,-160,4181,3857,3071,2620
A015860,일진홀딩스,20140122,4100,4300,4000,4240,469146,590409,19110,4084,3808,3041,2597
A015860,일진홀딩스,20140121,4050,4090,3960,4080,189258,515499,0,4005,3768,3014,2576
A015860,일진홀딩스,20140120,4180,4320,4045,4075,374581,467843,-10,3949,3736,2987,2556
A015860,일진홀딩스,20140117,3980,4240,3925,4100,990064,512023,-20,3900,3702,2959,2536
A015860,일진홀딩스,20140116,3870,3930,3790,3925,410495,472093,-10,3820,3662,2931,2517
A015860,일진홀딩스,20140115,3850,3915,3760,3845,166457,309683,-393,3793,3630,2905,2498
A015860,일진홀딩스,20140114,3890,4030,3800,3800,860088,263873,0,3782,3603,2881,2481
A015860,일진홀딩스,20140113,3800,3850,3725,3830,380859,239753,3000,3792,3562,2858,2463
A015860,일진홀딩스,20140110,3765,3780,3550,3700,525328,242343,7000,3802,3520,2834,2446
A015860,일진홀딩스,20140109,3840,3900,3755,3790,167793,211773,-10,3842,3477,2813,2429
A015860,일진홀딩스,20140108,3845,3890,3585,3790,221800,203523,0,3822,3420,2791,2412
A015860,일진홀딩스,20140107,3860,3975,3850,3850,218657,152573,-370,3801,3363,2770,2394
A015860,일진홀딩스,20140106,3890,3950,3845,3880,233036,147223,3930,3773,3296,2749,2376
A015860,일진홀딩스,20140103,3795,3980,3710,3900,504693,142026,0,3687,3229,2728,2358
A015860,일진홀딩스,20140102,3705,3770,3635,3690,144668,151806,-130,3586,3163,2705,2339
A015860,일진홀딩스,20131230,3720,3840,3650,3685,379227,106966,-10,3533,3111,2687,2323
A015860,일진홀딩스,20131227,3445,3775,3430,3710,584117,119716,32322,3486,3062,2670,2306
A015860,일진홀딩스,20131226,3395,3500,3375,3450,181065,123686,0,3428,3012,2651,2289
A015860,일진홀딩스,20131224,3415,3445,3315,3395,178650,115156,0,3419,2970,2635,2275
A015860,일진홀딩스,20131223,3450,3460,3300,3425,259922,144846,0,3400,2931,2621,2261
A015860,일진홀딩스,20131220,3460,3525,3340,3450,304290,119636,-26120,3371,2884,2605,2247
A015860,일진홀딩스,20131219,3390,3540,3335,3420,405066,106976,-10,3342,2833,2586,2232
A015860,일진홀딩스,20131218,3360,3470,3285,3405,422360,60496,-10000,3256,2777,2568,2217
A015860,일진홀딩스,20131217,3280,3400,3230,3300,355341,22686,-10020,3174,2723,2551,2202
A015860,일진홀딩스,20131216,3300,3355,3200,3280,451267,35956,-10,3081,2674,2535,2188
A015860,일진홀딩스,20131213,2965,3305,2930,3305,805293,48326,0,2956,2627,2519,2174
A015860,일진홀딩스,20131212,3030,3230,2945,2990,1072285,95816,5760,2823,2583,2506,2161
A015860,일진홀딩스,20131211,2865,3180,2850,2995,1141599,119806,36430,2725,2553,2498,2150
A015860,일진홀딩스,20131210,2700,2880,2620,2835,504612,155196,57580,2636,2523,2489,2140
A015860,일진홀딩스,20131209,2640,2780,2605,2655,232273,124576,-110,2586,2500,2483,2130
A015860,일진홀딩스,20131206,2465,2665,2375,2640,226528,128416,110720,2585,2485,2480,2123
A015860,일진홀딩스,20131205,2550,2565,2470,2500,90410,124346,0,2597,2472,2478,2116
A015860,일진홀딩스,20131204,2640,2640,2460,2550,106982,117746,0,2639,2470,2478,2110
A015860,일진홀딩스,20131203,2650,2650,2575,2585,46448,113566,-10,2652,2468,2473,2104
A015860,일진홀딩스,20131202,2645,2695,2600,2650,63090,115926,0,2657,2462,2468,2098
A015860,일진홀딩스,20131129,2750,2750,2610,2700,200870,114076,-11180,2622,2456,2457,2091
A015860,일진홀딩스,20131128,2615,2745,2615,2710,104461,104696,7554,2570,2446,2446,2085
A015860,일진홀딩스,20131127,2665,2765,2610,2615,255732,83996,-5,2488,2432,2434,2078
A015860,일진홀딩스,20131126,2460,2610,2460,2610,247602,95686,7980,2430,2426,2420,2071
A015860,일진홀딩스,20131125,2450,2510,2385,2475,50660,109686,-31,2371,2424,2405,2065
A015860,일진홀딩스,20131122,2370,2515,2365,2440,76810,95536,0,2345,2431,2392,2059
A015860,일진홀딩스,20131121,2345,2345,2260,2300,7577157,100016,0,2341,2440,2380,2054
A015860,일진홀딩스,20131120,2315,2345,2280,2325,24490,62526,-10,2361,2448,2371,2050
A015860,일진홀딩스,20131119,2345,2390,2280,2315,25598,61766,-20,2375,2453,2361,2045
A015860,일진홀딩스,20131118,2400,2420,2325,2345,21106,58536,-4,2388,2458,2352,2041
A015860,일진홀딩스,20131115,2400,2430,2360,2420,50180,58696,0,2387,2458,2342,2037
A015860,일진홀딩스,20131114,2395,2415,2350,2400,27230,60516,-10,2382,2459,2331,2032
A015860,일진홀딩스,20131113,2400,2400,2290,2395,23921,62946,0,2392,2459,2320,2027
A015860,일진홀딩스,20131112,2350,2390,2300,2380,26980,63636,0,2413,2458,2308,2022
A015860,일진홀딩스,20131111,2370,2385,2300,2340,26438,60896,-22,2434,2462,2297,2017
A015860,일진홀딩스,20131108,2440,2440,2380,2395,48910,56486,-8,2472,2468,2286,2012
A015860,일진홀딩스,20131107,2500,2545,2415,2450,41613,58296,0,2491,2474,2274,2008
A015860,일진홀딩스,20131106,2505,2505,2430,2500,48626,63186,0,2487,2481,2262,2002
A015860,일진홀딩스,20131105,2530,2560,2410,2485,49302,61666,0,2487,2487,2249,1996
A015860,일진홀딩스,20131104,2550,2550,2485,2530,57127,65276,-10,2502,2490,2236,1991
A015860,일진홀딩스,20131101,2395,2490,2395,2490,48443,73976,0,2521,2494,2222,1985
A015860,일진홀딩스,20131031,2490,2490,2425,2430,72152,68646,-10,2546,2501,2208,1979
A015860,일진홀딩스,20131030,2560,2560,2500,2500,106814,64456,-10,2552,2508,2196,1974
A015860,일진홀딩스,20131029,2610,2640,2510,2560,163368,62216,-5,2537,2508,2183,1967
A015860,일진홀딩스,20131028,2655,2745,2610,2625,349173,63246,-2808,2510,2508,2169,1960
A015860,일진홀딩스,20131025,2520,2635,2475,2615,429820,105733,-2840,2454,2502,2153,1952
A015860,일진홀딩스,20131024,2435,2490,2350,2460,100920,97383,0,2416,2484,2138,1945
A015860,일진홀딩스,20131023,2410,2455,2380,2425,46840,97143,-10,2404,2478,2126,1938
A015860,일진홀딩스,20131022,2345,2450,2325,2425,39862,97323,0,2397,2477,2114,1933
A015860,일진홀딩스,20131021,2425,2450,2340,2345,51257,83083,-23,2400,2474,2102,1927
A015860,일진홀딩스,20131018,2400,2450,2395,2425,39296,76613,-10,2425,2472,2091,1921
A015860,일진홀딩스,20131017,2365,2465,2365,2400,36120,72313,0,2442,2476,2080,1915
A015860,일진홀딩스,20131016,2420,2470,2355,2390,44680,105743,-10,2481,2482,2068,1910
A015860,일진홀딩스,20131015,2445,2480,2350,2440,56298,100683,-420,2526,2485,2057,1904
A015860,일진홀딩스,20131014,2500,2500,2380,2470,189260,95583,-16970,2548,2487,2045,1898
A015860,일진홀딩스,20131011,2580,2630,2500,2510,78737,57003,-16227,2577,2488,2033,1892
A015860,일진홀딩스,20131010,2640,2665,2535,2595,60900,52813,-3950,2599,2487,2019,1885
A015860,일진홀딩스,20131008,2520,2615,2450,2615,68410,50603,-10,2594,2482,2004,1878
A015860,일진홀딩스,20131007,2615,2685,2550,2550,145120,46203,-17887,2573,2464,1988,1870
A015860,일진홀딩스,20131004,2600,2725,2600,2615,160649,35453,17941,2573,2450,1973,1863
A015860,일진홀딩스,20131002,2580,2710,2560,2620,198274,34813,18336,2550,2420,1958,1856
A015860,일진홀딩스,20131001,2510,2740,2495,2570,343937,20253,-20,2480,2392,1942,1849
A015860,일진홀딩스,20130930,2550,2600,2480,2510,102215,13883,-23,2435,2363,1928,1842
A015860,일진홀딩스,20130927,2470,2580,2400,2550,382551,0,-10000,2413,2324,1915,1836
A015860,일진홀딩스,20130926,2300,2585,2255,2500,399642,0,0,2373,2283,1901,1830
A015860,일진홀딩스,20130925,2345,2400,2220,2270,189030,3673,0,2338,2244,1888,1825
A015860,일진홀딩스,20130924,2360,2420,2230,2345,83188,0,-10,2384,2216,1878,1821
A015860,일진홀딩스,20130923,2355,2465,2310,2400,234979,0,0,2418,2185,1866,1817
A015860,일진홀딩스,20130917,2350,2375,2300,2350,103138,0,0,2429,2152,1853,1812
A015860,일진홀딩스,20130916,2510,2520,2320,2325,272207,0,-20,2455,2123,1841,1808
A015860,일진홀딩스,20130913,2515,2600,2460,2500,166557,0,-10,2488,2095,1829,1804
A015860,일진홀딩스,20130912,2515,2600,2470,2515,93417,0,-10,2486,2057,1816,1798
A015860,일진홀딩스,20130911,2510,2510,2455,2455,76899,0,-10,2479,2018,1803,1792
A015860,일진홀딩스,20130910,2490,2530,2400,2480,133819,0,0,2442,1980,1791,1786
A015860,일진홀딩스,20130909,2490,2490,2490,2490,0,0,0,2400,1942,1778,1780
A015860,일진홀딩스,20130906,2440,2600,2395,2490,631774,0,-50,2306,1902,1766,1774
A015860,일진홀딩스,20130905,2265,2595,2215,2480,2330244,0,59035,2216,1862,1753,1769
A015860,일진홀딩스,20130904,2290,2295,2180,2270,750131,0,-10,2120,1824,1742,1763
A015860,일진홀딩스,20130903,2040,2320,2005,2270,2122262,0,-30,2014,1796,1735,1759
A015860,일진홀딩스,20130902,2060,2065,1985,2020,313311,0,-10,1904,1768,1728,1755
A015860,일진홀딩스,20130830,2000,2090,1940,2040,1432460,0,-10,1843,1751,1726,1753
A015860,일진홀딩스,20130829,1735,2000,1735,2000,1350450,0,2270,1777,1733,1723,1751
A015860,일진홀딩스,20130828,1690,1740,1690,1740,8517,27660,0,1724,1718,1721,1749
A015860,일진홀딩스,20130827,1715,1725,1710,1720,7000,27660,-10,1723,1717,1723,1750
A015860,일진홀딩스,20130826,1720,1735,1690,1715,29618,27660,1000,1733,1715,1724,1751
A015860,일진홀딩스,20130823,1730,1780,1690,1710,16241,27660,0,1742,1714,1726,1751
A015860,일진홀딩스,20130822,1730,1735,1690,1735,23010,27660,10,1748,1714,1728,1752
A015860,일진홀딩스,20130821,1755,1770,1700,1735,29549,27660,0,1748,1713,1729,1753
A015860,일진홀딩스,20130820,1760,1770,1730,1770,34500,27660,0,1743,1712,1730,1754
A015860,일진홀딩스,20130819,1775,1775,1730,1760,26610,27660,960,1729,1710,1730,1754
A015860,일진홀딩스,20130816,1705,1770,1700,1740,22978,27660,0,1716,1707,1731,1754
A015860,일진홀딩스,20130814,1720,1770,1690,1735,78220,27660,0,1707,1707,1732,1755
A015860,일진홀딩스,20130813,1700,1710,1670,1710,34394,27660,0,1703,1706,1734,1756
A015860,일진홀딩스,20130812,1730,1730,1700,1700,10481,27660,0,1704,1706,1735,1757
A015860,일진홀딩스,20130809,1695,1725,1695,1695,21090,27660,0,1708,1707,1736,1758
A015860,일진홀딩스,20130808,1710,1715,1685,1695,7671,32450,-11,1703,1708,1739,1759
A015860,일진홀딩스,20130807,1700,1730,1700,1715,5070,32450,0,1701,1708,1741,1760
A015860,일진홀딩스,20130806,1700,1740,1700,1715,15934,34100,0,1699,1706,1743,1760
A015860,일진홀딩스,20130805,1685,1740,1685,1720,18240,34100,-10,1698,1704,1744,1760
A015860,일진홀딩스,20130802,1670,1700,1670,1670,6095,34100,-3,1690,1702,1745,1760
A015860,일진홀딩스,20130801,1705,1715,1670,1685,13631,34100,0,1694,1703,1747,1760
A015860,일진홀딩스,20130731,1725,1725,1675,1705,5390,34100,0,1700,1702,1749,1760
A015860,일진홀딩스,20130730,1680,1710,1670,1710,7854,34100,0,1702,1702,1751,1760
A015860,일진홀딩스,20130729,1725,1725,1665,1680,6991,34100,-60,1702,1703,1751,1761
A015860,일진홀딩스,20130726,1715,1715,1680,1690,4850,34100,-10,1712,1705,1751,1761
A015860,일진홀딩스,20130725,1690,1715,1675,1715,5740,34100,0,1715,1706,1751,1762
A015860,일진홀딩스,20130724,1730,1730,1685,1715,3350,34100,0,1720,1704,1751,1762
A015860,일진홀딩스,20130723,1695,1725,1695,1710,24989,34100,0,1718,1700,1751,1762
A015860,일진홀딩스,20130722,1720,1730,1695,1730,8520,34100,0,1719,1695,1752,1763
A015860,일진홀딩스,20130719,1740,1740,1695,1705,10821,35100,0,1719,1690,1752,1763
A015860,일진홀딩스,20130718,1715,1740,1690,1740,12811,35100,0,1720,1686,1751,1764
A015860,일진홀딩스,20130717,1715,1715,1690,1705,7360,35100,0,1712,1684,1751,1764
A015860,일진홀딩스,20130716,1750,1750,1685,1715,19180,35100,-20,1706,1685,1751,1764
A015860,일진홀딩스,20130715,1740,1740,1695,1730,3760,35100,0,1697,1686,1750,1765
A015860,일진홀딩스,20130712,1725,1725,1670,1710,6024,35680,0,1685,1685,1750,1766
A015860,일진홀딩스,20130711,1675,1725,1670,1700,2970,35680,-120,1682,1687,1751,1766
A015860,일진홀딩스,20130710,1680,1710,1630,1675,4554,35680,0,1677,1689,1751,1767
A015860,일진홀딩스,20130709,1675,1675,1615,1670,4824,35680,0,1683,1695,1751,1768
A015860,일진홀딩스,20130708,1720,1720,1660,1670,9002,35680,0,1695,1704,1752,1769
A015860,일진홀딩스,20130705,1700,1700,1675,1695,21352,35680,0,1703,1714,1753,1770
A015860,일진홀딩스,20130704,1680,1720,1650,1675,27223,35680,0,1708,1723,1754,1771
A015860,일진홀딩스,20130703,1730,1735,1670,1705,13030,35680,0,1709,1734,1756,1772
A015860,일진홀딩스,20130702,1740,1740,1665,1730,10270,35680,0,1695,1743,1757,1773
A015860,일진홀딩스,20130701,1735,1735,1685,1710,3662,35680,0,1669,1749,1758,1773
A015860,일진홀딩스,20130628,1665,1720,1665,1720,8730,35680,-10,1652,1753,1760,1774
A015860,일진홀딩스,20130627,1670,1720,1670,1680,22974,35680,0,1634,1760,1762,1774
A015860,일진홀딩스,20130626,1620,1650,1600,1635,27510,35680,0,1638,1766,1764,1775
A015860,일진홀딩스,20130625,1640,1640,1570,1600,67450,35680,-10,1656,1774,1767,1776
A015860,일진홀딩스,20130624,1610,1640,1610,1625,27900,35680,0,1684,1783,1771,1778
A015860,일진홀딩스,20130621,1625,1690,1620,1630,62084,35680,0,1700,1792,1774,1779
A015860,일진홀딩스,20130620,1700,1755,1690,1700,13755,35680,-10,1723,1800,1778,1781
A015860,일진홀딩스,20130619,1740,1740,1710,1725,3750,35680,0,1733,1806,1780,1781
A015860,일진홀딩스,20130618,1705,1750,1700,1740,9955,35680,0,1746,1811,1781,1782
A015860,일진홀딩스,20130617,1745,1755,1705,1705,33074,34530,0,1770,1813,1781,1783
A015860,일진홀딩스,20130614,1760,1760,1740,1745,11664,34530,-10,1799,1817,1783,1784
A015860,일진홀딩스,20130613,1790,1800,1725,1750,21210,34530,0,1827,1822,1784,1785
A015860,일진홀딩스,20130612,1855,1860,1775,1790,72823,34530,0,1856,1825,1784,1784
A015860,일진홀딩스,20130611,1850,1930,1840,1860,28922,34530,0,1874,1826,1784,1782
A015860,일진홀딩스,20130610,1905,1905,1850,1850,54660,27660,0,1874,1823,1783,1780
A015860,일진홀딩스,20130607,1900,1920,1840,1885,54904,27660,0,1862,1820,1782,1778
A015860,일진홀딩스,20130605,1880,1930,1865,1895,46890,27660,-20,1854,1816,1780,1776
A015860,일진홀딩스,20130604,1870,1935,1850,1880,113800,27660,0,1835,1811,1778,1774
A015860,일진홀딩스,20130603,1780,1880,1770,1860,72990,30800,-10,1821,1807,1777,1771
A015860,일진홀딩스,20130531,1845,1880,1780,1790,56430,30800,0,1804,1800,1776,1769
A015860,일진홀딩스,20130530,1810,1860,1780,1845,64650,30800,-10,1806,1795,1777,1768
A015860,일진홀딩스,20130529,1785,1805,1770,1800,29440,30800,0,1798,1788,1776,1766
A015860,일진홀딩스,20130528,1770,1820,1745,1810,34420,30800,0,1801,1784,1777,1764
A015860,일진홀딩스,20130527,1800,1800,1740,1775,34910,30800,0,1803,1780,1777,1763
A015860,일진홀딩스,20130524,1790,1815,1785,1800,4211,30800,-10,1804,1777,1777,1762
A015860,일진홀딩스,20130523,1815,1830,1785,1805,34920,30800,0,1801,1773,1778,1760
A015860,일진홀딩스,20130522,1800,1830,1785,1815,17250,30801,0,1808,1768,1778,1759
A015860,일진홀딩스,20130521,1745,1820,1745,1820,41940,30801,-10,1808,1762,1778,1757
A015860,일진홀딩스,20130520,1795,1795,1760,1780,9031,32611,0,1808,1756,1779,1756
A015860,일진홀딩스,20130516,1810,1825,1785,1785,43447,32611,-10,1809,1752,1780,1755
A015860,일진홀딩스,20130515,1790,1865,1790,1840,60329,32611,0,1812,1750,1780,1754
A015860,일진홀딩스,20130514,1800,1825,1795,1815,12600,32611,0,1804,1744,1779,1752
A015860,일진홀딩스,20130513,1785,1825,1775,1820,38190,35161,-10,1801,1738,1778,1750
A015860,일진홀딩스,20130510,1790,1830,1780,1785,10533,35161,-9,1796,1732,1777,1749
A015860,일진홀딩스,20130509,1810,1820,1775,1800,21470,36711,0,1781,1730,1776,1747
A015860,일진홀딩스,20130508,1820,1820,1775,1800,35072,36711,-10,1762,1726,1775,1746
A015860,일진홀딩스,20130507,1795,1805,1765,1800,46618,40712,-7,1743,1722,1773,1746
A015860,일진홀딩스,20130506,1725,1820,1725,1795,110310,47172,-20,1727,1722,1772,1745
A015860,일진홀딩스,20130503,1710,1715,1700,1710,12400,47172,-10,1711,1721,1770,1744
A015860,일진홀딩스,20130502,1705,1715,1700,1705,36303,47172,0,1713,1725,1770,1744
A015860,일진홀딩스,20130430,1725,1725,1695,1705,22474,47172,-34,1717,1730,1771,1744
A015860,일진홀딩스,20130429,1725,1725,1700,1720,2670,47172,-10,1716,1737,1772,1744
A015860,일진홀딩스,20130426,1720,1725,1690,1715,12836,47172,-23,1710,1742,1772,1744
A015860,일진홀딩스,20130425,1700,1735,1700,1720,8522,47172,0,1709,1747,1773,1744
A015860,일진홀딩스,20130424,1700,1725,1700,1725,6252,47712,-2,1706,1753,1774,1743
A015860,일진홀딩스,20130423,1685,1720,1685,1700,9370,47712,0,1707,1758,1775,1742
A015860,일진홀딩스,20130422,1690,1740,1675,1690,39041,47712,-13,1713,1765,1776,1742
A015860,일진홀딩스,20130419,1690,1710,1690,1710,13940,47712,0,1712,1771,1777,1742
A015860,일진홀딩스,20130418,1730,1730,1685,1705,34632,47712,-1,1712,1775,1778,1742
A015860,일진홀딩스,20130417,1730,1745,1680,1730,31960,47712,-10,1719,1779,1780,1742
A015860,일진홀딩스,20130416,1680,1730,1675,1730,13595,47712,-20,1720,1781,1781,1742
A015860,일진홀딩스,20130415,1710,1770,1675,1685,25964,47712,0,1717,1785,1782,1742
A015860,일진홀딩스,20130412,1715,1745,1710,1710,23040,47712,0,1740,1790,1784,1742
A015860,일진홀딩스,20130411,1720,1740,1715,1740,17919,47712,0,1753,1794,1785,1743
A015860,일진홀딩스,20130410,1755,1755,1710,1735,6253,47712,0,1763,1797,1786,1743
A015860,일진홀딩스,20130409,1810,1810,1670,1715,84670,47712,0,1778,1800,1787,1744
A015860,일진홀딩스,20130408,1785,1800,1755,1800,18041,47712,0,1801,1803,1788,1744
A015860,일진홀딩스,20130405,1770,1800,1740,1775,17400,47712,-10,1806,1802,1788,1744
A015860,일진홀딩스,20130404,1810,1810,1750,1790,10914,47712,-10,1815,1804,1788,1744
A015860,일진홀딩스,20130403,1840,1840,1790,1810,23352,47712,0,1825,1804,1788,1744
A015860,일진홀딩스,20130402,1825,1850,1800,1830,9240,47712,-10,1829,1805,1788,1745
A015860,일진홀딩스,20130401,1815,1850,1805,1825,20590,47712,-10,1830,1804,1787,1745
A015860,일진홀딩스,20130329,1865,1865,1820,1820,20153,47712,0,1825,1804,1786,1745
A015860,일진홀딩스,20130328,1835,1845,1815,1840,15140,47712,-10,1819,1804,1785,1745
A015860,일진홀딩스,20130327,1835,1860,1830,1830,13070,47712,-10,1808,1802,1784,1745
A015860,일진홀딩스,20130326,1815,1865,1800,1835,60776,47712,3735,1798,1801,1784,1745
A015860,일진홀딩스,20130325,1790,1820,1790,1800,16688,47712,-10,1791,1800,1783,1745
A015860,일진홀딩스,20130322,1800,1800,1760,1790,21635,47712,0,1787,1802,1783,1745
A015860,일진홀딩스,20130321,1820,1820,1755,1785,14140,47712,1000,1787,1805,1784,1746
A015860,일진홀딩스,20130320,1780,1815,1765,1780,16380,47712,0,1792,1808,1785,1747
A015860,일진홀딩스,20130319,1780,1800,1775,1800,9111,47712,0,1794,1808,1786,1748
A015860,일진홀딩스,20130318,1790,1790,1760,1780,42290,47712,-30,1791,1808,1786,1748
A015860,일진홀딩스,20130315,1800,1810,1780,1790,8942,47712,0,1789,1808,1784,1749
A015860,일진홀딩스,20130314,1800,1825,1770,1810,13040,47716,-10,1793,1806,1781,1750
A015860,일진홀딩스,20130313,1785,1800,1755,1790,41812,47716,-10,1793,1802,1777,1750
A015860,일진홀딩스,20130312,1770,1785,1735,1785,7901,69607,-10,1798,1798,1774,1750
A015860,일진홀딩스,20130311,1805,1805,1735,1770,30145,69607,0,1805,1794,1771,1750
A015860,일진홀딩스,20130308,1810,1830,1770,1810,16750,69607,0,1817,1790,1769,1749
A015860,일진홀딩스,20130307,1825,1825,1785,1810,21230,69607,0,1818,1786,1765,1748
A015860,일진홀딩스,20130306,1835,1845,1790,1815,10310,69607,0,1815,1782,1762,1747
A015860,일진홀딩스,20130305,1795,1835,1790,1820,8570,69607,-20,1815,1778,1758,1746
A015860,일진홀딩스,20130304,1815,1870,1780,1830,30461,69607,-10,1814,1775,1755,1745
A015860,일진홀딩스,20130228,1820,1840,1785,1815,20431,64967,0,1817,1771,1752,1744
A015860,일진홀딩스,20130227,1840,1840,1795,1795,5490,64967,0,1822,1768,1749,1743
A015860,일진홀딩스,20130226,1750,1815,1750,1815,27741,64967,0,1830,1767,1746,1742
A015860,일진홀딩스,20130225,1845,1870,1760,1815,31311,64967,0,1827,1764,1743,1742
A015860,일진홀딩스,20130222,1855,1880,1820,1845,11066,64967,-6,1821,1762,1740,1741
A015860,일진홀딩스,20130221,1895,1895,1810,1840,38281,64967,0,1808,1758,1737,1740
A015860,일진홀딩스,20130220,1830,1975,1800,1835,97232,64967,0,1790,1755,1733,1740
A015860,일진홀딩스,20130219,1785,1815,1785,1800,22081,64967,0,1771,1752,1730,1739
A015860,일진홀딩스,20130218,1775,1800,1775,1785,27791,64967,0,1752,1752,1727,1738
A015860,일진홀딩스,20130215,1740,1790,1740,1780,32769,64967,0,1736,1752,1725,1738
A015860,일진홀딩스,20130214,1770,1770,1725,1750,50172,64967,0,1720,1753,1722,1738
A015860,일진홀딩스,20130213,1690,1765,1685,1740,25660,73359,-20,1714,1756,1720,1738
A015860,일진홀딩스,20130212,1730,1730,1670,1705,7396,74529,-6,1711,1758,1719,1738
A015860,일진홀딩스,20130208,1710,1720,1690,1705,11760,74529,0,1720,1763,1718,1738
A015860,일진홀딩스,20130207,1720,1730,1690,1700,23071,74529,-1,1730,1767,1718,1739
A015860,일진홀딩스,20130206,1695,1730,1690,1720,29751,76319,0,1739,1772,1718,1739
A015860,일진홀딩스,20130205,1780,1780,1705,1725,20150,76319,0,1745,1775,1718,1739
A015860,일진홀딩스,20130204,1785,1785,1720,1750,12285,76319,0,1756,1778,1718,1739
A015860,일진홀딩스,20130201,1745,1780,1730,1755,6410,76319,-10,1758,1779,1717,1739
A015860,일진홀딩스,20130131,1785,1785,1740,1745,12630,76319,0,1761,1780,1716,1739
A015860,일진홀딩스,20130130,1755,1795,1745,1750,32380,76319,0,1766,1782,1715,1739
A015860,일진홀딩스,20130129,1740,1785,1740,1780,25386,76319,0,1772,1784,1714,1739
A015860,일진홀딩스,20130128,1770,1770,1740,1760,9520,76319,-20,1772,1784,1712,1738
A015860,일진홀딩스,20130125,1755,1800,1750,1770,22430,76319,0,1779,1786,1710,1737
A015860,일진홀딩스,20130124,1765,1780,1740,1770,20100,76319,0,1783,1788,1708,1736
A015860,일진홀딩스,20130123,1790,1790,1765,1780,18820,76319,-20,1788,1789,1707,1735
A015860,일진홀딩스,20130122,1770,1795,1765,1780,18302,76319,-1,1792,1791,1706,1734
A015860,일진홀딩스,20130121,1790,1800,1760,1795,43223,76319,0,1794,1794,1704,1733
A015860,일진홀딩스,20130118,1775,1795,1740,1790,18710,76319,-10,1795,1796,1703,1731
A015860,일진홀딩스,20130117,1800,1825,1740,1795,15760,76319,0,1795,1798,1702,1730
A015860,일진홀딩스,20130116,1785,1805,1775,1800,32911,76319,0,1795,1790,1701,1728
A015860,일진홀딩스,20130115,1780,1815,1780,1790,19070,76319,-10,1791,1781,1701,1727
A015860,일진홀딩스,20130114,1810,1810,1775,1800,13329,76319,0,1789,1772,1701,1726
A015860,일진홀딩스,20130111,1775,1810,1765,1790,19195,76319,-10,1785,1761,1700,1726
A015860,일진홀딩스,20130110,1815,1815,1760,1795,6497,76319,-20,1783,1753,1700,1725
A015860,일진홀딩스,20130109,1795,1795,1760,1780,4341,76319,-10,1778,1744,1700,1725
A015860,일진홀딩스,20130108,1795,1795,1735,1780,13860,76319,0,1780,1734,1700,1725
A015860,일진홀딩스,20130107,1780,1815,1755,1780,13520,76319,-2,1782,1726,1701,1724
A015860,일진홀딩스,20130104,1805,1805,1750,1780,17821,76319,0,1786,1718,1702,1723
A015860,일진홀딩스,20130103,1780,1830,1720,1770,28950,76319,0,1789,1710,1703,1723
A015860,일진홀딩스,20130102,1775,1810,1760,1790,26550,76319,0,1796,1703,1704,1722
A015860,일진홀딩스,20121228,1800,1800,1745,1790,14426,76319,-6,1800,1695,1704,1721
A015860,일진홀딩스,20121227,1790,1800,1735,1800,24260,76319,0,1811,1688,1705,1720
A015860,일진홀딩스,20121226,1830,1830,1710,1795,24170,76319,0,1817,1680,1706,1719
A015860,일진홀딩스,20121224,1775,1840,1775,1805,2710,76319,0,1823,1671,1706,1718
A015860,일진홀딩스,20121221,1820,1870,1775,1810,13981,76319,-40,1791,1662,1707,1717
A015860,일진홀딩스,20121220,1830,1875,1780,1845,42830,76319,0,1752,1652,1708,1716
A015860,일진홀딩스,20121218,1820,1840,1750,1830,75890,76319,0,1704,1643,1709,1714
A015860,일진홀딩스,20121217,1655,1870,1655,1825,520609,76319,0,1657,1634,1710,1712
A015860,일진홀딩스,20121214,1600,1680,1600,1645,63265,76319,130,1616,1624,1711,1710
A015860,일진홀딩스,20121213,1585,1620,1585,1615,26798,76319,-12,1609,1623,1715,1710
A015860,일진홀딩스,20121212,1610,1620,1585,1605,24496,76319,0,1606,1624,1719,1710
A015860,일진홀딩스,20121211,1620,1630,1585,1595,14700,76319,-10,1605,1626,1724,1710
A015860,일진홀딩스,20121210,1605,1660,1585,1620,62320,76319,-20,1610,1630,1726,1711
A015860,일진홀딩스,20121207,1585,1615,1585,1610,20012,86959,0,1612,1634,1728,1711
A015860,일진홀딩스,20121206,1605,1620,1575,1600,26816,86959,229,1616,1638,1729,1711
A015860,일진홀딩스,20121205,1600,1625,1600,1600,15254,86959,-10,1623,1644,1731,1711
A015860,일진홀딩스,20121204,1605,1635,1600,1620,12711,86959,0,1631,1650,1733,1711
A015860,일진홀딩스,20121203,1630,1640,1610,1630,15160,86959,0,1634,1654,1734,1711
A015860,일진홀딩스,20121130,1650,1650,1620,1630,19610,86959,0,1633,1657,1735,1711
A015860,일진홀딩스,20121129,1640,1660,1610,1635,29461,96079,0,1633,1660,1736,1711
A015860,일진홀딩스,20121128,1630,1660,1600,1640,17536,104079,-10,1629,1663,1737,1711
A015860,일진홀딩스,20121127,1600,1640,1600,1635,43208,109059,0,1631,1665,1738,1710
A015860,일진홀딩스,20121126,1630,1640,1600,1625,35220,120089,-20,1634,1665,1740,1710
A015860,일진홀딩스,20121123,1640,1645,1615,1630,22950,121029,0,1637,1666,1742,1710
A015860,일진홀딩스,20121122,1655,1655,1600,1615,31189,131389,-3,1635,1669,1744,1709
A015860,일진홀딩스,20121121,1650,1655,1630,1650,23473,131389,-20,1636,1674,1746,1710
A015860,일진홀딩스,20121120,1670,1670,1620,1650,36010,131389,0,1637,1676,1748,1711
A015860,일진홀딩스,20121119,1625,1640,1625,1640,20860,131389,-10,1644,1678,1749,1712
A015860,일진홀딩스,20121116,1635,1635,1615,1620,25510,142599,-10,1656,1683,1751,1714
A015860,일진홀딩스,20121115,1620,1645,1620,1620,18259,142599,0,1670,1690,1753,1715
A015860,일진홀딩스,20121114,1655,1695,1650,1655,32598,144039,0,1687,1698,1755,1717
A015860,일진홀딩스,20121113,1715,1715,1660,1685,10970,142979,0,1699,1705,1757,1718
A015860,일진홀딩스,20121112,1700,1705,1670,1700,15143,141899,0,1704,1709,1758,1719
A015860,일진홀딩스,20121109,1680,1705,1660,1690,9500,141379,0,1702,1712,1759,1720
A015860,일진홀딩스,20121108,1675,1705,1675,1705,10330,141379,-10,1703,1717,1760,1721
A015860,일진홀딩스,20121107,1710,1720,1685,1715,9656,141379,-20,1699,1722,1760,1723
A015860,일진홀딩스,20121106,1690,1710,1660,1710,34187,141629,0,1692,1727,1761,1724
A015860,일진홀딩스,20121105,1695,1695,1660,1690,7230,141629,0,1679,1734,1761,1726
A015860,일진홀딩스,20121102,1725,1725,1665,1695,19841,141749,0,1668,1741,1762,1728
A015860,일진홀딩스,20121101,1675,1695,1660,1685,6499,141829,0,1668,1748,1763,1730
A015860,일진홀딩스,20121031,1655,1680,1645,1680,36133,142569,0,1672,1755,1764,1733
A015860,일진홀딩스,20121030,1615,1655,1610,1645,20400,144989,0,1674,1764,1763,1736
A015860,일진홀딩스,20121029,1680,1690,1635,1635,66279,147469,-18,1686,1773,1764,1739
A015860,일진홀딩스,20121026,1705,1735,1655,1695,35760,148149,0,1705,1783,1764,1742
A015860,일진홀딩스,20121025,1705,1760,1695,1705,41150,148149,-10,1721,1790,1763,1744
A015860,일진홀딩스,20121024,1690,1695,1665,1690,93628,148149,-4,1734,1798,1762,1747
A015860,일진홀딩스,20121023,1735,1735,1700,1705,46400,148169,-10,1754,1808,1761,1749
A015860,일진홀딩스,20121022,1750,1765,1715,1730,84274,148169,0,1767,1818,1760,1751
A015860,일진홀딩스,20121019,1755,1790,1750,1775,20654,148169,-10,1775,1825,1757,1753
A015860,일진홀딩스,20121018,1780,1800,1745,1770,40072,148489,0,1775,1830,1755,1754
A015860,일진홀딩스,20121017,1795,1800,1765,1790,23780,148709,-10,1781,1834,1753,1755
A015860,일진홀딩스,20121016,1750,1795,1750,1770,19040,146399,0,1789,1840,1752,1757
A015860,일진홀딩스,20121015,1775,1800,1750,1770,41330,146869,0,1805,1839,1751,1759
A015860,일진홀딩스,20121012,1800,1820,1765,1775,42824,147659,0,1815,1836,1750,1761
A015860,일진홀딩스,20121011,1830,1830,1750,1800,82448,147789,0,1826,1833,1750,1763
A015860,일진홀딩스,20121010,1850,1860,1830,1830,27308,147299,0,1834,1828,1749,1764
A015860,일진홀딩스,20121009,1800,1850,1800,1850,37153,147299,-20,1838,1822,1747,1765
A015860,일진홀딩스,20121008,1845,1860,1805,1820,42960,146659,0,1834,1814,1744,1766
A015860,일진홀딩스,20121005,1825,1850,1815,1830,42213,144849,-11,1836,1808,1743,1767
A015860,일진홀딩스,20121004,1860,1865,1825,1840,54692,147069,0,1837,1800,1740,1768
A015860,일진홀딩스,20121002,1845,1880,1815,1850,56699,146109,0,1841,1794,1738,1769
A015860,일진홀딩스,20120928,1850,1870,1815,1830,45022,145109,0,1850,1786,1735,1770
A015860,일진홀딩스,20120927,1820,1840,1805,1830,69901,141199,-2,1867,1782,1732,1771
A015860,일진홀딩스,20120926,1850,1870,1825,1835,56411,143989,0,1873,1777,1730,1772
A015860,일진홀딩스,20120925,1870,1890,1850,1860,66564,142589,-10,1882,1773,1727,1773
A015860,일진홀딩스,20120924,1925,1975,1880,1895,154703,142589,-10,1882,1768,1723,1775
A015860,일진홀딩스,20120921,1855,1965,1850,1915,149240,144019,-10,1883,1760,1719,1776
A015860,일진홀딩스,20120920,1885,1910,1835,1860,149078,149019,0,1849,1751,1714,1777
A015860,일진홀딩스,20120919,1805,1945,1805,1880,360863,150449,-10,1822,1746,1710,1779
A015860,일진홀딩스,20120918,2015,2020,1860,1860,698692,163199,-10,1787,1739,1705,1781
A015860,일진홀딩스,20120917,1760,2005,1745,1900,1426962,163199,0,1756,1734,1701,1783
A015860,일진홀딩스,20120914,1725,1765,1725,1745,55694,163199,0,1717,1727,1697,1785
A015860,일진홀딩스,20120913,1700,1725,1700,1725,35680,163199,0,1708,1727,1696,1788
A015860,일진홀딩스,20120912,1705,1715,1700,1705,46005,163199,-14,1701,1728,1694,1792
A015860,일진홀딩스,20120911,1710,1725,1700,1705,8540,163199,0,1696,1730,1693,1796
A015860,일진홀딩스,20120910,1705,1740,1700,1705,14352,163199,-10,1695,1731,1691,1800
A015860,일진홀딩스,20120907,1705,1720,1690,1700,22172,164479,0,1696,1732,1689,1804
A015860,일진홀딩스,20120906,1680,1695,1675,1690,10670,164479,-20,1702,1734,1688,1808
A015860,일진홀딩스,20120905,1690,1710,1675,1680,36450,164479,0,1711,1737,1686,1812
A015860,일진홀딩스,20120904,1720,1725,1680,1700,42531,164479,-10,1726,1740,1685,1816
A015860,일진홀딩스,20120903,1740,1740,1700,1710,20893,168379,0,1737,1742,1684,1820
A015860,일진홀딩스,20120831,1715,1735,1715,1730,10503,168379,0,1744,1740,1682,1824
A015860,일진홀딩스,20120830,1740,1750,1720,1735,18501,168999,0,1744,1738,1680,1828
A015860,일진홀딩스,20120829,1760,1765,1730,1755,31460,168999,0,1749,1733,1678,1832
A015860,일진홀딩스,20120828,1730,1755,1710,1755,19331,183789,-10,1746,1728,1675,1835
A015860,일진홀딩스,20120827,1750,1750,1725,1745,16290,183789,0,1747,1722,1674,1838
A015860,일진홀딩스,20120824,1740,1760,1710,1730,19090,183789,-20,1751,1716,1675,1842
A015860,일진홀딩스,20120823,1750,1765,1730,1760,42032,183789,-10,1755,1710,1676,1847
A015860,일진홀딩스,20120822,1765,1765,1720,1740,40663,183789,0,1751,1702,1677,1851
A015860,일진홀딩스,20120821,1750,1780,1750,1760,12341,183899,0,1752,1696,1678,1855
A015860,일진홀딩스,20120820,1750,1795,1735,1765,33660,183899,0,1745,1691,1679,1858
A015860,일진홀딩스,20120817,1750,1755,1730,1750,18070,183899,-10,1739,1688,1679,1863
A015860,일진홀딩스,20120816,1745,1745,1725,1740,22370,189159,-12,1736,1687,1680,1867
A015860,일진홀딩스,20120814,1745,1745,1720,1745,20440,189159,-10,1736,1686,1681,1872
A015860,일진홀딩스,20120813,1730,1755,1710,1725,28288,189159,-10,1738,1687,1683,1877
A015860,일진홀딩스,20120810,1735,1760,1725,1735,24090,188379,10,1739,1688,1685,1882
A015860,일진홀딩스,20120809,1760,1760,1700,1735,37872,188379,-10,1726,1686,1687,1887
A015860,일진홀딩스,20120808,1780,1780,1710,1740,23042,188379,0,1715,1684,1691,1893
A015860,일진홀딩스,20120807,1745,1780,1700,1755,35087,189949,-10,1696,1684,1694,1898
A015860,일진홀딩스,20120806,1675,1760,1675,1730,39821,191729,0,1675,1680,1698,1902
A015860,일진홀딩스,20120803,1680,1685,1655,1670,13110,193499,0,1659,1678,1703,1906
A015860,일진홀딩스,20120802,1630,1690,1625,1680,53522,193849,0,1649,1678,1708,1911
A015860,일진홀딩스,20120801,1665,1670,1645,1645,7484,193879,0,1635,1678,1713,1916
A015860,일진홀딩스,20120731,1650,1670,1630,1650,6724,193879,0,1624,1680,1719,1921
A015860,일진홀딩스,20120730,1645,1665,1615,1650,43080,194349,0,1620,1680,1725,1926
A015860,일진홀딩스,20120727,1630,1645,1600,1620,18000,194349,-10,1620,1680,1731,1931
A015860,일진홀딩스,20120726,1590,1615,1590,1610,9623,194299,-30,1640,1680,1737,1936
A015860,일진홀딩스,20120725,1620,1640,1580,1590,64120,194379,0,1663,1681,1742,1941
A015860,일진홀딩스,20120724,1645,1650,1620,1630,62820,194329,0,1690,1682,1748,1945
A015860,일진홀딩스,20120723,1710,1710,1650,1650,25662,194329,0,1714,1681,1753,1949
A015860,일진홀딩스,20120720,1745,1745,1700,1720,23913,193519,0,1735,1679,1758,1952
A015860,일진홀딩스,20120719,1725,1755,1700,1725,88310,196549,0,1730,1675,1762,1954
A015860,일진홀딩스,20120718,1790,1790,1700,1725,27240,201919,0,1725,1672,1766,1956
A015860,일진홀딩스,20120717,1755,1765,1730,1750,81712,201879,0,1724,1668,1771,1958
A015860,일진홀딩스,20120716,1695,1755,1685,1755,91770,200389,0,1710,1661,1775,1960
A015860,일진홀딩스,20120713,1715,1715,1670,1695,56980,233259,0,1696,1654,1779,1962
A015860,일진홀딩스,20120712,1730,1730,1675,1700,62201,233529,0,1695,1650,1784,1964
A015860,일진홀딩스,20120711,1675,1720,1675,1720,117230,229409,-75490,1690,1645,1788,1966
A015860,일진홀딩스,20120710,1675,1705,1670,1680,37740,228109,-5340,1680,1639,1792,1968
A015860,일진홀딩스,20120709,1685,1690,1660,1685,45314,228449,-2180,1677,1636,1796,1971
A015860,일진홀딩스,20120706,1665,1695,1650,1690,131113,227759,-50020,1668,1633,1800,1974
A015860,일진홀딩스,20120705,1670,1695,1655,1675,122815,227399,0,1656,1628,1805,1976
A015860,일진홀딩스,20120704,1665,1700,1650,1670,95788,240959,-48010,1646,1625,1810,1979
A015860,일진홀딩스,20120703,1640,1680,1630,1665,43763,240979,-10,1634,1621,1814,1982
A015860,일진홀딩스,20120702,1650,1650,1630,1640,44420,241779,0,1622,1616,1819,1984
A015860,일진홀딩스,20120629,1625,1630,1600,1630,65254,241729,0,1618,1620,1826,1986
A015860,일진홀딩스,20120628,1615,1645,1610,1625,44560,248499,0,1618,1628,1833,1989
A015860,일진홀딩스,20120627,1605,1620,1600,1610,72107,246839,-50000,1627,1636,1840,1992
A015860,일진홀딩스,20120626,1605,1615,1600,1605,41710,246199,0,1635,1646,1848,1995
A015860,일진홀딩스,20120625,1635,1645,1620,1620,72170,246199,-33380,1635,1656,1856,1999
A015860,일진홀딩스,20120622,1625,1655,1620,1630,50754,248199,-8,1635,1666,1864,2003
A015860,일진홀딩스,20120621,1650,1680,1635,1670,82620,248639,-50210,1629,1674,1873,2007
A015860,일진홀딩스,20120620,1615,1670,1600,1650,161024,246099,-10,1616,1682,1880,2011
A015860,일진홀딩스,20120619,1610,1635,1605,1605,51378,250619,-20,1607,1689,1889,2015
A015860,일진홀딩스,20120618,1605,1645,1600,1620,141620,252019,-50011,1608,1700,1899,2019
A015860,일진홀딩스,20120615,1600,1610,1595,1600,46602,261319,-23330,1610,1714,1908,2023
A015860,일진홀딩스,20120614,1605,1625,1595,1605,73424,260319,-45620,1611,1726,1918,2027
A015860,일진홀딩스,20120613,1610,1625,1600,1605,71249,264469,-38579,1612,1743,1928,2030
A015860,일진홀딩스,20120612,1620,1625,1590,1610,21571,264479,0,1607,1760,1937,2034
A015860,일진홀딩스,20120611,1605,1640,1590,1630,59429,264019,-10,1600,1779,1946,2038
A015860,일진홀딩스,20120608,1600,1610,1580,1605,42471,264019,0,1617,1798,1956,2041
A015860,일진홀딩스,20120607,1605,1650,1585,1610,94130,264019,-50000,1654,1817,1966,2045
A015860,일진홀딩스,20120605,1580,1680,1570,1580,56339,259219,0,1691,1836,1976,2048
A015860,일진홀딩스,20120604,1680,1680,1575,1575,124414,259219,-6,1735,1858,1986,2051
A015860,일진홀딩스,20120601,1765,1790,1675,1715,83774,259219,0,1782,1880,1995,2055
A015860,일진홀딩스,20120531,1790,1810,1770,1790,42900,259219,0,1801,1894,2003,2057
A015860,일진홀딩스,20120530,1800,1800,1770,1795,27072,259219,0,1803,1902,2010,2059
A015860,일진홀딩스,20120529,1800,1825,1785,1800,15921,259219,0,1808,1909,2018,2061
A015860,일진홀딩스,20120525,1820,1825,1795,1810,4655,259459,0,1808,1916,2025,2063
A015860,일진홀딩스,20120524,1775,1815,1775,1810,23502,260659,0,1810,1921,2031,2064
A015860,일진홀딩스,20120523,1800,1815,1780,1800,12123,261939,0,1826,1928,2038,2066
A015860,일진홀딩스,20120522,1805,1820,1780,1820,55370,263139,-22580,1838,1936,2047,2070
A015860,일진홀딩스,20120521,1820,1855,1790,1800,46441,264259,-11210,1860,1945,2054,2073
A015860,일진홀딩스,20120518,1880,1880,1780,1820,18920,265159,-10,1892,1956,2063,2077
A015860,일진홀딩스,20120517,1860,1935,1850,1890,37906,266059,0,1925,1964,2072,2081
A015860,일진홀딩스,20120516,1890,1925,1860,1860,14330,267019,0,1947,1970,2079,2084
A015860,일진홀딩스,20120515,1920,1960,1880,1930,36070,267859,0,1974,1975,2088,2087
A015860,일진홀딩스,20120514,1960,1995,1925,1960,20680,268659,-20,1987,1978,2095,2090
A015860,일진홀딩스,20120511,2000,2005,1955,1985,25020,269459,-10,1995,1976,2101,2093
A015860,일진홀딩스,20120510,1995,2005,1975,2000,6319,270309,0,2001,1974,2106,2096
A015860,일진홀딩스,20120509,2010,2010,1965,1995,27432,271139,0,2004,1971,2110,2098
A015860,일진홀딩스,20120508,2020,2020,1970,1995,27421,271989,0,1993,1969,2115,2101
A015860,일진홀딩스,20120507,1970,2010,1970,2000,12500,272739,0,1982,1967,2119,2104
A015860,일진홀딩스,20120504,2020,2025,1960,2015,21770,273589,-10,1969,1965,2123,2107
A015860,일진홀딩스,20120503,1955,2020,1910,2015,38060,274619,0,1949,1962,2127,2110
A015860,일진홀딩스,20120502,1920,1995,1920,1940,10979,279269,-20,1934,1963,2130,2113
A015860,일진홀딩스,20120430,1920,1960,1915,1940,9408,282169,0,1937,1968,2135,2116
A015860,일진홀딩스,20120427,1905,1950,1905,1935,18481,284199,0,1952,1974,2139,2119
A015860,일진홀딩스,20120426,1975,2010,1910,1915,9847,283469,0,1968,1981,2142,2121
A015860,일진홀딩스,20120425,1970,1995,1935,1940,24088,282879,0,1983,1990,2145,2122
A015860,일진홀딩스,20120424,1995,2010,1930,1955,12321,285549,0,1995,1999,2146,2124
A015860,일진홀딩스,20120423,2025,2040,1980,2015,14430,289549,-10,1995,2008,2146,2125
A015860,일진홀딩스,20120420,1960,2015,1960,2015,23850,286409,0,1989,2014,2145,2126
A015860,일진홀딩스,20120419,2000,2015,1970,1990,8510,287379,-20,1974,2022,2145,2127
A015860,일진홀딩스,20120418,1965,2025,1960,2000,85000,288089,-10,1961,2031,2145,2129
A015860,일진홀딩스,20120417,1970,2020,1955,1955,71111,288909,0,1951,2040,2145,2130
A015860,일진홀딩스,20120416,1945,1990,1930,1985,26040,291329,0,1951,2052,2145,2131
A015860,일진홀딩스,20120413,1940,1955,1910,1940,64280,292169,0,1946,2063,2144,2133
A015860,일진홀딩스,20120412,1910,1930,1895,1925,19752,291699,-2,1949,2074,2145,2135
A015860,일진홀딩스,20120410,1900,1960,1900,1950,23931,293429,-10,1957,2086,2146,2136
A015860,일진홀딩스,20120409,1975,1975,1880,1955,18620,296569,0,1973,2099,2147,2137
A015860,일진홀딩스,20120406,1950,2020,1950,1960,10653,299659,0,1989,2112,2148,2139
A015860,일진홀딩스,20120405,1960,1980,1925,1955,38678,299769,-10,2009,2124,2148,2142
A015860,일진홀딩스,20120404,2015,2040,1935,1965,149310,299239,0,2032,2134,2150,2143
A015860,일진홀딩스,20120403,2030,2065,2030,2030,17265,301319,-20,2061,2144,2149,2146
A015860,일진홀딩스,20120402,2030,2075,2015,2035,26081,300749,-21,2077,2151,2147,2146
A015860,일진홀딩스,20120330,2070,2080,2015,2060,19046,298869,0,2097,2160,2146,2145
A015860,일진홀딩스,20120329,2115,2115,2030,2070,24916,298989,0,2114,2170,2144,2144
A015860,일진홀딩스,20120328,2080,2130,2050,2110,42055,299079,-50,2132,2177,2142,2142
A015860,일진홀딩스,20120327,2120,2170,2100,2110,25548,299869,-15,2146,2182,2142,2139
A015860,일진홀딩스,20120326,2145,2155,2115,2135,12189,300839,0,2161,2188,2142,2135
A015860,일진홀딩스,20120323,2170,2170,2110,2145,22703,301879,-2,2173,2196,2141,2133
A015860,일진홀딩스,20120322,2160,2190,2130,2160,25340,306569,-20,2183,2203,2141,2132
A015860,일진홀딩스,20120321,2160,2185,2130,2180,24194,309509,-4,2183,2212,2140,2131
A015860,일진홀딩스,20120320,2205,2210,2145,2185,57395,311459,0,2182,2220,2139,2129
A015860,일진홀딩스,20120319,2200,2210,2165,2195,38050,313649,0,2186,2227,2138,2126
A015860,일진홀딩스,20120316,2180,2195,2150,2195,22541,314429,0,2187,2235,2135,2124
A015860,일진홀딩스,20120315,2180,2190,2160,2160,37862,313789,0,2188,2243,2132,2124
A015860,일진홀딩스,20120314,2235,2235,2165,2175,37063,313999,0,2191,2252,2131,2126
A015860,일진홀딩스,20120313,2195,2235,2185,2205,10950,315089,-20,2186,2257,2130,2128
A015860,일진홀딩스,20120312,2245,2245,2180,2200,39550,314029,0,2179,2259,2127,2129
A015860,일진홀딩스,20120309,2210,2210,2160,2200,17931,315159,-20,2185,2263,2123,2130
A015860,일진홀딩스,20120308,2145,2200,2145,2175,47232,315649,-2160,2193,2266,2120,2132
A015860,일진홀딩스,20120307,2140,2165,2100,2150,48764,313399,0,2202,2270,2117,2133
A015860,일진홀딩스,20120306,2205,2250,2150,2170,51942,314819,0,2215,2274,2114,2134
A015860,일진홀딩스,20120305,2265,2280,2210,2230,44493,313729,-20,2228,2277,2111,2136
A015860,일진홀딩스,20120302,2210,2285,2210,2240,37619,315969,0,2241,2276,2107,2138
A015860,일진홀딩스,20120229,2250,2280,2210,2220,34969,310979,0,2248,2274,2104,2141
A015860,일진홀딩스,20120228,2210,2240,2200,2215,42092,310519,-30,2271,2269,2100,2144
A015860,일진홀딩스,20120227,2310,2310,2210,2235,68955,307459,-20,2295,2262,2097,2147
A015860,일진홀딩스,20120224,2310,2310,2255,2295,27460,306219,0,2315,2249,2094,2150
A015860,일진홀딩스,20120223,2335,2335,2260,2275,58344,304519,-20,2328,2234,2094,2153
A015860,일진홀딩스,20120222,2340,2345,2290,2335,65730,305559,-10,2344,2219,2092,2156
A015860,일진홀딩스,20120221,2335,2340,2250,2335,55715,304659,-10,2343,2202,2091,2158
A015860,일진홀딩스,20120220,2400,2420,2310,2335,115407,305609,-28,2331,2185,2090,2160
A015860,일진홀딩스,20120217,2330,2380,2330,2360,48457,305879,-10,2314,2168,2088,2163
A015860,일진홀딩스,20120216,2350,2370,2315,2355,84475,306489,-20,2299,2146,2087,2164
A015860,일진홀딩스,20120215,2260,2360,2250,2330,151340,305019,-30,2281,2127,2086,2166
A015860,일진홀딩스,20120214,2250,2280,2230,2275,71463,310609,-20,2264,2108,2085,2169
A015860,일진홀딩스,20120213,2265,2290,2240,2250,49440,306689,-60,2256,2094,2086,2172
A015860,일진홀딩스,20120210,2230,2300,2230,2285,46410,305499,0,2252,2082,2086,2175
A015860,일진홀딩스,20120209,2280,2290,2250,2265,70913,299919,-40,2237,2068,2088,2179
A015860,일진홀딩스,20120208,2240,2265,2200,2245,73270,292919,-10,2224,2056,2090,2185
A015860,일진홀딩스,20120207,2205,2235,2180,2235,132349,289159,0,2199,2044,2091,2191
A015860,일진홀딩스,20120206,2220,2265,2190,2230,81739,286759,0,2164,2029,2092,2195
A015860,일진홀딩스,20120203,2175,2235,2150,2210,120355,291039,-20,2115,2012,2095,2199
A015860,일진홀딩스,20120202,2290,2290,2160,2200,390557,292459,-20,2072,2001,2096,2203
A015860,일진홀딩스,20120201,2065,2120,2000,2120,253735,294379,-20,2026,1988,2099,2207
A015860,일진홀딩스,20120131,1985,2070,1970,2060,258057,290349,-10,2002,1978,2100,2213
A015860,일진홀딩스,20120130,1990,2005,1975,1985,30400,276569,0,1988,1981,2100,2219
A015860,일진홀딩스,20120127,1975,2000,1960,1995,70034,274369,-10,1991,1988,2102,2228
A015860,일진홀딩스,20120126,1990,2015,1960,1970,138625,274619,-100070,1978,1993,2104,2237
A015860,일진홀딩스,20120125,1995,2035,1985,2000,58096,276519,0,1976,2000,2107,2247
A015860,일진홀딩스,20120120,1995,2040,1965,1990,230117,274959,-73106,1969,2008,2110,2258
A015860,일진홀딩스,20120119,1935,2005,1935,2000,123544,274919,-8530,1970,2012,2112,2268
A015860,일진홀딩스,20120118,1970,1970,1930,1930,92020,273379,-8710,1970,2018,2114,2279
A015860,일진홀딩스,20120117,1990,1995,1950,1960,96177,272529,-12018,1984,2024,2118,2289
A015860,일진홀딩스,20120116,2000,2010,1965,1965,33024,266479,-1700,1996,2026,2121,2299
A015860,일진홀딩스,20120113,2000,2015,1990,1995,70083,271419,0,2006,2032,2124,2309
A015860,일진홀딩스,20120112,2000,2020,1980,2000,54100,271459,0,1993,2038,2126,2318
A015860,일진홀딩스,20120111,2035,2040,1980,2000,65254,273789,0,1973,2039,2128,2327
A015860,일진홀딩스,20120110,2030,2035,2000,2020,155635,273139,0,1969,2039,2131,2336
A015860,일진홀딩스,20120109,1950,2015,1925,2015,276409,274139,100000,1955,2038,2135,2344
A015860,일진홀딩스,20120106,1915,1945,1890,1930,295183,273529,103960,1936,2037,2137,2353
A015860,일진홀딩스,20120105,2030,2050,1845,1900,1069989,273089,-10,1974,2040,2142,2362
A015860,일진홀딩스,20120104,1960,1985,1950,1980,70340,271649,0,2019,2044,2145,2372
A015860,일진홀딩스,20120103,1935,1955,1915,1950,152391,270639,0,2041,2044,2145,2380
A015860,일진홀딩스,20120102,2125,2125,1880,1920,663072,273259,-20,2073,2050,2143,2389
A015860,일진홀딩스,20111229,2150,2150,2075,2120,33340,273119,0,2119,2054,2142,2398
A015860,일진홀딩스,20111228,2070,2130,2055,2125,23550,273059,-10,2112,2049,2136,2406
A015860,일진홀딩스,20111227,2110,2165,2050,2090,57733,271469,-3,2108,2046,2128,2415
A015860,일진홀딩스,20111226,2200,2200,2110,2110,62460,273309,0,2104,2054,2125,2426
A015860,일진홀딩스,20111223,2100,2180,2070,2150,142920,273389,-60,2082,2059,2123,2437
A015860,일진홀딩스,20111222,2100,2105,2050,2085,73223,269939,-12410,2065,2063,2121,2447
A015860,일진홀딩스,20111221,2090,2190,2070,2105,149341,269909,-22400,2071,2073,2118,2457
A015860,일진홀딩스,20111220,1970,2090,1970,2070,143270,270279,-16500,2056,2080,2115,2466
A015860,일진홀딩스,20111219,2065,2105,1805,2000,144220,260949,-27910,2041,2090,2112,2475
A015860,일진홀딩스,20111216,2230,2230,2050,2065,156521,263499,-27010,2042,2104,2115,2485
A015860,일진홀딩스,20111215,2020,2290,1985,2115,605382,261889,-17350,2029,2114,2121,2493
A015860,일진홀딩스,20111214,2025,2030,1980,2030,29587,355959,-20,2002,2125,2126,2502
A015860,일진홀딩스,20111213,2005,2030,1975,1995,35922,361909,-20002,1992,2138,2131,2510
A015860,일진홀딩스,20111212,2000,2045,1980,2005,57911,369149,-19000,1991,2157,2137,2519
A015860,일진홀딩스,20111209,1980,2010,1965,2000,53411,380909,-12150,2004,2175,2144,2527
A015860,일진홀딩스,20111208,1985,2005,1975,1980,80229,391829,-13530,2003,2192,2149,2536
A015860,일진홀딩스,20111207,2020,2040,1950,1980,121701,405939,-14420,2011,2208,2154,2545
A015860,일진홀딩스,20111206,2050,2050,1960,1990,100908,428839,-50,2029,2229,2161,2554
A015860,일진홀딩스,20111205,2005,2095,1995,2070,25720,449739,0,2081,2244,2170,2562
A015860,일진홀딩스,20111202,2025,2065,1950,1995,162647,456279,-41,2107,2258,2178,2569
A015860,일진홀딩스,20111201,2175,2175,2010,2020,180136,482179,0,2156,2266,2188,2578
A015860,일진홀딩스,20111130,2250,2280,2065,2070,206102,511009,-8,2207,2270,2197,2586
A015860,일진홀딩스,20111129,2200,2255,2160,2250,84375,659434,0,2243,2271,2206,2594
A015860,일진홀딩스,20111128,2240,2240,2125,2200,90026,672844,0,2245,2265,2212,2602
A015860,일진홀딩스,20111125,2290,2290,2165,2240,17020,732274,0,2261,2262,2219,2609
A015860,일진홀딩스,20111124,2260,2280,2120,2275,14620,736894,0,2269,2258,2225,2617
A015860,일진홀딩스,20111123,2260,2260,2105,2250,29920,741054,0,2280,2252,2231,2626
A015860,일진홀딩스,20111122,2330,2330,2210,2260,16031,741954,0,2287,2246,2237,2634
A015860,일진홀딩스,20111121,2305,2305,2230,2280,5110,747974,-10,2311,2239,2242,2643
A015860,일진홀딩스,20111118,2370,2370,2250,2280,16921,750364,0,2328,2234,2247,2652
A015860,일진홀딩스,20111117,2290,2350,2250,2330,17904,754244,0,2342,2228,2253,2660
A015860,일진홀딩스,20111116,2395,2395,2255,2285,15370,757204,0,2336,2216,2258,2667
A015860,일진홀딩스,20111115,2430,2430,2330,2380,45300,761114,-30,2356,2207,2264,2675
A015860,일진홀딩스,20111114,2380,2460,2320,2365,44964,768704,-10,2338,2198,2271,2683
A015860,일진홀딩스,20111111,2300,2390,2260,2350,112030,774204,-10,2334,2192,2281,2691
A015860,일진홀딩스,20111110,2260,2340,2205,2300,41300,793504,0,2298,2182,2290,2700
A015860,일진홀딩스,20111109,2280,2385,2210,2385,62517,802264,-20,2258,2178,2298,2710
A015860,일진홀딩스,20111108,2345,2350,2275,2290,45380,813004,-20,2198,2162,2304,2718
A015860,일진홀딩스,20111107,2180,2345,2070,2345,103472,824784,-10,2167,2146,2311,2727
A015860,일진홀딩스,20111104,2140,2180,2130,2170,38116,835810,0,2125,2122,2316,2736
A015860,일진홀딩스,20111103,2105,2150,2065,2100,19905,841780,-5,2124,2104,2326,2746
A015860,일진홀딩스,20111102,2085,2110,2040,2085,9362,845350,-20,2132,2088,2338,2757
A015860,일진홀딩스,20111101,2130,2135,2085,2135,21042,847310,-10,2141,2067,2354,2768
A015860,일진홀딩스,20111031,2180,2180,2110,2135,27360,853030,0,2141,2056,2369,2779
A015860,일진홀딩스,20111028,2190,2205,2140,2165,32245,861320,-10,2150,2049,2388,2791
A015860,일진홀딩스,20111027,2100,2170,2100,2140,61158,867010,0,2147,2042,2407,2803
A015860,일진홀딩스,20111026,2100,2140,2095,2130,16472,875750,0,2136,2031,2424,2814
A015860,일진홀딩스,20111025,2170,2230,2110,2135,62910,880270,-10,2133,2018,2443,2826
A015860,일진홀딩스,20111024,2200,2240,2140,2180,104643,886250,-10,2146,2006,2460,2837
A015860,일진홀딩스,20111021,2130,2155,2085,2150,26120,889770,0,2160,2008,2477,2849
A015860,일진홀딩스,20111020,2130,2200,2050,2085,30521,890550,0,2157,2020,2493,2862
A015860,일진홀딩스,20111019,2250,2250,2100,2115,33773,885480,0,2187,2036,2510,2875
A015860,일진홀딩스,20111018,2175,2280,2160,2200,18814,884370,0,2176,2050,2526,2888
A015860,일진홀딩스,20111017,2170,2260,2160,2250,82814,888760,-10,2129,2057,2540,2901
A015860,일진홀딩스,20111014,2235,2300,2085,2135,82443,889290,-10,2051,2065,2554,2914
A015860,일진홀딩스,20111013,2090,2290,2030,2235,164621,888550,0,1989,2073,2569,2928
A015860,일진홀딩스,20111012,2020,2075,1955,2060,72190,897530,0,1896,2076,2582,2942
A015860,일진홀딩스,20111011,1920,1995,1900,1965,47105,900450,0,1819,2092,2598,2957
A015860,일진홀딩스,20111010,1825,1875,1810,1860,96307,899310,0,1807,2120,2616,2973
A015860,일진홀딩스,20111007,1795,1890,1785,1825,50584,909404,0,1835,2156,2635,2989
A015860,일진홀딩스,20111006,1700,1850,1700,1770,74616,906914,0,1877,2193,2655,3005
A015860,일진홀딩스,20111005,1905,1970,1630,1675,216589,895834,-7,1905,2233,2676,3022
A015860,일진홀딩스,20111004,1900,1990,1840,1905,16940,886234,0,1945,2279,2702,3040
A015860,일진홀딩스,20110930,2035,2085,2000,2000,15954,885924,-1070,1944,2316,2726,3056
A015860,일진홀딩스,20110929,1890,2050,1865,2035,65857,886474,-603,1987,2347,2750,3073
A015860,일진홀딩스,20110928,1850,1950,1850,1910,176638,886884,-40,2057,2375,2772,3089
A015860,일진홀딩스,20110927,1900,2000,1875,1875,336249,881684,-50,2157,2410,2795,3104
A015860,일진홀딩스,20110926,2215,2215,1885,1900,127481,879764,0,2258,2446,2818,3119
A015860,일진홀딩스,20110923,2290,2315,2215,2215,23730,878664,0,2348,2480,2838,3135
A015860,일진홀딩스,20110922,2330,2385,2330,2385,3020,878194,0,2387,2499,2854,3147
A015860,일진홀딩스,20110921,2380,2435,2380,2410,10439,877644,0,2370,2511,2866,3158
A015860,일진홀딩스,20110920,2385,2385,2330,2380,23552,877314,0,2346,2522,2877,3168
A015860,일진홀딩스,20110919,2435,2435,2350,2350,21610,874964,-20,2346,2534,2888,3179
A015860,일진홀딩스,20110916,2300,2420,2300,2410,15939,873314,-50,2380,2558,2901,3191
A015860,일진홀딩스,20110915,2300,2360,2280,2300,34152,869944,0,2414,2586,2911,3201
A015860,일진홀딩스,20110914,2340,2360,2285,2290,64386,867954,0,2467,2616,2923,3213
A015860,일진홀딩스,20110909,2530,2530,2325,2380,105402,869865,-20,2525,2640,2936,3226
A015860,일진홀딩스,20110908,2605,2630,2360,2520,114520,871355,-10,2567,2657,2946,3236
A015860,일진홀딩스,20110907,2530,2605,2530,2580,20301,864545,0,2591,2666,2954,3244
A015860,일진홀딩스,20110906,2495,2565,2470,2565,49570,862685,0,2599,2672,2961,3251
A015860,일진홀딩스,20110905,2565,2580,2505,2580,25924,871765,0,2606,2681,2967,3259
A015860,일진홀딩스,20110902,2665,2665,2590,2590,12308,872565,-9,2612,2694,2974,3266
A015860,일진홀딩스,20110901,2630,2670,2620,2640,23562,873275,1660,2613,2715,2983,3274
A015860,일진홀딩스,20110831,2605,2630,2575,2620,32857,872575,-10,2603,2736,2991,3283
A015860,일진홀딩스,20110830,2640,2660,2580,2600,79770,871895,-20,2596,2768,2999,3294
A015860,일진홀딩스,20110829,2595,2665,2595,2610,51060,871375,-20,2602,2802,3009,3305
A015860,일진홀딩스,20110826,2600,2630,2580,2595,16000,866625,-90,2606,2832,3020,3315
A015860,일진홀딩스,20110825,2585,2630,2585,2590,46504,869525,3,2610,2864,3032,3326
A015860,일진홀딩스,20110824,2685,2685,2580,2585,29650,870308,0,2659,2894,3045,3337
A015860,일진홀딩스,20110823,2630,2685,2580,2630,41764,870528,0,2735,2924,3056,3348
A015860,일진홀딩스,20110822,2640,2670,2600,2630,40804,870058,-10,2789,2948,3066,3358
A015860,일진홀딩스,20110819,2750,2755,2615,2615,69004,870068,20,2816,2970,3076,3367
A015860,일진홀딩스,20110818,2990,2990,2755,2835,211100,880518,-10,2839,2994,3087,3377
A015860,일진홀딩스,20110817,2905,2970,2835,2965,29260,872248,-10,2812,3005,3095,3385
A015860,일진홀딩스,20110816,2850,2900,2800,2900,72660,879118,-20,2756,3010,3102,3392
A015860,일진홀딩스,20110812,2765,2890,2750,2765,46107,876748,0,2727,3018,3111,3400
A015860,일진홀딩스,20110811,2430,2895,2430,2730,41436,873448,0,2743,3031,3121,3410
A015860,일진홀딩스,20110810,2700,2850,2700,2700,90880,876138,0,2799,3046,3132,3418
A015860,일진홀딩스,20110809,2460,3050,2410,2685,274000,869758,0,2870,3060,3144,3427
A015860,일진홀딩스,20110808,2760,2950,2610,2755,92280,871488,60,2985,3078,3155,3437
A015860,일진홀딩스,20110805,2950,2950,2780,2845,76317,883408,0,3091,3092,3166,3446
A015860,일진홀딩스,20110804,3090,3150,3010,3010,34362,887728,-10,3162,3101,3175,3455
A015860,일진홀딩스,20110803,3175,3200,3050,3055,70666,887828,-10,3208,3112,3182,3462
A015860,일진홀딩스,20110802,3290,3290,3205,3260,33804,888378,20,3237,3128,3189,3470
A015860,일진홀딩스,20110801,3240,3295,3180,3285,51703,892428,-39,3220,3135,3195,3476
A015860,일진홀딩스,20110729,3235,3285,3200,3200,22029,889518,20,3185,3138,3199,3483
A015860,일진홀딩스,20110728,3150,3245,3150,3240,54242,886568,-7,3160,3143,3204,3490
A015860,일진홀딩스,20110727,3125,3250,3125,3200,50420,886298,-1,3132,3145,3208,3496
A015860,일진홀딩스,20110726,3120,3175,3100,3175,86753,883378,0,3102,3140,3214,3504
A015860,일진홀딩스,20110725,3080,3160,3070,3110,52396,884508,-20,3078,3138,3222,3513
A015860,일진홀딩스,20110722,3105,3115,3060,3075,33572,884138,-11,3068,3138,3230,3523
A015860,일진홀딩스,20110721,3065,3120,3050,3100,51480,881838,-85,3058,3140,3241,3533
A015860,일진홀딩스,20110720,3055,3075,3040,3050,35740,879248,-18,3043,3137,3250,3544
A015860,일진홀딩스,20110719,3035,3065,3010,3055,25825,876598,0,3033,3138,3262,3554
A015860,일진홀딩스,20110718,3015,3075,3015,3060,60160,878008,0,3030,3136,3275,3564
A015860,일진홀딩스,20110715,3030,3045,3000,3025,12790,872258,0,3025,3136,3287,3572
A015860,일진홀딩스,20110714,3045,3045,2980,3025,50806,870038,6240,3024,3137,3301,3582
A015860,일진홀딩스,20110713,3040,3055,2990,3000,35318,869148,-48,3066,3136,3316,3593
A015860,일진홀딩스,20110712,3005,3045,2955,3040,45709,871608,0,3138,3136,3330,3604
A015860,일진홀딩스,20110711,3050,3090,3020,3035,66702,875548,-20,3212,3132,3343,3612
A015860,일진홀딩스,20110708,3235,3240,2750,3020,893017,880658,-422100,3275,3129,3355,3621
A015860,일진홀딩스,20110707,3380,3380,3200,3235,59711,879408,-20,3331,3128,3368,3629
A015860,일진홀딩스,20110706,3360,3405,3340,3360,10000,875258,-10,3338,3122,3378,3636
A015860,일진홀딩스,20110705,3305,3410,3165,3410,309850,875478,-171240,3288,3109,3386,3642
A015860,일진홀딩스,20110704,3245,3350,3245,3350,135224,877398,-42300,3234,3093,3396,3648
A015860,일진홀딩스,20110701,3270,3315,3185,3300,72841,880378,-2900,3186,3086,3407,3656
A015860,일진홀딩스,20110630,3110,3290,3080,3270,137410,882058,-44800,3146,3086,3414,3664
A015860,일진홀딩스,20110629,3140,3300,3040,3110,381274,885468,-65020,3100,3088,3421,3671
A015860,일진홀딩스,20110628,3090,3170,3080,3140,17890,881798,-1810,3094,3100,3431,3680
A015860,일진홀딩스,20110627,3065,3110,3040,3110,36300,877098,-3310,3068,3106,3440,3688
A015860,일진홀딩스,20110624,3060,3100,3025,3100,48352,878058,-7380,3056,3112,3449,3696
A015860,일진홀딩스,20110623,3075,3090,3035,3040,27090,871338,-3680,3046,3119,3459,3704
A015860,일진홀딩스,20110622,2995,3080,2995,3080,59399,870718,-23718,3038,3129,3470,3711
A015860,일진홀딩스,20110621,3070,3070,2980,3010,10490,869828,-500,3022,3142,3480,3719
A015860,일진홀딩스,20110620,3065,3080,3015,3050,5471,869788,-570,3014,3160,3492,3726
A015860,일진홀딩스,20110617,2975,3090,2975,3050,80121,870038,-17810,2998,3178,3503,3734
A015860,일진홀딩스,20110616,2880,3050,2880,3000,53386,870458,-15790,2988,3196,3516,3742
A015860,일진홀딩스,20110615,3010,3045,2805,3000,37820,871138,-6510,3011,3216,3525,3750
A015860,일진홀딩스,20110614,2910,3030,2910,2970,45275,870808,-4140,3031,3236,3534,3759
A015860,일진홀딩스,20110613,3030,3035,2970,2970,35194,870138,0,3057,3256,3541,3769
A015860,일진홀딩스,20110610,3115,3150,3000,3000,43700,869938,-16330,3106,3276,3550,3778
A015860,일진홀딩스,20110609,3095,3140,3065,3115,26899,869448,-1980,3164,3296,3558,3787
A015860,일진홀딩스,20110608,3070,3180,2995,3100,125892,870048,-45170,3203,3312,3565,3795
A015860,일진홀딩스,20110607,3105,3210,3080,3100,58093,868748,-18480,3251,3330,3576,3802
A015860,일진홀딩스,20110603,3235,3265,3150,3215,22650,861528,-122,3285,3356,3589,3810
A015860,일진홀딩스,20110602,3310,3310,3160,3290,81155,862988,-12,3289,3372,3601,3816
A015860,일진홀딩스,20110601,3335,3335,3200,3310,119393,870388,-1300,3277,3383,3610,3822
A015860,일진홀딩스,20110531,3220,3350,3200,3340,91684,870668,-1970,3264,3392,3620,3827
A015860,일진홀딩스,20110530,3235,3300,3200,3270,10891,859018,-2300,3263,3401,3629,3832
A015860,일진홀딩스,20110527,3205,3270,3205,3235,31550,857898,-1550,3283,3420,3640,3838
A015860,일진홀딩스,20110526,3240,3300,3155,3230,39620,855028,-4660,3321,3441,3649,3844
A015860,일진홀딩스,20110525,3330,3335,3240,3245,31103,850118,0,3354,3464,3658,3850
A015860,일진홀딩스,20110524,3390,3390,3330,3335,22022,850988,-1750,3385,3485,3667,3855
A015860,일진홀딩스,20110523,3355,3425,3320,3370,27079,854818,-10,3398,3508,3674,3860
A015860,일진홀딩스,20110520,3390,3440,3100,3425,55060,854448,39120,3399,3528,3682,3865
A015860,일진홀딩스,20110519,3425,3430,3355,3395,30541,859578,-3,3390,3547,3690,3870
A015860,일진홀딩스,20110518,3425,3425,3355,3400,17121,862258,-1630,3391,3572,3698,3877
A015860,일진홀딩스,20110517,3350,3400,3350,3400,29800,858948,-460,3395,3596,3704,3883
A015860,일진홀딩스,20110516,3355,3425,3355,3375,8815,858518,-10,3406,3620,3710,3890
A015860,일진홀딩스,20110513,3400,3450,3350,3380,83112,857998,-1100,3456,3641,3718,3896
A015860,일진홀딩스,20110512,3450,3450,3370,3400,48320,854538,-8010,3488,3661,3726,3902
A015860,일진홀딩스,20110511,3450,3540,3420,3420,46472,853468,-6730,3509,3679,3734,3908
A015860,일진홀딩스,20110509,3625,3625,3450,3455,68007,858778,-5140,3526,3700,3742,3913
A015860,일진홀딩스,20110506,3535,3625,3505,3625,45113,863298,0,3538,3720,3752,3918
A015860,일진홀딩스,20110504,3540,3540,3475,3540,16645,865588,0,3544,3739,3758,3924
A015860,일진홀딩스,20110503,3470,3540,3465,3505,30955,864238,0,3564,3762,3768,3931
A015860,일진홀딩스,20110502,3515,3580,3500,3505,23261,861768,-10,3602,3772,3776,3937
A015860,일진홀딩스,20110429,3620,3685,3500,3515,82870,860468,-10,3634,3782,3784,3943
A015860,일진홀딩스,20110428,3660,3730,3625,3655,35322,862948,0,3688,3792,3794,3950
A015860,일진홀딩스,20110427,3840,3840,3630,3640,54152,860698,-20,3714,3792,3804,3954
A015860,일진홀딩스,20110426,3675,3720,3630,3695,105436,859608,-10,3746,3794,3816,3958
A015860,일진홀딩스,20110425,3785,3845,3660,3665,304362,861818,-17,3785,3794,3825,3961
A015860,일진홀딩스,20110422,3790,3840,3750,3785,45891,855618,-17,3831,3796,3837,3965
A015860,일진홀딩스,20110421,3850,3890,3785,3785,85572,851948,0,3846,3792,3846,3968
A015860,일진홀딩스,20110420,3940,3940,3800,3800,53048,845708,-10,3850,3789,3853,3971
A015860,일진홀딩스,20110419,3895,3960,3825,3890,49922,842248,-40,3846,3785,3858,3973
A015860,일진홀딩스,20110418,3880,4100,3780,3895,283780,842793,0,3820,3780,3863,3975
A015860,일진홀딩스,20110415,3820,3860,3785,3860,49305,843403,0,3807,3764,3869,3976
A015860,일진홀딩스,20110414,3785,3875,3770,3805,49360,839633,-30,3810,3746,3877,3977
A015860,일진홀딩스,20110413,3790,3845,3730,3780,44030,838893,-10,3847,3726,3881,3979
A015860,일진홀딩스,20110412,3850,3880,3750,3760,44008,832563,-20,3891,3713,3886,3982
A015860,일진홀딩스,20110411,3950,3950,3830,3830,53607,831033,-33,3880,3698,3891,3985
A015860,일진홀딩스,20110408,3950,3960,3875,3875,58514,832253,-17,3854,3685,3895,3987
A015860,일진홀딩스,20110407,3950,4000,3920,3990,61650,822743,-40,3822,3678,3898,3989
A015860,일진홀딩스,20110406,3740,4065,3705,4000,327492,822753,-5610,3759,3672,3901,3990
A015860,일진홀딩스,20110405,3760,3765,3705,3705,26294,820503,-170,3695,3668,3905,3990
A015860,일진홀딩스,20110404,3760,3770,3700,3700,33829,822473,-30,3692,3676,3915,3993
A015860,일진홀딩스,20110401,3685,3750,3655,3715,103131,819643,43920,3692,3687,3922,3996
A015860,일진홀딩스,20110331,3725,3725,3650,3675,48122,815833,-6005,3691,3695,3929,3999
A015860,일진홀딩스,20110330,3690,3760,3610,3680,111698,807633,-29020,3700,3706,3936,4002
A015860,일진홀딩스,20110329,3720,3720,3640,3690,41640,804273,-10360,3707,3712,3942,4007
A015860,일진홀딩스,20110328,3720,3790,3680,3700,29634,802573,-10,3728,3717,3948,4011
A015860,일진홀딩스,20110325,3740,3740,3640,3710,20714,803323,-10,3703,3721,3952,4015
A015860,일진홀딩스,20110324,3680,3735,3655,3720,20303,803103,0,3663,3723,3957,4019
A015860,일진홀딩스,20110323,3795,3795,3700,3715,32228,802063,0,3600,3730,3960,4024
A015860,일진홀딩스,20110322,3595,3845,3555,3795,149401,804193,-13640,3559,3738,3965,4030
A015860,일진홀딩스,20110321,3570,3600,3500,3575,35942,799813,-11012,3492,3743,3969,4034
A015860,일진홀딩스,20110318,3410,3510,3410,3510,48790,803683,-10000,3490,3752,3975,4040
A015860,일진홀딩스,20110317,3400,3510,3375,3405,75459,798403,-9049,3538,3763,3985,4047
A015860,일진홀딩스,20110316,3500,3620,3480,3510,33699,794753,0,3631,3788,3996,4055
A015860,일진홀딩스,20110315,3610,3670,3400,3460,52805,791993,-13,3713,3803,4006,4063
A015860,일진홀딩스,20110314,3750,3750,3560,3565,55751,788883,-10,3791,3826,4016,4070
A015860,일진홀딩스,20110311,3850,3850,3750,3750,43655,788703,0,3862,3843,4024,4074
A015860,일진홀딩스,20110310,3940,3940,3830,3870,32585,787063,-30,3888,3856,4029,4078
A015860,일진홀딩스,20110309,3825,3960,3755,3920,121135,785993,60020,3892,3863,4031,4080
A015860,일진홀딩스,20110308,3910,3910,3850,3850,42795,781333,0,3867,3872,4032,4082
A015860,일진홀딩스,20110307,3880,3920,3855,3920,45243,782773,-3,3857,3882,4033,4084
A015860,일진홀딩스,20110304,3890,3920,3830,3880,47481,784913,-150,3829,3884,4033,4085
A015860,일진홀딩스,20110303,3830,3890,3790,3890,63138,780123,-200,3804,3894,4034,4087
A015860,일진홀딩스,20110302,3700,3835,3695,3795,44131,783683,-10,3798,3912,4036,4089
A015860,일진홀딩스,20110228,3750,3800,3650,3800,43130,788123,-30,3811,3942,4039,4092
A015860,일진홀딩스,20110225,3755,3790,3745,3780,38293,777763,0,3833,3965,4041,4094
A015860,일진홀딩스,20110224,3800,3840,3720,3755,56253,780833,-10,3825,3993,4042,4097
A015860,일진홀딩스,20110223,3860,3860,3755,3860,34780,789693,0,3821,4021,4045,4100
A015860,일진홀딩스,20110222,3910,3910,3760,3860,44762,793623,-20,3829,4040,4048,4103
A015860,일진홀딩스,20110221,3770,3945,3745,3910,103321,795603,-270,3822,4052,4051,4105
A015860,일진홀딩스,20110218,3720,3775,3635,3740,72202,798263,0,3825,4066,4056,4107
A015860,일진홀딩스,20110217,3905,3910,3650,3735,120182,793163,-10,3857,4093,4063,4111
A015860,일진홀딩스,20110216,3800,3990,3790,3900,133790,799163,3900,3912,4121,4070,4111
A015860,일진홀딩스,20110215,3875,3905,3710,3825,234280,789943,7990,3932,4128,4075,4111
A015860,일진홀딩스,20110214,3840,3965,3840,3925,88700,803113,-20,3990,4141,4079,4111
A015860,일진홀딩스,20110211,3985,4040,3825,3900,71300,806823,-10,4011,4148,4081,4110
A015860,일진홀딩스,20110210,3975,4070,3975,4010,47632,814103,0,4025,4157,4084,4110
A015860,일진홀딩스,20110209,4130,4130,3975,4000,105810,814813,-10,4039,4160,4085,4108
A015860,일진홀딩스,20110208,4035,4115,4030,4115,114150,825063,0,4091,4166,4090,4105
A015860,일진홀딩스,20110207,3975,4050,3975,4030,105218,817403,-10,4146,4174,4095,4100
A015860,일진홀딩스,20110201,4130,4130,3970,3970,173137,804403,0,4190,4187,4098,4094
A015860,일진홀딩스,20110131,4210,4255,4070,4080,280909,809983,-100,4266,4195,4103,4090
A015860,일진홀딩스,20110128,4450,4490,4260,4260,281200,803313,-25080,4313,4198,4106,4086
A015860,일진홀딩스,20110127,4250,4390,4215,4390,168477,818993,0,4306,4191,4105,4081
A015860,일진홀딩스,20110126,4350,4420,4235,4250,238905,814073,-1545,4248,4173,4099,4074
A015860,일진홀딩스,20110125,4350,4445,4260,4350,475506,806414,-42180,4238,4162,4097,4068
A015860,일진홀딩스,20110124,4225,4350,4215,4315,140210,803744,-3,4223,4142,4094,4063
A015860,일진홀딩스,20110121,4185,4365,4145,4225,273161,804444,-20,4220,4126,4091,4058
A015860,일진홀딩스,20110120,4180,4245,4100,4100,47223,797124,-20,4185,4112,4088,4053
A015860,일진홀딩스,20110119,4225,4285,4200,4200,66266,792364,-77,4179,4106,4088,4049
A015860,일진홀딩스,20110118,4235,4450,4200,4275,313810,787034,0,4155,4098,4086,4045
A015860,일진홀딩스,20110117,4050,4390,4030,4300,552620,785864,-10080,4114,4082,4082,4042
A015860,일진홀딩스,20110114,4050,4185,4005,4050,182503,784864,91991,4066,4071,4077,4039
A015860,일진홀딩스,20110113,4120,4120,4035,4070,97574,787184,5302,4084,4073,4077,4037
A015860,일진홀딩스,20110112,4035,4160,4035,4080,124199,788594,-1808,4124,4075,4077,4036
A015860,일진홀딩스,20110111,4030,4125,4030,4070,73985,798574,-25,4166,4073,4078,4035
A015860,일진홀딩스,20110110,4140,4175,4060,4060,86486,783284,-40,4177,4072,4080,4034
A015860,일진홀딩스,20110107,4210,4255,4135,4140,140819,779114,-19,4193,4070,4081,4033
A015860,일진홀딩스,20110106,4295,4320,4210,4270,210649,764814,-31,4189,4063,4080,4032
A015860,일진홀딩스,20110105,4160,4295,4070,4290,657182,769654,-20,4141,4049,4076,4030
A015860,일진홀딩스,20110104,4180,4180,4100,4125,78406,765474,-20,4090,4031,4070,4028
A015860,일진홀딩스,20110103,4170,4170,4095,4140,75664,757144,0,4052,4020,4069,4025
A015860,일진홀딩스,20101230,3990,4135,3990,4120,160721,747954,-10,4023,4010,4069,4023
A015860,일진홀딩스,20101229,3995,4040,3955,4030,32871,737054,-10,3988,4004,4068,4020
A015860,일진홀딩스,20101228,3900,4055,3900,4035,155131,735804,-30,3981,4002,4072,4017
A015860,일진홀딩스,20101227,3970,3990,3905,3935,68351,739584,-34,3982,3996,4074,4016
A015860,일진홀딩스,20101224,3905,4000,3905,3995,82043,739064,-20,3985,3993,4078,4014
A015860,일진홀딩스,20101223,3995,4030,3945,3945,103123,740664,-10,4001,3990,4082,4010
A015860,일진홀딩스,20101222,4045,4090,3975,3995,76850,742114,-20,4032,3994,4088,4005
A015860,일진홀딩스,20101221,3975,4080,3975,4040,112303,732962,-160,4055,3996,4094,4000
A015860,일진홀딩스,20101220,3955,4040,3900,3950,130698,722882,-60,4055,4003,4098,3994
A015860,일진홀딩스,20101217,4090,4140,4030,4075,78389,720672,-10,4075,4014,4104,3988
A015860,일진홀딩스,20101216,4115,4160,4080,4100,123982,720922,-40,4064,4020,4109,3981
A015860,일진홀딩스,20101215,4040,4115,4020,4110,138149,718732,0,4043,4022,4114,3975
A015860,일진홀딩스,20101214,4090,4125,4040,4040,73969,702722,-40,4019,4020,4119,3968
A015860,일진홀딩스,20101213,4035,4115,4015,4050,78615,690982,0,3997,4020,4123,3963
A015860,일진홀딩스,20101210,3970,4040,3930,4020,214442,676662,84000,3967,4023,4125,3957
A015860,일진홀딩스,20101209,4050,4060,3960,3995,71372,671982,0,3951,4026,4128,3952
A015860,일진홀딩스,20101208,3900,4100,3900,3990,103457,668822,49960,3952,4041,4129,3946
A015860,일진홀딩스,20101207,3890,3960,3875,3930,104339,674314,21310,3953,4061,4132,3941
A015860,일진홀딩스,20101206,3940,3950,3855,3900,79560,679174,-290,3949,4075,4134,3935
A015860,일진홀딩스,20101203,4045,4045,3935,3940,83276,679604,0,3944,4094,4137,3929
A015860,일진홀딩스,20101202,4040,4070,3990,4000,83786,687714,0,3942,4111,4141,3924
A015860,일진홀딩스,20101201,3880,4000,3875,3995,80242,689464,-30,3947,4119,4143,3918
A015860,일진홀딩스,20101130,3875,3955,3875,3910,99792,692004,0,3957,4123,4144,3912
A015860,일진홀딩스,20101129,3900,3985,3870,3875,126736,698954,-13,4011,4134,4147,3905
A015860,일진홀딩스,20101126,4015,4080,3905,3930,309902,703694,79960,4069,4148,4151,3899
A015860,일진홀딩스,20101125,4100,4100,4010,4025,144105,709294,-204,4121,4158,4154,3892
A015860,일진홀딩스,20101124,3870,4080,3870,4045,261433,706824,0,4147,4160,4158,3885
A015860,일진홀딩스,20101123,4170,4330,4135,4180,185069,724814,-30,4152,4162,4159,3877
A015860,일진홀딩스,20101122,4230,4270,4140,4165,116355,721844,-11,4124,4157,4158,3870
A015860,일진홀딩스,20101119,4280,4330,4180,4190,402317,719274,-19,4111,4150,4158,3862
A015860,일진홀딩스,20101118,4070,4170,4070,4155,98075,722484,-10,4088,4142,4152,3854
A015860,일진홀딩스,20101117,3950,4090,3910,4070,98740,714494,0,4117,4137,4147,3845
A015860,일진홀딩스,20101116,4110,4145,4040,4040,115153,709194,0,4183,4136,4144,3838
A015860,일진홀딩스,20101115,4035,4200,4035,4100,200509,716704,-60,4217,4141,4140,3829
A015860,일진홀딩스,20101112,4320,4375,4005,4075,334068,708384,200,4251,4144,4135,3819
A015860,일진홀딩스,20101111,4400,4400,4300,4300,233991,729114,-20,4294,4146,4132,3811
A015860,일진홀딩스,20101110,4230,4430,4175,4400,521287,727214,-51,4265,4136,4120,3802
A015860,일진홀딩스,20101109,4300,4310,4200,4210,208364,718394,-30,4201,4117,4105,3791
A015860,일진홀딩스,20101108,4325,4325,4200,4270,326189,721474,-30,4185,4105,4091,3782
A015860,일진홀딩스,20101105,4175,4295,4105,4290,599914,736104,-40,4162,4094,4077,3774
A015860,일진홀딩스,20101104,4090,4175,4080,4155,222621,745204,-10,4130,4085,4066,3768
A015860,일진홀딩스,20101103,4130,4130,4070,4080,150476,740184,-20,4110,4082,4057,3761
A015860,일진홀딩스,20101102,4180,4180,4045,4130,247543,744044,27000,4114,4091,4049,3753
A015860,일진홀딩스,20101101,4200,4200,4095,4155,192389,756184,-30,4103,4093,4039,3746
A015860,일진홀딩스,20101029,4055,4225,4040,4130,339894,758434,-20,4078,4093,4031,3738
A015860,일진홀딩스,20101028,4140,4140,4050,4055,139343,754604,-24,4056,4099,4024,3730
A015860,일진홀딩스,20101027,4100,4150,4090,4100,208633,767564,-13620,4055,4112,4018,3724
A015860,일진홀딩스,20101026,4070,4105,4035,4075,166125,771844,-370,4048,4124,4010,3716
A015860,일진홀딩스,20101025,4035,4075,4000,4030,147320,749774,-17860,4059,4134,4005,3708
A015860,일진홀딩스,20101022,4065,4115,4015,4020,190650,723354,-18460,4083,4147,4003,3701
A015860,일진홀딩스,20101021,4070,4140,4020,4050,275983,719064,20,4105,4164,4000,3694
A015860,일진홀딩스,20101020,4100,4130,4030,4065,251314,716004,-592,4115,4182,3997,3686
A015860,일진홀딩스,20101019,4155,4200,4115,4130,170363,728084,-28000,4104,4199,3995,3679
A015860,일진홀딩스,20101018,4140,4235,4095,4150,336366,729174,101320,4074,4208,3992,3670
A015860,일진홀딩스,20101015,4150,4150,4060,4130,220174,725764,17753,4052,4208,3989,3663
A015860,일진홀딩스,20101014,3980,4185,3980,4100,268696,721374,15000,4050,4212,3986,3655
A015860,일진홀딩스,20101013,4025,4040,3955,4010,212720,716334,19200,4050,4211,3985,3648
A015860,일진홀딩스,20101012,4025,4070,3895,3980,311655,726494,-36270,4098,4217,3985,3642
A015860,일진홀딩스,20101011,4140,4140,4005,4040,234092,727564,-28273,4135,4223,3985,3633
A015860,일진홀딩스,20101008,4110,4160,4045,4120,229970,738714,-30328,4160,4224,3981,3623
A015860,일진홀딩스,20101007,4255,4290,4085,4100,310655,737544,-24560,4185,4226,3977,3612
A015860,일진홀딩스,20101006,4200,4370,4200,4250,276191,732874,87980,4229,4228,3971,3602
A015860,일진홀딩스,20101005,4170,4220,4135,4165,179750,740824,-1610,4246,4218,3963,3591
A015860,일진홀딩스,20101004,4225,4255,4145,4165,394840,741174,5600,4269,4214,3957,3580
A015860,일진홀딩스,20101001,4350,4380,4235,4245,304145,715114,-36893,4293,4212,3949,3570
A015860,일진홀딩스,20100930,4335,4415,4285,4320,317678,717724,41,4317,4204,3938,3559
A015860,일진홀딩스,20100929,4315,4405,4220,4335,546137,738604,0,4332,4202,3922,3547
A015860,일진홀딩스,20100928,4285,4320,4230,4280,264496,730834,10,4349,4191,3905,3535
A015860,일진홀딩스,20100927,4390,4450,4250,4285,293450,715954,-20,4356,4182,3889,3523
A015860,일진홀딩스,20100924,4405,4405,4260,4365,191850,716854,-2100,4325,4177,3872,3511
A015860,일진홀딩스,20100920,4470,4490,4335,4395,274701,713174,-3810,4298,4149,3853,3499
A015860,일진홀딩스,20100917,4360,4455,4340,4420,557809,713184,78439,4234,4122,3836,3487
A015860,일진홀딩스,20100916,4130,4320,4100,4315,722867,735054,190024,4175,4096,3818,3475
A015860,일진홀딩스,20100915,4300,4560,4120,4130,2292432,679844,-30,4131,4071,3803,3463
A015860,일진홀딩스,20100914,4140,4250,4030,4230,738461,680864,223339,4118,4055,3790,3454
A015860,일진홀딩스,20100913,4140,4245,4065,4075,365369,660904,-3700,4103,4036,3775,3444
A015860,일진홀딩스,20100910,4095,4165,4025,4125,307416,667794,-10,4117,4012,3763,3434
A015860,일진홀딩스,20100909,4090,4110,3965,4095,318529,679154,30,4103,3980,3750,3424
A015860,일진홀딩스,20100908,4115,4185,4015,4065,288599,669019,1980,4100,3944,3735,3414
A015860,일진홀딩스,20100907,4200,4250,4050,4155,348266,683459,-2160,4113,3914,3721,3404
A015860,일진홀딩스,20100906,4095,4340,4000,4145,1192311,691069,1680,4098,3886,3707,3393
A015860,일진홀딩스,20100903,4075,4140,4030,4055,276144,656269,-3980,4127,3860,3693,3382
A015860,일진홀딩스,20100902,4165,4180,4050,4080,263928,623059,2960,4137,3838,3679,3372
A015860,일진홀딩스,20100901,4100,4180,4030,4130,451825,602749,-1510,4140,3811,3663,3362
A015860,일진홀딩스,20100831,4315,4345,4070,4080,610691,580049,-4874,4153,3788,3646,3352
A015860,일진홀딩스,20100830,4185,4340,4160,4290,905325,603499,-24036,4096,3769,3631,3342
A015860,일진홀딩스,20100827,4045,4195,4025,4105,486512,611119,2839,4008,3739,3612,3330
A015860,일진홀딩스,20100826,4255,4285,4055,4095,630520,609709,24580,3971,3714,3596,3320
A015860,일진홀딩스,20100825,3795,4350,3790,4195,2002450,639369,-2373,3912,3698,3581,3310
A015860,일진홀딩스,20100824,3900,3930,3765,3795,250740,627579,0,3837,3684,3565,3297
A015860,일진홀딩스,20100823,3950,3990,3825,3850,298811,630449,2044,3848,3688,3556,3288
A015860,일진홀딩스,20100820,3820,3940,3780,3920,398663,650139,17400,3798,3689,3544,3279
A015860,일진홀딩스,20100819,3850,3930,3780,3800,270456,643279,106,3709,3689,3531,3269
A015860,일진홀딩스,20100818,3930,4140,3815,3820,809664,633639,-10,3625,3696,3518,3260
A015860,일진홀딩스,20100817,3570,3920,3570,3850,517427,659219,-4465,3555,3704,3503,3251
A015860,일진홀딩스,20100816,3510,3650,3475,3600,180465,679469,-30,3501,3709,3491,3242
A015860,일진홀딩스,20100813,3400,3485,3400,3475,96271,686119,414,3505,3731,3483,3235
A015860,일진홀딩스,20100812,3390,3460,3380,3380,156835,683199,-9060,3535,3759,3478,3229
A015860,일진홀딩스,20100811,3590,3590,3470,3470,130782,672329,-2550,3567,3787,3474,3223
A015860,일진홀딩스,20100810,3630,3630,3540,3580,99881,666439,-430,3607,3804,3471,3217
A015860,일진홀딩스,20100809,3580,3650,3570,3620,104699,657399,-10,3632,3818,3469,3211
A015860,일진홀딩스,20100806,3560,3635,3480,3625,120917,665049,-41,3645,3826,3465,3203
A015860,일진홀딩스,20100805,3700,3700,3525,3540,183342,650929,20,3640,3832,3458,3196
A015860,일진홀딩스,20100804,3720,3750,3620,3670,108403,633229,30,3687,3847,3452,3189
A015860,일진홀딩스,20100803,3700,3785,3700,3705,181169,630679,-2989,3736,3846,3445,3181
A015860,일진홀딩스,20100802,3625,3735,3600,3685,154727,616059,97,3769,3841,3436,3172
A015860,일진홀딩스,20100730,3780,3780,3575,3600,399121,601139,32652,3807,3825,3429,3164
A015860,일진홀딩스,20100729,3915,3940,3755,3775,211587,590979,-670,3873,3810,3422,3157
A015860,일진홀딩스,20100728,3845,3980,3845,3915,184462,597869,-10,3903,3788,3412,3149
A015860,일진홀딩스,20100727,3875,3960,3840,3870,173944,596539,-1554,3916,3755,3400,3140
A015860,일진홀딩스,20100726,3960,3970,3860,3875,211651,589949,-80,3933,3723,3388,3132
A015860,일진홀딩스,20100723,3955,3995,3900,3930,233400,568759,54620,3968,3698,3376,3123
A015860,일진홀딩스,20100722,3920,4060,3800,3925,391967,573179,15983,3988,3668,3363,3113
A015860,일진홀딩스,20100721,3985,4040,3940,3980,326124,569009,70762,3990,3642,3349,3104
A015860,일진홀딩스,20100720,4080,4150,3910,3955,403590,559109,58380,3956,3610,3337,3095
A015860,일진홀딩스,20100719,4030,4120,3970,4050,400565,566229,62708,3939,3581,3325,3086
A015860,일진홀딩스,20100716,3970,4090,3955,4030,737739,602819,65260,3883,3546,3312,3077
A015860,일진홀딩스,20100715,3835,3975,3735,3935,544381,630639,60910,3828,3511,3299,3068
A015860,일진홀딩스,20100714,3870,4030,3810,3810,880962,601829,-60,3807,3474,3281,3061
A015860,일진홀딩스,20100713,3800,4110,3790,3870,1963386,576899,-50030,3778,3446,3265,3055
A015860,일진홀딩스,20100712,3710,3790,3690,3770,454053,593689,-10,3724,3416,3248,3049
A015860,일진홀딩스,20100709,3830,3845,3675,3755,845865,572509,-20,3642,3393,3233,3044
A015860,일진홀딩스,20100708,3730,3890,3685,3830,1494075,585719,-23,3553,3367,3219,3038
A015860,일진홀딩스,20100707,3735,3895,3660,3665,1650075,573409,2760,3451,3332,3203,3031
A015860,일진홀딩스,20100706,3360,3850,3330,3600,2024592,576309,2760,3370,3305,3191,3025
A015860,일진홀딩스,20100705,3310,3375,3270,3360,152223,582489,2710,3295,3283,3180,3020
A015860,일진홀딩스,20100702,3300,3360,3290,3310,107291,586569,370,3297,3271,3172,3017
A015860,일진홀딩스,20100701,3260,3350,3170,3320,186588,588909,27463,3303,3263,3164,3015
A015860,일진홀딩스,20100630,3185,3275,3130,3260,117390,594629,-1,3319,3258,3156,3012
A015860,일진홀딩스,20100629,3360,3390,3225,3225,270405,583929,-28,3335,3257,3150,3010
A015860,일진홀딩스,20100628,3340,3410,3340,3370,193527,591999,-20,3367,3258,3145,3008
A015860,일진홀딩스,20100625,3385,3430,3340,3340,229274,587019,-10,3363,3246,3138,3005
A015860,일진홀딩스,20100624,3390,3455,3370,3400,406167,586519,-10,3359,3236,3131,3002
A015860,일진홀딩스,20100623,3375,3430,3320,3340,230438,584799,0,3319,3218,3124,2999
A015860,일진홀딩스,20100622,3350,3410,3300,3385,331188,581239,-40,3301,3196,3118,2996
A015860,일진홀딩스,20100621,3335,3390,3300,3350,272875,585709,-50,3277,3183,3112,2993
A015860,일진홀딩스,20100618,3220,3340,3210,3320,318087,585969,-25,3269,3172,3105,2990
A015860,일진홀딩스,20100617,3265,3315,3190,3200,155783,575029,-20,3252,3163,3098,2988
A015860,일진홀딩스,20100616,3290,3345,3235,3250,368742,568919,-20,3240,3160,3092,2987
A015860,일진홀딩스,20100615,3325,3345,3255,3265,127459,564499,-50,3214,3163,3086,2985
A015860,일진홀딩스,20100614,3265,3345,3255,3310,253484,563359,-1595,3194,3174,3080,2983
A015860,일진홀딩스,20100611,3165,3250,3140,3235,163961,564749,-1560,3156,3178,3072,2980
A015860,일진홀딩스,20100610,3170,3170,3100,3140,68453,558189,810,3137,3174,3066,2978
A015860,일진홀딩스,20100609,3195,3200,3110,3120,92407,550319,439,3156,3178,3061,2977
A015860,일진홀딩스,20100608,3135,3190,3130,3165,192821,564479,-10,3178,3184,3057,2976
A015860,일진홀딩스,20100607,3050,3140,3020,3120,107670,570409,0,3193,3183,3052,2974
A015860,일진홀딩스,20100604,3250,3270,3130,3140,102840,572409,0,3197,3192,3049,2972
A015860,일진홀딩스,20100603,3250,3320,3205,3235,121325,575589,-10,3197,3194,3045,2970
A015860,일진홀딩스,20100601,3270,3270,3190,3230,81302,572839,790,3155,3190,3038,2966
A015860,일진홀딩스,20100531,3130,3285,3100,3240,212459,574009,-2283,3089,3187,3029,2963
A015860,일진홀딩스,20100528,3160,3175,3100,3140,141439,569249,0,3067,3185,3020,2959
A015860,일진홀딩스,20100527,3025,3150,3000,3140,198954,576129,-17,3066,3183,3014,2956
A015860,일진홀딩스,20100526,3030,3040,2930,3025,241048,585279,400,3066,3184,3007,2953
A015860,일진홀딩스,20100525,3130,3130,2805,2900,322854,574929,480,3090,3189,3003,2951
A015860,일진홀딩스,20100524,3100,3170,3050,3130,118767,583219,0,3171,3206,3000,2949
A015860,일진홀딩스,20100520,3070,3450,3050,3135,597919,583149,-10,3243,3210,2994,2947
A015860,일진홀딩스,20100519,3075,3190,3000,3140,267551,584769,0,3292,3217,2987,2945
A015860,일진홀딩스,20100518,3325,3330,3060,3145,479818,573989,-10,3298,3223,2980,2943
A015860,일진홀딩스,20100517,3450,3485,3250,3305,509324,611719,-20,3309,3208,2973,2942
A015860,일진홀딩스,20100514,3350,3490,3300,3490,570250,642119,92,3296,3186,2964,2940
A015860,일진홀딩스,20100513,3195,3395,3190,3380,629659,665139,-3540,3230,3155,2952,2936
A015860,일진홀딩스,20100512,3260,3290,3165,3170,279508,624599,140,3213,3130,2941,2932
A015860,일진홀딩스,20100511,3305,3320,3185,3200,401803,630159,110,3215,3114,2934,2931
A015860,일진홀딩스,20100510,3175,3250,3160,3240,357044,641819,-10,3205,3099,2926,2929
A015860,일진홀딩스,20100507,3190,3250,3155,3160,397160,651599,0,3193,3083,2916,2927
A015860,일진홀딩스,20100506,3135,3360,3100,3295,798993,666799,171,3199,3072,2909,2926
A015860,일진홀딩스,20100504,3190,3220,3150,3180,199591,681289,1520,3162,3052,2898,2925
A015860,일진홀딩스,20100503,3190,3200,3110,3150,116965,676599,-35,3156,3036,2891,2924
A015860,일진홀딩스,20100430,3190,3235,3160,3180,120935,679499,-10,3151,3021,2886,2924
A015860,일진홀딩스,20100429,3100,3230,3075,3190,185140,681189,-150,3163,3006,2881,2924
A015860,일진홀딩스,20100428,3040,3150,3015,3110,203186,681159,-39,3167,2992,2875,2922
A015860,일진홀딩스,20100427,3110,3200,3085,3150,200050,680199,-10,3201,2983,2870,2922
A015860,일진홀딩스,20100426,3290,3500,3105,3125,569971,665459,-10,3223,2974,2864,2920
A015860,일진홀딩스,20100423,3200,3270,3170,3240,301560,662559,-10,3166,2964,2860,2919
A015860,일진홀딩스,20100422,3320,3330,3190,3210,478985,667049,1260,3091,2954,2853,2918
A015860,일진홀딩스,20100421,3240,3310,3100,3280,971590,674299,482,3023,2943,2847,2918
A015860,일진홀딩스,20100420,3000,3260,3000,3260,1767734,686269,-134700,2942,2927,2842,2917
A015860,일진홀딩스,20100419,2865,2870,2820,2840,88490,682659,-10,2864,2907,2838,2917
A015860,일진홀딩스,20100416,2875,2900,2840,2865,92600,685759,-20,2874,2909,2841,2922
A015860,일진홀딩스,20100415,2880,2900,2850,2870,132557,684419,-20,2886,2910,2845,2926
A015860,일진홀딩스,20100414,2895,2910,2865,2875,65522,690259,-3734,2900,2910,2850,2931
A015860,일진홀딩스,20100413,2920,2920,2855,2870,86433,689739,290,2901,2910,2855,2935
A015860,일진홀딩스,20100412,2905,2930,2875,2890,133054,695429,-20,2899,2908,2858,2940
A015860,일진홀딩스,20100409,2940,2975,2900,2925,75857,710069,0,2892,2908,2859,2945
A015860,일진홀딩스,20100408,2880,2965,2870,2940,90060,713149,-30,2883,2904,2859,2949
A015860,일진홀딩스,20100407,2860,2925,2860,2880,73660,708739,-10,2880,2902,2861,2954
A015860,일진홀딩스,20100406,2855,2880,2830,2860,44069,700549,190,2889,2903,2863,2960
A015860,일진홀딩스,20100405,2880,2890,2800,2855,126140,699209,-60,2908,2904,2866,2966
A015860,일진홀딩스,20100402,2925,2950,2880,2880,103424,699289,-139,2925,2903,2868,2972
A015860,일진홀딩스,20100401,2910,2945,2865,2925,122556,697509,0,2954,2895,2870,2977
A015860,일진홀딩스,20100331,2960,2985,2900,2925,98964,699339,-38,2968,2884,2872,2983
A015860,일진홀딩스,20100330,2950,3000,2910,2955,92580,696879,-20,2976,2874,2873,2987
A015860,일진홀딩스,20100329,2995,3040,2940,2940,124041,694659,-30,2958,2864,2873,2991
A015860,일진홀딩스,20100326,2970,3030,2965,3025,164901,697359,-40,2946,2855,2874,2995
A015860,일진홀딩스,20100325,2970,3005,2935,2995,210169,696129,-230,2917,2840,2874,2998
A015860,일진홀딩스,20100324,2875,2965,2845,2965,343276,695559,-30,2893,2830,2874,3002
A015860,일진홀딩스,20100323,2885,2900,2855,2865,82597,690689,277,2872,2818,2874,3007
A015860,일진홀딩스,20100322,2900,2910,2855,2880,97140,691629,-140,2869,2810,2877,3013
A015860,일진홀딩스,20100319,2895,2895,2850,2880,100820,692599,14990,2867,2802,2881,3019
A015860,일진홀딩스,20100318,2835,2915,2835,2875,111151,692599,-1090,2864,2796,2883,3024
A015860,일진홀딩스,20100317,2835,2865,2820,2860,68860,691359,-1037,2867,2790,2886,3030
A015860,일진홀딩스,20100316,2855,2885,2840,2850,81077,688999,-880,2874,2784,2888,3035
A015860,일진홀딩스,20100315,2900,2940,2845,2870,202505,689709,-440,2883,2778,2890,3040
A015860,일진홀딩스,20100312,2870,2895,2810,2865,85813,691409,-20,2875,2770,2892,3045
A015860,일진홀딩스,20100311,2935,2940,2860,2890,140368,684499,-10,2846,2762,2894,3050
A015860,일진홀딩스,20100310,2905,2950,2860,2895,127640,686999,-48,2809,2752,2895,3055
A015860,일진홀딩스,20100309,2850,2915,2790,2895,299431,687699,-164,2775,2740,2895,3060
A015860,일진홀딩스,20100308,2735,2850,2730,2830,329744,683669,-1,2745,2733,2894,3065
A015860,일진홀딩스,20100305,2710,2740,2710,2720,62131,668849,-10,2731,2734,2895,3069
A015860,일진홀딩스,20100304,2720,2730,2705,2705,49126,667899,20,2735,2742,2896,3074
A015860,일진홀딩스,20100303,2715,2745,2715,2725,91020,670301,0,2749,2749,2898,3078
A015860,일진홀딩스,20100302,2760,2795,2740,2745,66486,668521,2446,2750,2753,2899,3083
A015860,일진홀딩스,20100226,2730,2775,2730,2760,32844,667921,0,2745,2755,2899,3087
A015860,일진홀딩스,20100225,2815,2815,2740,2740,92402,667561,-20,2735,2760,2899,3091
A015860,일진홀딩스,20100224,2735,2795,2735,2775,113264,670581,-20,2739,2764,2898,3096
A015860,일진홀딩스,20100223,2710,2795,2710,2730,118496,662881,-10,2737,2770,2900,3100
A015860,일진홀딩스,20100222,2750,2775,2720,2720,90951,656831,-12040,2739,2782,2903,3106
A015860,일진홀딩스,20100219,2800,2820,2700,2710,111132,655141,-20,2739,2795,2907,3111
A015860,일진홀딩스,20100218,2765,2795,2750,2760,74127,659711,0,2741,2812,2911,3117
A015860,일진홀딩스,20100217,2755,2800,2755,2765,68084,658551,-2,2727,2830,2915,3123
A015860,일진홀딩스,20100216,2720,2775,2720,2740,93732,658701,9410,2712,2850,2919,3128
A015860,일진홀딩스,20100212,2725,2755,2700,2720,90794,655451,0,2698,2871,2924,3134
A015860,일진홀딩스,20100211,2665,2770,2665,2720,87260,667181,-6003,2703,2886,2928,3139
A015860,일진홀딩스,20100210,2735,2770,2690,2690,32462,668781,-10,2729,2898,2933,3144
A015860,일진홀딩스,20100209,2605,2690,2605,2690,69495,661721,-980,2768,2912,2938,3151
A015860,일진홀딩스,20100208,2750,2750,2670,2670,116520,660161,-40,2798,2929,2944,3158
A015860,일진홀딩스,20100205,2755,2790,2730,2745,104843,668311,0,2826,2946,2951,3166
A015860,일진홀딩스,20100204,2865,2880,2840,2850,59707,680521,-27,2834,2959,2958,3173
A015860,일진홀딩스,20100203,2890,2890,2840,2885,89690,683101,0,2835,2966,2963,3180
A015860,일진홀딩스,20100202,2830,2920,2815,2840,144006,683251,-10,2824,2972,2966,3186
A015860,일진홀딩스,20100201,2770,2850,2770,2810,49410,673971,-320,2831,2982,2969,3193
A015860,일진홀딩스,20100129,2805,2840,2730,2785,170810,670611,0,2865,2990,2973,3200
A015860,일진홀딩스,20100128,2840,2890,2825,2855,92858,677681,7700,2905,3000,2977,3209
A015860,일진홀딩스,20100127,2900,2925,2830,2830,111966,671101,0,2945,3007,2979,3214
A015860,일진홀딩스,20100126,2995,3040,2855,2875,189499,674091,2517,2999,3016,2984,3220
A015860,일진홀딩스,20100125,2980,3065,2960,2980,271512,686011,1000,3060,3022,2988,3226
A015860,일진홀딩스,20100122,3035,3035,2935,2985,319610,691241,-4,3096,3022,2992,3231
A015860,일진홀딩스,20100121,3055,3100,3040,3055,137521,701761,-50,3102,3026,2997,3236
A015860,일진홀딩스,20100120,3230,3230,3100,3100,248001,701071,1150,3084,3028,3002,3244
A015860,일진홀딩스,20100119,3200,3200,3115,3180,281246,717181,422,3056,3024,3008,3252
A015860,일진홀딩스,20100118,3030,3185,3015,3160,565351,720021,-9364,3027,3016,3012,3255
A015860,일진홀딩스,20100115,2985,3015,2945,3015,173812,702601,-12,2999,3008,3016,3257
A015860,일진홀딩스,20100114,2985,2995,2935,2965,141188,698991,-6350,2995,3008,3022,3258
A015860,일진홀딩스,20100113,3010,3030,2960,2960,165988,702235,-16,2998,3008,3030,3260
A015860,일진홀딩스,20100112,3060,3075,3015,3035,140347,717225,-10,3011,3009,3038,3261
A015860,일진홀딩스,20100111,3030,3075,3000,3020,233724,718405,-2569,3008,3004,3047,3262
A015860,일진홀딩스,20100108,3015,3015,2965,2995,108746,711125,34120,3002,2999,3056,3263
A015860,일진홀딩스,20100107,3050,3050,2980,2980,207143,708415,-20,3000,2991,3066,3264
A015860,일진홀딩스,20100106,3060,3065,3015,3025,104201,709785,-20,3001,2985,3076,3265
A015860,일진홀딩스,20100105,2980,3035,2980,3020,134193,710993,-15,2998,2975,3085,3265
A015860,일진홀딩스,20100104,2985,3030,2985,2990,124156,703043,-5355,2995,2965,3094,3265
A015860,일진홀딩스,20091230,2985,3015,2925,2985,94817,697163,-3,2989,2954,3101,3265
A015860,일진홀딩스,20091229,3035,3035,2970,2985,70845,690883,0,3009,2941,3108,3266
A015860,일진홀딩스,20091228,3000,3090,2980,3010,196699,696433,10000,3029,2929,3115,3269
A015860,일진홀딩스,20091224,3005,3020,2940,3005,73200,697503,-68,3031,2913,3121,3270
A015860,일진홀딩스,20091223,3135,3135,2960,2960,87076,695733,-30,3034,2907,3130,3270
A015860,일진홀딩스,20091222,3085,3160,3085,3085,229873,694623,-39,3042,2905,3140,3272
A015860,일진홀딩스,20091221,3040,3085,3025,3085,135250,693583,26980,3026,2898,3149,3272
A015860,일진홀딩스,20091218,3030,3030,2990,3020,79573,701113,-10520,3005,2893,3158,3273
A015860,일진홀딩스,20091217,3030,3075,3010,3020,159837,690953,-10,2997,2892,3165,3274
A015860,일진홀딩스,20091216,2990,3030,2990,3000,104350,681123,-36,2980,2892,3175,3273
A015860,일진홀딩스,20091215,2965,3040,2955,3005,148405,676023,41258,2964,2892,3183,3273
A015860,일진홀딩스,20091214,3020,3020,2970,2980,405674,669183,1269,2929,2891,3190,3272
A015860,일진홀딩스,20091211,2900,3000,2900,2980,101592,664293,-14,2904,2891,3198,3273
A015860,일진홀딩스,20091210,2940,2945,2870,2935,88744,662163,-20,2873,2894,3205,3274
A015860,일진홀딩스,20091209,2820,2930,2770,2920,217570,665513,0,2850,2899,3215,3274
A015860,일진홀딩스,20091208,2855,2865,2825,2830,77910,666273,0,2820,2908,3225,3276
A015860,일진홀딩스,20091207,2850,2885,2845,2855,109457,667623,190,2800,2922,3236,3280
A015860,일진홀딩스,20091204,2800,2840,2795,2825,79906,667243,-10,2779,2938,3243,3284
A015860,일진홀딩스,20091203,2770,2825,2770,2820,58199,663143,-40,2750,2952,3251,3288
A015860,일진홀딩스,20091202,2740,2810,2740,2770,102727,661883,-10,2765,2961,3258,3292
A015860,일진홀딩스,20091201,2710,2775,2710,2730,163334,650833,-5165,2793,2976,3267,3297
A015860,일진홀딩스,20091130,2695,2790,2695,2750,154411,645193,-10,2837,2988,3275,3303
A015860,일진홀딩스,20091127,2860,2890,2650,2680,168448,632583,0,2885,3001,3283,3308
A015860,일진홀딩스,20091126,2915,2940,2870,2895,90891,631923,-30,2947,3024,3294,3315
A015860,일진홀딩스,20091125,2940,2955,2905,2910,103981,627423,-51,2972,3034,3301,3318
A015860,일진홀딩스,20091124,3005,3005,2950,2950,89816,627803,0,2989,3050,3308,3322
A015860,일진홀딩스,20091123,3020,3025,2980,2990,89847,632763,-105,2997,3066,3316,3326
A015860,일진홀딩스,20091120,2980,3030,2965,2990,84877,631623,-40,2997,3084,3323,3330
A015860,일진홀딩스,20091119,3025,3040,2980,3020,98560,625193,0,3006,3108,3331,3334
A015860,일진홀딩스,20091118,2955,3030,2955,2995,107961,623183,-43,3009,3127,3337,3338
A015860,일진홀딩스,20091117,3010,3020,2955,2990,87081,622243,-10,3032,3148,3344,3342
A015860,일진홀딩스,20091116,3040,3040,2980,2990,112899,620073,-148,3056,3169,3349,3347
A015860,일진홀딩스,20091113,3035,3055,2995,3035,95925,632723,-10,3089,3192,3356,3351
A015860,일진홀딩스,20091112,3115,3120,3025,3035,120458,629353,-3200,3106,3211,3364,3355
A015860,일진홀딩스,20091111,3115,3145,3080,3110,81122,632023,0,3099,3239,3372,3359
A015860,일진홀딩스,20091110,3150,3190,3060,3110,112338,641493,0,3090,3262,3380,3364
A015860,일진홀딩스,20091109,3120,3165,3095,3155,101046,645183,12480,3063,3283,3388,3372
A015860,일진홀딩스,20091106,3070,3125,3020,3120,180598,648963,49990,3034,3306,3398,3378
A015860,일진홀딩스,20091105,3045,3065,2995,3000,84075,652643,0,3036,3328,3406,3386
A015860,일진홀딩스,20091104,2970,3070,2970,3065,143131,658203,-10,3054,3357,3417,3394
A015860,일진홀딩스,20091103,3000,3075,2975,2975,208295,658963,-10,3091,3374,3427,3402
A015860,일진홀딩스,20091102,3085,3110,2960,3010,163962,645423,-132,3147,3396,3441,3408
A015860,일진홀딩스,20091030,3190,3190,3130,3130,139302,635653,20,3217,3415,3450,3416
A015860,일진홀딩스,20091029,3155,3195,3060,3090,209816,626083,7990,3283,3428,3456,3422
A015860,일진홀딩스,20091028,3255,3375,3245,3250,277764,626393,0,3346,3448,3464,3428
A015860,일진홀딩스,20091027,3325,3350,3230,3255,223985,636703,19998,3377,3466,3470,3433
A015860,일진홀딩스,20091026,3420,3460,3330,3360,242074,648693,14,3411,3483,3476,3438
A015860,일진홀딩스,20091023,3450,3480,3400,3460,182510,670213,-40,3426,3495,3486,3443
A015860,일진홀딩스,20091022,3395,3460,3360,3405,150156,676403,-20,3420,3496,3495,3448
A015860,일진홀딩스,20091021,3410,3450,3390,3405,175030,675223,49990,3456,3506,3498,3452
A015860,일진홀딩스,20091020,3455,3475,3420,3425,137674,678083,-30,3489,3509,3497,3456
A015860,일진홀딩스,20091019,3405,3470,3400,3435,127008,678273,22150,3512,3510,3494,3460
A015860,일진홀딩스,20091016,3600,3600,3400,3430,222759,670543,-119,3545,3510,3490,3463
A015860,일진홀딩스,20091015,3600,3660,3585,3585,274605,677733,-10,3571,3510,3484,3465
A015860,일진홀딩스,20091014,3565,3600,3540,3570,241462,672443,42517,3571,3506,3477,3469
A015860,일진홀딩스,20091013,3630,3635,3540,3540,195977,676523,-110,3539,3504,3469,3474
A015860,일진홀딩스,20091012,3590,3665,3570,3600,398895,677343,-170,3515,3502,3463,3479
A015860,일진홀딩스,20091009,3590,3600,3530,3560,226610,673113,-20,3473,3486,3453,3487
A015860,일진홀딩스,20091008,3420,3600,3410,3585,311924,677093,0,3437,3473,3444,3491
A015860,일진홀딩스,20091007,3500,3500,3405,3410,213781,665523,50000,3418,3457,3436,3493
A015860,일진홀딩스,20091006,3420,3475,3390,3420,160150,670073,4550,3460,3450,3428,3497
A015860,일진홀딩스,20091005,3345,3460,3300,3390,222833,672553,21030,3494,3440,3423,3502
A015860,일진홀딩스,20091001,3520,3530,3350,3380,426813,652743,69940,3536,3433,3422,3509
A015860,일진홀딩스,20090930,3650,3710,3460,3490,445653,657143,14996,3556,3429,3418,3517
A015860,일진홀딩스,20090929,3700,3725,3600,3620,376429,659823,14950,3580,3421,3411,3524
A015860,일진홀딩스,20090928,3640,3715,3535,3590,836024,663733,-10,3547,3409,3403,3528
A015860,일진홀딩스,20090925,3490,3600,3440,3600,389500,683283,21409,3520,3400,3396,3531
A015860,일진홀딩스,20090924,3580,3580,3420,3480,416532,686603,29920,3486,3391,3388,3534
A015860,일진홀딩스,20090923,3505,3740,3505,3610,892428,687683,-2378,3476,3389,3382,3538
A015860,일진홀딩스,20090922,3455,3490,3445,3455,259082,688493,103015,3456,3379,3372,3539
A015860,일진홀딩스,20090921,3435,3455,3385,3455,270378,688763,-64,3469,3375,3363,3541
A015860,일진홀딩스,20090918,3430,3470,3400,3430,235973,699973,-45120,3478,3369,3354,3543
A015860,일진홀딩스,20090917,3550,3580,3420,3430,283179,685233,-355,3450,3367,3348,3543
A015860,일진홀딩스,20090916,3560,3670,3480,3510,461932,707243,14750,3424,3371,3343,3543
A015860,일진홀딩스,20090915,3560,3605,3460,3520,616043,714253,-27,3374,3372,3334,3540
A015860,일진홀딩스,20090914,3325,3500,3300,3500,473321,729913,29949,3324,3376,3328,3539
A015860,일진홀딩스,20090911,3305,3345,3270,3290,196886,734833,-40,3270,3380,3325,3540
A015860,일진홀딩스,20090910,3285,3355,3260,3300,213269,752183,-40,3259,3401,3324,3541
A015860,일진홀딩스,20090909,3320,3380,3260,3260,255356,754783,-61,3260,3418,3324,3542
A015860,일진홀딩스,20090908,3230,3310,3225,3270,163899,761243,-74,3273,3438,3326,3544
A015860,일진홀딩스,20090907,3230,3260,3145,3230,200499,757753,-49,3295,3458,3328,3545
A015860,일진홀딩스,20090904,3325,3340,3235,3235,217866,735183,-220,3331,3485,3330,3547
A015860,일진홀딩스,20090903,3305,3360,3295,3305,239907,741263,-18,3368,3502,3334,3550
A015860,일진홀딩스,20090902,3345,3355,3300,3325,178586,730143,-10,3396,3510,3336,3552
A015860,일진홀딩스,20090901,3385,3460,3345,3380,290362,711123,-10,3412,3524,3336,3551
A015860,일진홀딩스,20090831,3440,3520,3410,3410,313084,727913,-20,3411,3534,3335,3550
A015860,일진홀딩스,20090828,3500,3500,3380,3420,232659,738723,-90,3396,3544,3336,3546
A015860,일진홀딩스,20090827,3420,3590,3420,3445,405065,745163,-106,3392,3571,3337,3542
A015860,일진홀딩스,20090826,3415,3480,3390,3405,223828,741733,-41,3403,3601,3336,3537
A015860,일진홀딩스,20090825,3315,3435,3310,3375,313359,744523,-10,3430,3610,3339,3533
A015860,일진홀딩스,20090824,3445,3470,3305,3335,448160,705443,-47370,3473,3609,3341,3530
A015860,일진홀딩스,20090821,3510,3580,3380,3400,332144,722703,-17790,3521,3604,3345,3525
A015860,일진홀딩스,20090820,3610,3610,3455,3500,230229,725393,-10,3585,3591,3347,3520
A015860,일진홀딩스,20090819,3610,3670,3540,3540,233320,725023,-230,3615,3572,3346,3513
A015860,일진홀딩스,20090818,3540,3650,3440,3590,309638,722933,0,3639,3552,3346,3505
A015860,일진홀딩스,20090817,3720,3780,3575,3575,491018,734013,-41,3654,3528,3348,3500
A015860,일진홀딩스,20090814,3700,3785,3670,3720,506022,763093,-9,3693,3507,3355,3496
A015860,일진홀딩스,20090813,3750,3755,3640,3650,246134,769658,-15508,3661,3472,3359,3489
A015860,일진홀딩스,20090812,3665,3680,3600,3660,268311,777868,100,3628,3441,3365,3483
A015860,일진홀딩스,20090811,3730,3830,3650,3665,551126,756078,1392,3613,3411,3371,3478
A015860,일진홀딩스,20090810,3635,3800,3605,3770,889186,813418,79010,3600,3377,3376,3470
A015860,일진홀딩스,20090807,3525,3655,3500,3560,643162,814148,-42,3566,3342,3376,3463
A015860,일진홀딩스,20090806,3530,3585,3460,3485,633623,776868,-45,3646,3333,3382,3457
A015860,일진홀딩스,20090805,3630,3695,3585,3585,623640,768708,-60,3759,3314,3389,3449
A015860,일진홀딩스,20090804,3650,3720,3580,3600,1283887,779138,-290,3759,3289,3393,3441
A015860,일진홀딩스,20090803,3960,3970,3600,3600,2240523,714418,-41677,3708,3266,3397,3433
A015860,일진홀딩스,20090731,4090,4140,3890,3960,2433284,1044828,-77,3638,3243,3401,3424
A015860,일진홀딩스,20090730,3600,4120,3585,4050,5715715,1300248,67523,3473,3202,3401,3411
A015860,일진홀딩스,20090729,3310,3675,3310,3585,1163552,1170068,-54,3285,3156,3400,3398
A015860,일진홀딩스,20090728,3310,3345,3240,3345,393190,858128,-15124,3197,3126,3405,3390
A015860,일진홀딩스,20090727,3175,3305,3145,3250,480001,761698,14909,3152,3105,3414,3383
A015860,일진홀딩스,20090724,3135,3165,3110,3135,140324,748578,-207,3130,3090,3425,3377
A015860,일진홀딩스,20090723,3145,3165,3100,3110,160252,744438,-25,3110,3086,3437,3372
A015860,일진홀딩스,20090722,3145,3180,3115,3145,155830,751558,-470,3092,3086,3446,3367
A015860,일진홀딩스,20090721,3145,3185,3075,3120,196628,743668,860,3076,3079,3460,3361
A015860,일진홀딩스,20090720,3080,3160,3055,3140,198700,744658,-20,3049,3080,3478,3355
A015860,일진홀딩스,20090717,3040,3090,3025,3035,131121,724588,-20,3035,3088,3496,3350
A015860,일진홀딩스,20090716,3090,3130,3020,3020,164520,726008,13,3104,3099,3522,3345
A015860,일진홀딩스,20090715,3000,3145,3000,3065,307274,745418,-10228,3120,3112,3537,3340
A015860,일진홀딩스,20090714,3110,3170,2960,2985,359124,718078,50,3123,3128,3551,3335
A015860,일진홀딩스,20090713,3410,3445,3030,3070,773226,728698,61,3153,3148,3565,3331
A015860,일진홀딩스,20090710,3120,3505,3120,3380,1736417,787878,-26,3169,3164,3581,3327
A015860,일진홀딩스,20090709,3100,3125,3070,3100,162960,803348,320,3119,3167,3595,3321
A015860,일진홀딩스,20090708,3100,3140,3045,3080,141564,791988,-30,3126,3184,3616,3317
A015860,일진홀딩스,20090707,3170,3200,3120,3135,109622,795278,-21,3108,3197,3638,3312
A015860,일진홀딩스,20090706,3120,3200,3100,3150,177375,811548,-23,3066,3205,3652,3309
A015860,일진홀딩스,20090703,3095,3165,3025,3130,120240,833288,0,3026,3220,3667,3305
A015860,일진홀딩스,20090702,3020,3145,3000,3135,153824,834328,10650,3010,3239,3680,3302
A015860,일진홀딩스,20090701,2915,3055,2915,2990,147622,817998,-10,3006,3252,3695,3300
A015860,일진홀딩스,20090630,2930,3020,2905,2925,239856,807428,61,3008,3280,3707,3298
A015860,일진홀딩스,20090629,3050,3085,2905,2950,184062,795030,-530,3051,3310,3720,3296
A015860,일진홀딩스,20090626,3135,3150,3050,3050,173295,797650,-10,3123,3341,3732,3294
A015860,일진홀딩스,20090625,2995,3125,2995,3115,188228,807690,-13,3163,3363,3738,3291
A015860,일진홀딩스,20090624,3150,3160,2895,3000,321095,769110,-29,3198,3379,3743,3287
A015860,일진홀딩스,20090623,3265,3265,3115,3140,182989,733640,0,3271,3406,3747,0
A015860,일진홀딩스,20090622,3220,3335,3220,3310,144237,743800,-14,3320,3436,3751,0
A015860,일진홀딩스,20090619,3335,3355,3205,3250,204050,738070,20,3336,3471,3755,0
A015860,일진홀딩스,20090618,3370,3390,3270,3290,216898,746900,-40,3376,3505,3758,0
A015860,일진홀딩스,20090617,3415,3425,3340,3365,188136,765790,-1068,3405,3542,3760,0
A015860,일진홀딩스,20090616,3400,3550,3385,3385,514468,809230,-4697,3400,3574,3761,0
A015860,일진홀딩스,20090615,3480,3480,3365,3390,194740,779409,-90,3384,3602,3762,0
A015860,일진홀딩스,20090612,3450,3455,3340,3450,293003,792689,-40219,3397,3622,3764,0
A015860,일진홀딩스,20090611,3375,3435,3300,3435,389469,858999,-27320,3407,3645,3767,0
A015860,일진홀딩스,20090610,3330,3370,3310,3340,185985,827865,34803,3399,3669,3767,0
A015860,일진홀딩스,20090609,3465,3495,3305,3305,292755,831825,-9180,3440,3692,3766,0
A015860,일진홀딩스,20090608,3520,3590,3425,3455,170224,863623,-2900,3484,3719,3766,0
A015860,일진홀딩스,20090605,3445,3580,3430,3500,620148,861133,-1160,3507,3740,3756,0
A015860,일진홀딩스,20090604,3585,3585,3385,3395,410743,878633,-1040,3506,3763,3746,0
A015860,일진홀딩스,20090603,3565,3635,3520,3545,279413,939403,-9069,3514,3791,3738,0
A015860,일진홀딩스,20090602,3685,3750,3525,3525,516872,967773,-8257,3513,3810,3728,0
A015860,일진홀딩스,20090601,3470,3735,3450,3570,507947,977373,-61,3554,3828,3718,0
A015860,일진홀딩스,20090529,3525,3525,3395,3495,328054,1044943,-7908,3644,3843,3705,0
A015860,일진홀딩스,20090528,3450,3525,3235,3435,718445,997173,0,3731,3863,3694,0
A015860,일진홀딩스,20090527,3810,3850,3500,3540,674186,963613,-2051,3849,3874,3680,0
A015860,일진홀딩스,20090526,4065,4090,3730,3730,923167,936943,-7155,3942,3896,3665,0
A015860,일진홀딩스,20090525,3960,4145,3350,4020,1504023,1012397,-426,3986,3918,3652,0
A015860,일진홀딩스,20090522,4000,4120,3915,3930,1079435,1028027,-2350,3941,3930,3636,0
A015860,일진홀딩스,20090521,4045,4175,4020,4025,1491626,1053907,-1486,3937,3960,3618,0
A015860,일진홀딩스,20090520,3950,4055,3905,4005,842898,1103717,403,3913,3957,3601,0
A015860,일진홀딩스,20090519,3860,3975,3815,3950,723691,1080447,-2680,3875,3952,3584,0
A015860,일진홀딩스,20090518,3970,3990,3795,3795,703009,1027627,-4697,3852,3946,3564,0
A015860,일진홀딩스,20090515,4050,4140,3910,3910,1169620,1219917,-5757,3869,3958,3550,0
A015860,일진홀딩스,20090514,3780,4205,3770,3905,3092872,1284517,14213,3877,3972,3533,0
A015860,일진홀딩스,20090513,3840,3900,3815,3815,385473,1243787,-270,3888,3995,3509,0
A015860,일진홀딩스,20090512,3870,3910,3835,3835,459882,1242837,1784,3909,4023,3490,0
A015860,일진홀딩스,20090511,3960,3990,3865,3880,562568,1240247,-1910,3922,4032,3469,0
A015860,일진홀딩스,20090508,3950,4015,3900,3950,452340,1327040,339,3918,4040,3446,0
A015860,일진홀딩스,20090507,3985,4035,3920,3960,797113,1326670,-37622,3908,4039,3421,0
A015860,일진홀딩스,20090506,3970,4030,3895,3920,645962,1311670,-1497,3844,4041,3397,0
A015860,일진홀딩스,20090504,3920,3945,3870,3900,549856,1301820,-46878,3860,4032,3374,0
A015860,일진홀딩스,20090430,3925,3940,3820,3860,857300,1304538,-1160,3914,4021,3352,0
A015860,일진홀딩스,20090429,3700,4010,3640,3900,1272854,1351718,-114182,3990,4011,3329,0
A015860,일진홀딩스,20090428,3940,4010,3630,3640,1184412,1300118,-41346,4120,3988,3307,0
A015860,일진홀딩스,20090427,4225,4250,3995,4000,1035850,1300448,-13627,4184,3976,3287,0
A015860,일진홀딩스,20090424,4200,4375,4135,4170,1495859,1297748,-2861,4163,3937,3262,0
A015860,일진홀딩스,20090423,4695,4840,4230,4240,4943074,1293548,-8783,4094,3899,3233,0
A015860,일진홀딩스,20090422,4235,4550,4220,4550,3465836,1368058,6342,4053,3865,3203,0
A015860,일진홀딩스,20090421,3845,3965,3795,3960,837687,1354090,10319,3983,3810,3169,0
A015860,일진홀딩스,20090420,3830,3950,3825,3895,636098,1329810,968,4064,3780,3142,0
A015860,일진홀딩스,20090417,4140,4180,3760,3825,1012743,1302130,-908,4161,3759,3119,0
A015860,일진홀딩스,20090416,4355,4370,4035,4035,790187,1325130,-3989,4198,3739,3097,0
A015860,일진홀딩스,20090415,4310,4430,3915,4200,1139815,1347320,-992,4197,3713,3073,0
A015860,일진홀딩스,20090414,4440,4730,4210,4365,3531749,1335610,-1829,4145,3683,3048,0
A015860,일진홀딩스,20090413,4200,4570,4070,4380,3031071,1418167,78,4072,3637,3018,0
A015860,일진홀딩스,20090410,4110,4125,3945,4010,1161709,1436447,1186,3942,3581,2986,0
A015860,일진홀딩스,20090409,4010,4055,3980,4030,1252063,1451267,-5847,3878,3546,2966,0
A015860,일진홀딩스,20090408,4040,4090,3900,3940,1313308,1464687,-3939,3804,3490,2944,0
A015860,일진홀딩스,20090407,3810,4095,3785,4000,3682469,1501407,16837,3705,3437,2924,0
A015860,일진홀딩스,20090406,3700,3825,3695,3730,1352684,1476957,2035,3583,3381,2905,0
A015860,일진홀딩스,20090403,3810,3860,3680,3690,1986040,1433107,-1725,3483,3342,2888,0
A015860,일진홀딩스,20090402,3530,3710,3530,3660,2032567,1525317,47153,3425,3305,2872,0
A015860,일진홀딩스,20090401,3400,3510,3380,3445,879866,1416457,-601,3406,3262,2856,0
A015860,일진홀딩스,20090331,3300,3450,3300,3390,734566,1314857,643,3407,3230,2843,0
A015860,일진홀딩스,20090330,3450,3535,3200,3230,895695,1283987,220,3399,3192,2832,0
A015860,일진홀딩스,20090327,3620,3685,3400,3400,1451758,1329367,-15370,3449,3161,0,0
A015860,일진홀딩스,20090326,3490,3650,3420,3565,1929375,1350059,568,3456,3139,0,0
A015860,일진홀딩스,20090325,3375,3520,3355,3450,1234944,1285109,115,3446,3112,0,0
A015860,일진홀딩스,20090324,3550,3595,3345,3350,1148170,1215269,-7877,3476,3085,0,0
A015860,일진홀딩스,20090323,3500,3535,3420,3480,1238368,1238149,5673,3494,3068,0,0
A015860,일진홀딩스,20090320,3400,3590,3235,3435,2649231,1241309,-226,3450,3042,0,0
A015860,일진홀딩스,20090319,3720,3780,3495,3515,1709080,1218809,3393,3427,3007,0,0
A015860,일진홀딩스,20090318,3520,3660,3445,3600,2328711,1221958,12860,3302,2980,0,0
A015860,일진홀딩스,20090317,3350,3665,3325,3440,4626806,1106098,3241,3160,2942,0,0
A015860,일진홀딩스,20090316,3400,3440,3230,3260,3067770,1083918,-2175,3049,2895,0,0
A015860,일진홀딩스,20090313,2980,3320,2960,3320,5005244,1231308,8890,2987,2865,0,0
A015860,일진홀딩스,20090312,2890,2980,2875,2890,707353,1125744,6820,2913,2829,0,0
A015860,일진홀딩스,20090311,2950,2960,2890,2890,874876,1077744,1272,2892,2810,0,0
A015860,일진홀딩스,20090310,2955,3045,2840,2885,1512086,1082054,551,2879,2788,0,0
A015860,일진홀딩스,20090309,2940,3060,2930,2950,2061183,1162629,-1485,2827,2770,0,0
A015860,일진홀딩스,20090306,2720,2980,2700,2950,1994003,1200884,23790,2757,2749,0,0
A015860,일진홀딩스,20090305,2905,2945,2710,2785,1742162,1175244,1764,2759,2729,0,0
A015860,일진홀딩스,20090304,2695,2865,2690,2825,1852703,1235444,2751,2810,2715,0,0
A015860,일진홀딩스,20090303,2450,2665,2410,2625,1926266,1119804,749,2825,2702,0,0
A015860,일진홀딩스,20090302,2910,3035,2600,2600,1757585,1093714,-970,2900,2694,0,0
A015860,일진홀딩스,20090227,3055,3120,2960,2960,2221822,1134104,-27323,2975,2687,0,0
A015860,일진홀딩스,20090226,2975,3115,2760,3040,3079133,1113184,110,2928,2662,0,0
A015860,일진홀딩스,20090225,3100,3400,2900,2900,5840331,1159914,1344,2915,2632,0,0
A015860,일진홀딩스,20090224,2825,3020,2805,3000,2931919,1111664,-1519,2906,2611,0,0
A015860,일진홀딩스,20090223,2775,2985,2755,2975,2379773,1135174,-3992,2803,2580,0,0
A015860,일진홀딩스,20090220,2935,3065,2625,2725,2771275,1173054,-27645,2740,2556,0,0
A015860,일진홀딩스,20090219,3080,3220,2860,2975,5417680,1249093,-38630,2715,2544,0,0
A015860,일진홀딩스,20090218,2600,2855,2560,2855,2464426,1258843,-17400,2621,2527,0,0
A015860,일진홀딩스,20090217,2700,2745,2450,2485,1474548,1233793,-4888,2543,2518,0,0
A015860,일진홀딩스,20090216,2635,2720,2590,2660,1195753,1329333,65365,2548,2522,0,0
A015860,일진홀딩스,20090213,2540,2615,2490,2600,775547,1310323,-6094,2524,2511,0,0
A015860,일진홀딩스,20090212,2515,2540,2435,2505,401072,1255703,23280,2513,2522,0,0
A015860,일진홀딩스,20090211,2440,2490,2400,2465,300961,1288383,-15365,2514,2534,0,0
A015860,일진홀딩스,20090210,2550,2585,2500,2510,309945,1275263,3610,2533,2548,0,0
A015860,일진홀딩스,20090209,2620,2620,2530,2540,401396,1306263,-5860,2524,2565,0,0
A015860,일진홀딩스,20090206,2580,2615,2525,2545,609897,1307783,-12101,2509,2573,0,0
A015860,일진홀딩스,20090205,2595,2735,2510,2510,1558085,1344693,-24853,2490,2582,0,0
A015860,일진홀딩스,20090204,2515,2560,2500,2560,583483,1319523,-15075,2480,2592,0,0
A015860,일진홀딩스,20090203,2505,2520,2460,2465,419329,1294283,-54404,2462,2598,0,0
A015860,일진홀딩스,20090202,2450,2535,2425,2465,366307,1285313,-29441,2444,2609,0,0
A015860,일진홀딩스,20090130,2400,2475,2395,2450,307221,1273533,15737,2451,0,0,0
A015860,일진홀딩스,20090129,2550,2550,2450,2460,354954,1242623,1850,2459,0,0,0
A015860,일진홀딩스,20090128,2430,2580,2430,2470,620803,1235393,-23857,2492,0,0,0
A015860,일진홀딩스,20090123,2490,2490,2360,2375,400254,1197653,-20515,2536,0,0,0
A015860,일진홀딩스,20090122,2610,2610,2500,2500,487350,1218843,-5148,2571,0,0,0
A015860,일진홀딩스,20090121,2460,2570,2415,2490,674783,1271703,-7607,2561,0,0,0
A015860,일진홀딩스,20090120,2745,2745,2580,2625,658771,1284633,-14180,2627,0,0,0
A015860,일진홀딩스,20090119,2580,2900,2580,2690,2124401,1338923,-3850,2648,0,0,0
A015860,일진홀딩스,20090116,2580,2595,2500,2550,643011,1256943,-1215,2661,0,0,0
A015860,일진홀딩스,20090115,2710,2750,2450,2450,1266988,1307423,-12500,2721,0,0,0
A015860,일진홀딩스,20090114,2780,2880,2730,2820,1144682,1418633,-3350,2771,0,0,0
A015860,일진홀딩스,20090113,2770,2830,2635,2730,960768,1399233,-1729,2753,0,0,0
A015860,일진홀딩스,20090112,2880,3150,2755,2755,4279690,1422993,-2700,2750,0,0,0
A015860,일진홀딩스,20090109,2760,2890,2720,2850,2088521,1436253,1814,2731,0,0,0
A015860,일진홀딩스,20090108,2680,2880,2620,2700,1669867,1332383,-1042,2701,0,0,0
A015860,일진홀딩스,20090107,2770,2790,2705,2730,1351610,1296143,-6378,0,0,0,0
A015860,일진홀딩스,20090106,2670,2825,2670,2715,1567405,1290153,1362,0,0,0,0
A015860,일진홀딩스,20090105,2740,2760,2655,2660,951520,1219163,-5046,0,0,0,0
A015860,일진홀딩스,20090102,2750,2775,2680,2700,979532,1212173,-1502,0,0,0,0
