stockCode,stackName,date,startPrice,highPrice,lowPrice,finalPrice,amountTrade,amounForeigner,amountAgencyBuy,days5MovAvr,days20MovAvr,days60MovAvr,days120MovAvr
A032500,케이엠더블유,20190129,24300,24400,23500,23650,84539,409867,-14154,24360,24200,22956,24034
A032500,케이엠더블유,20190128,24700,24700,23900,24200,58356,408162,9349,24530,24120,22889,24066
A032500,케이엠더블유,20190125,24700,24900,24400,24700,48953,409465,18128,24760,23970,22824,24095
A032500,케이엠더블유,20190124,24750,24800,23800,24700,88689,408289,-87,24690,23712,22734,24115
A032500,케이엠더블유,20190123,24450,24800,24250,24550,44971,413491,6918,24660,23488,22627,24134
A032500,케이엠더블유,20190122,25400,25400,24100,24500,103403,416213,-4527,24750,23320,22554,24155
A032500,케이엠더블유,20190121,24250,25350,24250,25350,107828,445800,39453,24910,23128,22502,24164
A032500,케이엠더블유,20190118,24650,24850,24000,24350,139219,439630,-40866,24820,22950,22447,24164
A032500,케이엠더블유,20190117,25250,25350,24450,24550,104411,430863,2551,24940,22850,22421,24169
A032500,케이엠더블유,20190116,25550,25550,24650,25000,96385,437688,21079,24740,22762,22409,24182
A032500,케이엠더블유,20190115,25100,25300,24750,25300,98207,457157,15553,24350,22620,22400,24189
A032500,케이엠더블유,20190114,24750,25650,24600,24900,117964,485100,11429,23860,22455,22379,24198
A032500,케이엠더블유,20190111,23900,25450,23600,24950,330029,512535,66442,23650,22290,22374,24212
A032500,케이엠더블유,20190110,23150,23550,22800,23550,73797,515420,8960,23390,22120,22363,24221
A032500,케이엠더블유,20190109,22850,23600,22850,23050,107949,521027,12836,23350,22020,22353,24242
A032500,케이엠더블유,20190108,24100,24100,22450,22850,213640,491439,-52789,23340,21968,22354,24268
A032500,케이엠더블유,20190107,23800,24150,23550,23850,110360,496853,20852,23180,21878,22341,24293
A032500,케이엠더블유,20190104,23000,23850,23000,23650,106956,508800,9442,22650,21745,22349,24310
A032500,케이엠더블유,20190103,23450,23950,22950,23350,208447,503757,75727,21830,21642,22379,24310
A032500,케이엠더블유,20190102,22400,23400,22350,23000,206020,507693,-12429,21200,21608,22413,24312
A032500,케이엠더블유,20181228,21000,22650,20950,22050,315340,492760,-39478,20840,21615,22460,24317
A032500,케이엠더블유,20181227,20100,21350,19800,21200,252134,448403,-45981,20560,21700,22535,24334
A032500,케이엠더블유,20181226,19850,20150,19450,19550,173197,320339,-76269,20680,21838,22633,24352
A032500,케이엠더블유,20181224,20400,20600,19850,20200,309716,321548,-119639,21240,21990,22762,24376
A032500,케이엠더블유,20181221,20650,21700,20300,21200,114386,312023,32894,21760,22105,22879,24406
A032500,케이엠더블유,20181220,21700,21700,20550,20650,108899,300347,-31074,21950,22218,22946,24432
A032500,케이엠더블유,20181219,22100,22350,21100,21800,80530,303966,-4917,22220,22348,23014,24466
A032500,케이엠더블유,20181218,22400,23050,22050,22350,52532,311847,-3062,22180,22442,23071,24493
A032500,케이엠더블유,20181217,21800,23000,21700,22800,58837,326105,16837,22020,22512,23114,24520
A032500,케이엠더블유,20181214,22050,22600,21700,22150,56685,320039,10571,21770,22558,23155,24542
A032500,케이엠더블유,20181213,21650,22400,21650,22000,69212,320439,19468,21740,22642,23222,24568
A032500,케이엠더블유,20181212,21550,22250,20950,21600,78446,327270,-4554,21550,22778,23287,24601
A032500,케이엠더블유,20181211,21500,21750,21050,21550,44680,338848,12598,21470,22932,23372,24633
A032500,케이엠더블유,20181210,21600,22000,21000,21550,65260,350498,7438,21480,23032,23461,24666
A032500,케이엠더블유,20181207,21450,22400,21050,22000,116375,374192,28705,21700,23120,23536,24696
A032500,케이엠더블유,20181206,21800,21800,21050,21050,107258,380149,21781,21930,23182,23610,24729
A032500,케이엠더블유,20181205,20900,22000,20900,21200,120762,381292,32293,22470,23235,23709,24772
A032500,케이엠더블유,20181204,22800,22950,21600,21600,147208,376011,-11725,23020,23205,23805,24819
A032500,케이엠더블유,20181203,23450,23550,22400,22650,119908,380278,-16745,23220,23195,23901,24872
A032500,케이엠더블유,20181130,23650,23950,22950,23150,83700,403927,13034,23190,23130,23980,24918
A032500,케이엠더블유,20181129,24200,24250,23600,23750,67831,435815,16928,23250,23052,24050,24950
A032500,케이엠더블유,20181128,22650,24300,22350,23950,211889,454249,11634,23150,22848,24114,24977
A032500,케이엠더블유,20181127,22550,22650,21650,22600,79782,391456,-6729,23100,22665,24185,25003
A032500,케이엠더블유,20181126,23200,23550,21900,22500,141724,396690,10692,23330,22500,24260,25027
A032500,케이엠더블유,20181123,23500,23700,23400,23450,51637,449021,12956,23570,22288,24342,25049
A032500,케이엠더블유,20181122,23700,24150,22900,23250,91062,426713,13754,23650,22125,24382,25061
A032500,케이엠더블유,20181121,22950,24000,22700,23700,80861,374653,-27347,23940,22032,24422,25080
A032500,케이엠더블유,20181120,23500,24600,23000,23750,64464,352434,16638,24140,21948,24457,25093
A032500,케이엠더블유,20181119,23850,24450,23550,23700,43000,339987,-2603,24100,21900,24490,25110
A032500,케이엠더블유,20181116,24850,24850,23850,23850,47767,329101,-2284,24020,21908,24510,25119
A032500,케이엠더블유,20181115,24800,24800,23750,24700,71463,336372,5692,23900,21937,24529,25120
A032500,케이엠더블유,20181114,23950,24950,23000,24700,118074,364710,34890,23380,21906,24541,25115
A032500,케이엠더블유,20181113,22800,24000,22600,23550,65513,370922,923,22560,21900,24549,25098
A032500,케이엠더블유,20181112,22950,23750,22850,23300,64968,356907,419,22130,21936,24579,25094
A032500,케이엠더블유,20181109,22100,23700,21750,23250,138246,352329,30431,21740,21918,24640,25101
A032500,케이엠더블유,20181108,20850,22450,20700,22100,190080,355537,3190,21410,21910,24702,25107
A032500,케이엠더블유,20181107,21400,22000,20000,20600,165738,333675,-53512,20920,21910,24758,25123
A032500,케이엠더블유,20181106,21400,21850,20900,21400,68461,317151,-11640,20860,22097,24852,25154
A032500,케이엠더블유,20181105,21500,21600,20750,21350,70609,312181,-10305,20440,22298,24934,25179
A032500,케이엠더블유,20181102,19950,21600,19900,21600,117964,311428,29958,19820,22501,25027,25210
A032500,케이엠더블유,20181101,20500,20850,19300,19650,147650,312736,-39448,19540,22711,25112,25245
A032500,케이엠더블유,20181031,19300,20300,18850,20300,112061,325902,1610,19890,23058,25243,25292
A032500,케이엠더블유,20181030,18000,19300,17500,19300,176071,331974,1937,20230,23396,25365,25322
A032500,케이엠더블유,20181029,20000,20700,18250,18250,164008,324349,-35723,20930,23796,25496,25363
A032500,케이엠더블유,20181026,21800,21900,19950,20200,85570,288813,-4071,22050,24246,25642,25403
A032500,케이엠더블유,20181025,20750,21850,20650,21400,79095,286068,-11400,22900,24497,25755,25423
A032500,케이엠더블유,20181024,22850,23400,21000,22000,76500,278814,-175,23432,24662,25826,25432
A032500,케이엠더블유,20181023,23800,23800,22500,22800,54925,275604,-335,23951,24823,25881,25439
A032500,케이엠더블유,20181022,24100,24150,23300,23850,95096,279308,-8403,24242,24929,25918,25442
A032500,케이엠더블유,20181019,23821,24594,23483,24449,65763,293299,-6452,24063,25000,25955,25437
A032500,케이엠더블유,20181018,24401,24739,23483,24063,70117,306463,-1087,23792,25087,25979,25410
A032500,케이엠더블유,20181017,24691,25029,24208,24594,58952,337534,26757,23396,25179,26017,25382
A032500,케이엠더블유,20181016,22903,24643,22903,24256,126886,382529,49224,23348,25283,26049,25349
A032500,케이엠더블유,20181015,23628,23628,22517,22952,54105,410441,2987,23580,25414,26080,25315
A032500,케이엠더블유,20181012,22082,23580,21792,23096,134502,419544,25099,24073,25570,26132,25291
A032500,케이엠더블유,20181011,23241,23870,21888,22082,239902,433288,3736,24614,25737,26183,25268
A032500,케이엠더블유,20181010,25223,25416,23676,24353,136873,462169,-25444,25513,25981,26246,25246
A032500,케이엠더블유,20181008,25126,25802,25078,25416,36479,500549,6142,26054,26114,26271,25193
A032500,케이엠더블유,20181005,25657,25802,24933,25416,66687,508750,-5431,26431,26211,26242,25134
A032500,케이엠더블유,20181004,26865,27155,25174,25802,134090,527323,-42646,26798,26307,26211,25079
A032500,케이엠더블유,20181002,26865,27494,25996,26576,99043,542842,17745,26682,26387,26175,25019
A032500,케이엠더블유,20181001,27300,27542,26817,27059,84087,562849,26223,26305,26438,26133,24955
A032500,케이엠더블유,20180928,27155,27687,26576,27300,225776,557928,27364,25938,26493,26071,24897
A032500,케이엠더블유,20180927,25223,27397,25223,27252,455745,515992,71464,25464,26484,25991,24832
A032500,케이엠더블유,20180921,23193,25802,23096,25223,715574,340759,140078,25068,26493,25933,24773
A032500,케이엠더블유,20180920,25271,25416,23773,24691,364797,252321,-17430,25261,26525,25918,24728
A032500,케이엠더블유,20180919,25126,25996,24933,25223,124080,307392,9125,25503,26571,25918,24689
A032500,케이엠더블유,20180918,25271,25271,24643,24933,226097,289939,-16719,25793,26600,25914,24650
A032500,케이엠더블유,20180917,26479,26479,24981,25271,273466,293263,-35446,26179,26641,25926,24614
A032500,케이엠더블유,20180914,25899,26576,25851,26189,128807,305979,20881,26343,26621,25929,24573
A032500,케이엠더블유,20180913,26962,26962,25802,25899,178923,297880,-16392,26392,26563,25914,24537
A032500,케이엠더블유,20180912,26962,27445,26431,26672,158599,334790,8033,26604,26539,25914,24505
A032500,케이엠더블유,20180911,26092,26865,26044,26865,144823,347833,14014,26672,26464,25895,24464
A032500,케이엠더블유,20180910,26237,26286,25754,26092,158439,344359,20939,26769,26387,25871,24422
A032500,케이엠더블유,20180907,26624,26865,26141,26431,214579,346430,-8348,27020,26430,25856,24389
A032500,케이엠더블유,20180906,27010,27349,26382,26962,140944,353999,-31421,27213,26459,25847,24357
A032500,케이엠더블유,20180905,27349,27639,26576,27010,183202,357834,-9564,27339,26382,25836,24315
A032500,케이엠더블유,20180904,27542,27832,26962,27349,131287,373679,-9795,27571,26346,25832,24271
A032500,케이엠더블유,20180903,27397,27687,26865,27349,105009,373698,2553,27523,26293,25843,24223
A032500,케이엠더블유,20180831,27300,27735,26914,27397,114034,381497,-13889,27542,26271,25856,24158
A032500,케이엠더블유,20180830,28267,28315,27252,27590,217369,370913,-50120,27233,26237,25850,24090
A032500,케이엠더블유,20180829,27397,28170,26914,28170,298877,375013,44608,26836,26232,25840,24025
A032500,케이엠더블유,20180828,27639,27735,26914,27107,183216,331437,5922,26363,26206,25822,23956
A032500,케이엠더블유,20180827,25706,27542,25706,27445,398695,367418,66413,26092,26208,25795,23879
A032500,케이엠더블유,20180824,25802,25947,25271,25851,68783,258537,-6634,25580,26186,25755,23814
A032500,케이엠더블유,20180823,25802,25899,25223,25609,59059,254021,8087,25416,26244,25740,23768
A032500,케이엠더블유,20180822,25851,26044,25416,25802,87422,262903,-3024,25377,26244,25738,23726
A032500,케이엠더블유,20180821,24933,25802,24788,25754,90220,268584,-727,25251,26220,25729,23679
A032500,케이엠더블유,20180820,25223,25223,24353,24884,60949,278917,2713,25164,26184,25730,23636
A032500,케이엠더블유,20180817,25706,25706,25029,25029,84255,281924,-17282,25580,26244,25729,23604
A032500,케이엠더블유,20180816,24401,25416,23918,25416,103021,292183,-6308,25976,26286,25711,23575
A032500,케이엠더블유,20180814,25319,25754,24643,25174,153574,288371,-24695,25976,26334,25688,23543
A032500,케이엠더블유,20180813,26720,26720,24691,25319,251828,287961,-17381,26199,26399,25647,23516
A032500,케이엠더블유,20180810,26914,27204,26527,26962,114263,350394,12311,26392,26440,25610,23482
A032500,케이엠더블유,20180809,25561,27349,25512,27010,425282,375466,-9426,26382,26394,25563,23424
A032500,케이엠더블유,20180808,26334,26334,25271,25416,207617,291715,17123,26324,26351,25511,23367
A032500,케이엠더블유,20180807,26769,26769,25174,26286,166281,294257,-2888,26740,26375,25488,23331
A032500,케이엠더블유,20180806,26914,26962,26286,26286,52365,299346,-1823,27011,26353,25456,23294
A032500,케이엠더블유,20180803,26817,27397,26431,26914,51645,308914,-703,27184,26223,25425,23249
A032500,케이엠더블유,20180802,27445,27542,26286,26720,117968,303939,-6824,27204,26054,25394,23208
A032500,케이엠더블유,20180801,27542,28073,26769,27494,96473,321715,7574,27262,25901,25378,23172
A032500,케이엠더블유,20180731,27349,28412,26914,27639,247836,325688,29445,26885,25730,25341,23131
A032500,케이엠더블유,20180730,27059,27494,26527,27155,97087,300214,15371,26421,25512,25278,23089
A032500,케이엠더블유,20180727,27010,27204,26672,27010,60090,308218,2661,25995,25280,25231,23059
A032500,케이엠더블유,20180726,25657,27155,25464,27010,219109,317117,65641,25812,25119,25164,23036
A032500,케이엠더블유,20180725,25657,25706,24739,25609,63532,259173,6731,25580,24983,25091,23018
A032500,케이엠더블유,20180724,24594,25706,24594,25319,58985,256252,-1687,25735,24940,25039,23013
A032500,케이엠더블유,20180723,26237,26286,24594,25029,71618,239337,5999,25967,24923,24996,23002
A032500,케이엠더블유,20180720,25802,26334,25464,26092,42722,240448,-2448,26189,24954,24966,23003
A032500,케이엠더블유,20180719,26769,26769,25416,25851,122370,238821,-19134,26179,24921,24918,22999
A032500,케이엠더블유,20180718,26576,26962,25996,26382,125211,251418,27292,26237,24894,24842,22995
A032500,케이엠더블유,20180717,26382,26962,26141,26479,154748,246415,15512,26141,24870,24747,22988
A032500,케이엠더블유,20180716,26237,26769,25899,26141,106500,231675,-5966,26015,24821,24649,22982
A032500,케이엠더블유,20180713,26237,26237,25851,26044,95241,235450,-27316,25522,24785,24550,22976
A032500,케이엠더블유,20180712,25899,26382,25416,26141,93120,232831,-3783,25020,24742,24451,22978
A032500,케이엠더블유,20180711,25512,26334,24981,25899,213217,245332,29973,24527,24732,24354,22972
A032500,케이엠더블유,20180710,23676,25851,23676,25851,291536,287518,36966,24159,24751,24246,22974
A032500,케이엠더블유,20180709,23531,23821,23241,23676,49350,235524,2472,23647,24797,24114,22976
A032500,케이엠더블유,20180706,23773,23773,22517,23531,103360,234290,-961,23415,25012,24025,22998
A032500,케이엠더블유,20180705,24208,24256,23193,23676,63488,232589,-5236,23464,25242,23947,23022
A032500,케이엠더블유,20180704,23290,24256,23290,24063,59640,243028,7136,23589,25411,23863,23053
A032500,케이엠더블유,20180703,23193,23628,22323,23290,96066,237147,19988,23725,25558,23776,23075
A032500,케이엠더블유,20180702,23483,23628,22372,22517,141424,242494,4956,24063,25747,23723,23097
A032500,케이엠더블유,20180629,24304,24353,23000,23773,139754,233003,-7804,24691,25897,23673,23130
A032500,케이엠더블유,20180628,24401,24691,23290,24304,226338,245222,838,25019,25959,23613,23145
A032500,케이엠더블유,20180627,25029,25223,24546,24739,73680,261495,315,25222,25991,23539,23154
A032500,케이엠더블유,20180626,25126,25464,24594,24981,97835,265091,21562,25454,26029,23460,23158
A032500,케이엠더블유,20180625,25416,25657,24788,25657,60685,273074,11602,25561,26044,23385,23141
A032500,케이엠더블유,20180622,25368,25996,24836,25416,71823,271658,-8729,25512,26051,23302,23122
A032500,케이엠더블유,20180621,25947,26962,25319,25319,156473,277764,10029,25464,26022,23217,23092
A032500,케이엠더블유,20180620,25512,26141,24788,25899,122959,283368,7194,25590,25955,23159,23067
A032500,케이엠더블유,20180619,25947,26624,25271,25512,285225,291327,3814,25667,25860,23095,23036
A032500,케이엠더블유,20180618,25319,25416,23821,25416,210375,309071,22264,25918,25720,23033,23008
A032500,케이엠더블유,20180615,25899,26527,24643,25174,258885,319327,-41327,26431,25604,22972,22985
A032500,케이엠더블유,20180614,26044,26527,25078,25947,139432,316686,-29747,27020,25554,22923,22970
A032500,케이엠더블유,20180612,26817,27252,25706,26286,234764,329245,-55063,27243,25450,22866,22951
A032500,케이엠더블유,20180611,28025,28508,26286,26769,291093,341728,-73153,27387,25339,22794,22927
A032500,케이엠더블유,20180608,28122,28943,27542,27977,241141,363131,-9948,27445,25218,22709,22892
A032500,케이엠더블유,20180607,27155,28122,26576,28122,262443,383402,61315,26952,25039,22604,22841
A032500,케이엠더블유,20180605,27252,28702,26769,27059,373950,371168,-8642,26334,24887,22461,22799
A032500,케이엠더블유,20180604,26914,27590,26576,27010,244090,380248,-15096,25909,24822,22331,22773
A032500,케이엠더블유,20180601,25319,27977,25319,27059,607340,412298,-22605,25609,24735,22209,22748
A032500,케이엠더블유,20180531,25271,26092,24933,25512,180171,246386,14881,25251,24575,22091,22722
A032500,케이엠더블유,20180530,24691,25029,24256,25029,88384,241234,-564,25309,24515,21963,22702
A032500,케이엠더블유,20180529,25706,25706,24643,24933,156341,240039,-12515,25271,24413,21874,22656
A032500,케이엠더블유,20180528,25126,25512,24594,25512,128534,282684,-1529,25077,24300,21797,22618
A032500,케이엠더블유,20180525,25126,25754,25078,25271,129435,294027,-15352,24778,24148,21715,22579
A032500,케이엠더블유,20180524,24643,26189,24160,25802,410960,311279,-16356,24266,24022,21628,22542
A032500,케이엠더블유,20180523,24256,25078,23966,24836,230813,249435,-128,23725,23894,21543,22496
A032500,케이엠더블유,20180521,24256,24449,23628,23966,133352,232375,-17877,23589,23812,21479,22442
A032500,케이엠더블유,20180518,22420,24304,22420,24015,301144,243844,41322,23570,23676,21439,22395
A032500,케이엠더블유,20180517,23386,23435,22178,22710,180966,188050,-11363,23580,23512,21398,22344
A032500,케이엠더블유,20180516,23531,24015,22758,23096,194964,189657,-31366,23908,23406,21385,22303
A032500,케이엠더블유,20180515,23870,24160,22613,24160,310786,220122,40047,24169,23261,21355,22238
A032500,케이엠더블유,20180514,24111,24160,23241,23870,142840,246974,802,24353,23058,21284,22152
A032500,케이엠더블유,20180511,24015,24836,23821,24063,122058,258569,833,24730,22879,21224,22070
A032500,케이엠더블유,20180510,24643,24643,23483,24353,162643,265050,6120,24971,22650,21173,21991
A032500,케이엠더블유,20180509,24981,25319,23580,24401,224682,259578,-17556,24875,22328,21131,21907
A032500,케이엠더블유,20180508,25802,26044,24981,25078,175410,227468,2590,24855,22024,21073,21822
A032500,케이엠더블유,20180504,25029,26141,24739,25754,289612,253464,20896,24440,21712,21023,21735
A032500,케이엠더블유,20180503,23918,25802,23386,25271,512824,291259,38530,23821,21357,20966,21645
A032500,케이엠더블유,20180502,24449,25174,23386,23870,297179,238955,9205,23261,21036,20921,21556
A032500,케이엠더블유,20180430,23048,24353,22758,24304,423130,292015,5179,23038,20847,20900,21480
A032500,케이엠더블유,20180427,23145,23145,22372,23000,87313,251879,1785,22826,20608,20887,21403
A032500,케이엠더블유,20180426,22662,23483,22227,22662,168793,261288,5463,22864,20468,20908,21334
A032500,케이엠더블유,20180425,22323,22855,21599,22468,154257,260036,20221,22584,20328,20944,21270
A032500,케이엠더블유,20180424,23241,23773,22517,22758,158067,262164,2035,22236,20204,20986,21204
A032500,케이엠더블유,20180423,22903,23531,22613,23241,229307,271359,22180,21801,20088,21008,21141
A032500,케이엠더블유,20180420,21309,23773,21309,23193,716126,250270,41291,21193,19960,21040,21075
A032500,케이엠더블유,20180419,21067,21502,20342,21260,186215,182122,29480,20574,19818,21079,21006
A032500,케이엠더블유,20180418,20777,20922,20391,20729,184098,216536,21935,20381,19847,21148,20956
A032500,케이엠더블유,20180417,20536,20922,20342,20584,177422,246126,29486,20130,19912,21229,20911
A032500,케이엠더블유,20180416,19811,20536,19762,20197,146584,254125,2876,19598,19972,21314,20861
A032500,케이엠더블유,20180413,20391,20584,19666,20101,183173,259049,114,19221,20052,21403,20807
A032500,케이엠더블유,20180412,19472,21115,19183,20294,430388,259292,6307,18970,20159,21506,20755
A032500,케이엠더블유,20180411,17975,19714,17830,19472,322339,261454,-34697,18641,20270,21591,20701
A032500,케이엠더블유,20180410,18361,18361,17636,17926,189629,233294,-30999,18516,20395,21702,20649
A032500,케이엠더블유,20180409,19183,19183,18120,18313,193522,233763,-19529,18951,20581,21838,20604
A032500,케이엠더블유,20180406,18651,19038,17926,18844,145750,245566,-11562,19192,20748,21971,20556
A032500,케이엠더블유,20180405,18989,19424,18168,18651,190079,248161,-40546,19463,20784,22097,20504
A032500,케이엠더블유,20180404,20101,20101,18554,18844,255529,229474,-26866,19704,20813,22244,20453
A032500,케이엠더블유,20180403,19328,20101,19134,20101,108342,310366,19708,19936,20857,22373,20400
A032500,케이엠더블유,20180402,20101,20197,19472,19521,116212,343293,-1666,20004,20850,22471,20340
A032500,케이엠더블유,20180330,20004,21019,20004,20197,160265,359823,-10210,20236,20765,22588,20285
A032500,케이엠더블유,20180329,20052,20052,19569,19859,71909,380187,2714,20265,20741,22677,20225
A032500,케이엠더블유,20180328,20294,20294,19376,20004,118410,404748,14703,20661,20763,22770,20166
A032500,케이엠더블유,20180327,20874,21019,20197,20439,93747,419069,2450,21067,20792,22855,20113
A032500,케이엠더블유,20180326,20294,20680,19569,20680,174243,424612,4531,21337,20775,22897,20050
A032500,케이엠더블유,20180323,20777,21357,19859,20342,207228,401702,10471,21560,20775,22943,19984
A032500,케이엠더블유,20180322,22130,22613,21647,21840,137086,427967,-1826,21937,20809,22966,19917
A032500,케이엠더블유,20180321,21840,22227,21212,22033,142817,464256,40442,22072,20794,22975,19841
A032500,케이엠더블유,20180320,21647,22033,21357,21792,68238,467869,20266,22063,20770,22977,19767
A032500,케이엠더블유,20180319,21840,22033,21019,21792,153172,497494,36868,22034,20777,22983,19693
A032500,케이엠더블유,20180316,22952,23000,21647,22227,194873,533400,20250,22005,20751,22997,19617
A032500,케이엠더블유,20180315,22565,23000,21647,22517,275135,605454,24883,21473,20637,23016,19538
A032500,케이엠더블유,20180314,21550,22372,21115,21985,159295,672132,147,20816,20524,23036,19458
A032500,케이엠더블유,20180313,21792,21888,20922,21647,172385,722915,19224,20362,20475,23060,19383
A032500,케이엠더블유,20180312,20004,21647,19859,21647,286148,742991,17350,20023,20485,23075,19307
A032500,케이엠더블유,20180309,19231,19907,18603,19569,151678,726157,38399,19260,20449,23079,19238
A032500,케이엠더블유,20180308,19617,19714,18796,19231,98504,717005,-8582,19289,20572,23138,19185
A032500,케이엠더블유,20180307,19714,20246,19086,19714,125103,722057,5346,19502,20726,23215,19136
A032500,케이엠더블유,20180306,17443,20197,17346,19956,438594,725374,-33719,19676,20871,23287,19083
A032500,케이엠더블유,20180305,19424,19617,17733,17830,440786,623306,10062,19705,21004,23354,19040
A032500,케이엠더블유,20180302,19859,20052,19231,19714,148608,568068,-11688,20275,21287,23441,19017
A032500,케이엠더블유,20180228,20391,20729,20052,20294,105908,570310,32680,20536,21514,23439,18977
A032500,케이엠더블유,20180227,20197,21019,19811,20584,131386,580522,-19289,20787,21741,23439,18922
A032500,케이엠더블유,20180226,21067,21067,19762,20101,130086,566524,-12089,20980,21963,23444,18865
A032500,케이엠더블유,20180223,21212,21212,20246,20680,119753,562403,3336,21347,22161,23456,18812
A032500,케이엠더블유,20180222,21309,21502,20584,21019,98952,567819,5737,21463,22384,23449,18747
A032500,케이엠더블유,20180221,21647,22275,21405,21550,111034,568876,976,21251,22611,23405,18675
A032500,케이엠더블유,20180220,21840,22372,21502,21550,150477,577273,2022,20990,22804,23350,18606
A032500,케이엠더블유,20180219,21647,22033,20680,21937,160833,592430,-1813,20884,23005,23291,18530
A032500,케이엠더블유,20180214,20294,21454,19811,21260,188675,613598,-247,20864,23193,23220,18450
A032500,케이엠더블유,20180213,20487,20680,19617,19956,212826,569117,9156,20797,23406,23121,18376
A032500,케이엠더블유,20180212,21357,21357,20101,20246,148909,509947,5261,21212,23722,23020,18312
A032500,케이엠더블유,20180209,20680,21695,20536,21019,182765,514711,-3735,21627,23981,22915,18239
A032500,케이엠더블유,20180208,21212,21840,20487,21840,205219,515663,-11246,21946,24234,22808,18164
A032500,케이엠더블유,20180207,22807,23000,20922,20922,217386,480661,7872,22101,24447,22683,18086
A032500,케이엠더블유,20180206,21164,22323,19811,22033,345941,511482,2855,22613,24715,22570,18011
A032500,케이엠더블유,20180205,21744,22807,21164,22323,226270,494132,28022,23058,24935,22448,17932
A032500,케이엠더블유,20180202,22613,23048,21260,22613,313828,493665,-76840,23560,25191,22325,17849
A032500,케이엠더블유,20180201,23483,23531,22517,22613,191932,439389,-53257,24043,25392,22191,17764
A032500,케이엠더블유,20180131,24208,24836,23000,23483,322615,410537,-38170,24333,25558,22059,17674
A032500,케이엠더블유,20180130,25126,25126,23725,24256,230894,393350,-82354,24662,25711,21920,17580
A032500,케이엠더블유,20180129,25657,25657,24304,24836,180431,408393,5292,24923,25776,21761,17477
A032500,케이엠더블유,20180126,23918,25802,23870,25029,303784,431200,917,25039,25805,21597,17376
A032500,케이엠더블유,20180125,25223,25319,23821,24063,275629,355481,-20327,25145,25810,21421,17273
A032500,케이엠더블유,20180124,25561,25561,24884,25126,127104,337634,7560,25474,25754,21274,17182
A032500,케이엠더블유,20180123,25706,25706,24739,25561,124224,373090,-1069,25551,25670,21111,17081
A032500,케이엠더블유,20180122,25319,26044,24739,25416,153025,351495,-9137,25696,25479,20933,16982
A032500,케이엠더블유,20180119,25996,25996,25223,25561,128684,360337,18696,25696,25327,20763,16883
A032500,케이엠더블유,20180118,25464,26044,25319,25706,128412,378697,19375,25802,25155,20593,16781
A032500,케이엠더블유,20180117,26382,26479,25029,25512,281235,374218,-25533,25880,24979,20408,16678
A032500,케이엠더블유,20180116,25174,26576,25029,26286,255858,448418,1975,26034,24834,20211,16585
A032500,케이엠더블유,20180115,26092,26092,25223,25416,186995,413631,-12087,26063,24689,20004,16485
A032500,케이엠더블유,20180112,26189,26237,24933,26092,229066,431781,16784,26469,24604,19811,16399
A032500,케이엠더블유,20180111,26382,26624,25609,26092,145638,431075,-3918,26576,24471,19596,16306
A032500,케이엠더블유,20180110,26431,26672,25029,26286,314238,435236,-5928,26547,24292,19369,16222
A032500,케이엠더블유,20180109,27542,27590,26189,26431,213826,385727,7021,26595,24073,19141,16140
A032500,케이엠더블유,20180108,26962,27977,26141,27445,374481,413814,34683,26421,23906,18912,16056
A032500,케이엠더블유,20180105,26237,27059,25609,26624,349887,376151,-32154,26015,23727,18663,15964
A032500,케이엠더블유,20180104,26962,27300,25754,25947,466568,343811,-40751,25715,23599,18426,15880
A032500,케이엠더블유,20180103,25802,27155,24353,26527,861440,387003,96036,25116,23500,18210,15807
A032500,케이엠더블유,20180102,26092,27639,25126,25561,732307,337653,-50382,24498,23326,17982,15730
A032500,케이엠더블유,20171228,25126,26431,24401,25416,370924,380558,44764,23735,23026,17772,15660
A032500,케이엠더블유,20171227,23386,25609,22855,25126,545061,419675,23272,23126,22770,17562,15592
A032500,케이엠더블유,20171226,23821,23821,22565,22952,344028,344247,50762,22527,22560,17371,15526
A032500,케이엠더블유,20171222,21744,23773,21502,23435,299547,486951,76084,22372,22451,17204,15479
A032500,케이엠더블유,20171221,22468,22613,21309,21744,192459,442550,10497,22207,22294,17025,15426
A032500,케이엠더블유,20171220,22130,22807,21695,22372,189975,468730,6684,22536,22125,16869,15389
A032500,케이엠더블유,20171219,22420,22807,21695,22130,257926,431251,-32833,22806,21920,16707,15344
A032500,케이엠더블유,20171218,22613,22903,21840,22178,164292,405883,-3856,23067,21712,16557,15294
A032500,케이엠더블유,20171215,23725,23773,21744,22613,340449,379644,-60177,23135,21490,16403,15237
A032500,케이엠더블유,20171214,24063,24546,23290,23386,148665,350965,1693,22990,21125,16237,15168
A032500,케이엠더블유,20171213,23290,23870,22855,23725,129385,354144,5989,22932,20649,16059,15095
A032500,케이엠더블유,20171212,22662,24160,22372,23435,350409,355237,-28061,22961,20161,15880,15018
A032500,케이엠더블유,20171211,21888,22758,21502,22517,279276,347474,-60234,23087,19719,15705,14948
A032500,케이엠더블유,20171208,23145,23338,21405,21888,234183,325841,-5158,23377,19308,15539,14888
A032500,케이엠더블유,20171207,23048,23628,22130,23096,425763,323026,-23611,23609,18922,15397,14834
A032500,케이엠더블유,20171206,24160,25223,23096,23870,442091,280891,-90299,22903,18504,15232,14766
A032500,케이엠더블유,20171205,23918,24739,23580,24063,298201,297168,39980,22188,18057,15057,14692
A032500,케이엠더블유,20171204,23048,23966,22082,23966,467279,327005,65883,21560,17583,14880,14622
A032500,케이엠더블유,20171201,19907,23676,19666,23048,937863,380497,91304,20922,17119,14726,14551
A032500,케이엠더블유,20171130,19569,20439,19376,19569,253459,380578,-5217,20371,16723,14594,14489
A032500,케이엠더블유,20171129,20970,21019,19956,20294,237994,378688,-20373,20130,16481,14515,14458
A032500,케이엠더블유,20171128,20777,21550,20584,20922,266971,392357,635,19724,16216,14405,14417
A032500,케이엠더블유,20171127,20536,21937,19762,20777,681620,395487,88260,19134,15894,14285,14370
A032500,케이엠더블유,20171124,17926,21212,17636,20294,615781,390205,88355,18525,15616,14168,14323
A032500,케이엠더블유,20171123,18120,18844,17878,18361,243274,318851,12473,17530,15370,14044,14278
A032500,케이엠더블유,20171122,18168,18264,17298,18264,288529,332052,-45038,16631,15196,13945,14250
A032500,케이엠더블유,20171121,18168,18748,17491,17975,419370,324249,-1123,15771,15044,13862,14230
A032500,케이엠더블유,20171120,15559,17975,15510,17733,899402,303237,8798,15095,14913,13769,14210
A032500,케이엠더블유,20171117,13867,15317,13722,15317,334964,249933,24872,14408,14756,13680,14197
A032500,케이엠더블유,20171116,13916,14206,13577,13867,67734,221355,1037,14176,14674,13631,14205
A032500,케이엠더블유,20171115,14447,14447,13722,13964,165618,217293,-3641,14350,14674,13604,14221
A032500,케이엠더블유,20171114,14254,14640,13722,14592,198907,233516,-1968,14544,14667,13562,14233
A032500,케이엠더블유,20171113,14157,14592,14061,14302,88340,242934,0,14544,14599,13520,14237
A032500,케이엠더블유,20171110,14544,14785,13867,14157,150165,237069,1000,14621,14508,13489,14245
A032500,케이엠더블유,20171109,14882,15027,14496,14737,38794,242545,0,14814,14428,13452,14254
A032500,케이엠더블유,20171108,14689,14930,14544,14930,41983,249331,-4323,14814,14326,13416,14257
A032500,케이엠더블유,20171107,14496,14834,14447,14592,37181,250800,0,14824,14206,13374,14254
A032500,케이엠더블유,20171106,15075,15075,14496,14689,68961,248655,-1911,14805,14097,13337,14248
A032500,케이엠더블유,20171103,14592,15365,14592,15124,59413,261987,1000,14911,14010,13289,14242
A032500,케이엠더블유,20171102,14834,15075,14544,14737,69882,259518,-9,14959,13896,13241,14232
A032500,케이엠더블유,20171101,14592,15075,14544,14979,69832,258706,-290,14988,13809,13192,14224
A032500,케이엠더블유,20171031,15220,15269,14351,14496,189961,235544,-3938,15037,13701,13155,14213
A032500,케이엠더블유,20171030,15365,15800,15220,15220,88439,227690,-936,15210,13660,13125,14207
A032500,케이엠더블유,20171027,14979,15365,14834,15365,57854,241179,6660,15085,13544,13090,14195
A032500,케이엠더블유,20171026,15269,15317,14882,14882,68617,237426,1992,14747,13411,13052,14174
A032500,케이엠더블유,20171025,15269,15704,14882,15220,176372,244238,-1424,14544,13285,13031,14153
A032500,케이엠더블유,20171024,14785,15462,14592,15365,222292,236319,29986,14263,13157,13002,14125
A032500,케이엠더블유,20171023,13722,14640,13577,14592,227495,226430,-31504,13838,13046,12969,14096
A032500,케이엠더블유,20171020,13867,13867,13336,13674,86413,200949,-10000,13413,12964,12948,14074
A032500,케이엠더블유,20171019,13819,13916,13577,13867,78994,210131,-10000,13191,12911,12958,14057
A032500,케이엠더블유,20171018,13288,13964,13046,13819,230789,211292,-10000,12959,12855,12967,14038
A032500,케이엠더블유,20171017,12804,13432,12611,13239,143976,198282,-5000,12698,12812,12988,14019
A032500,케이엠더블유,20171016,12466,12611,11693,12466,97434,183697,-154,12534,12797,13015,14003
A032500,케이엠더블유,20171013,12708,12853,12321,12563,53928,202994,-9,12630,12802,13074,13996
A032500,케이엠더블유,20171012,12659,12708,12466,12708,28637,219121,0,12688,12843,13139,13988
A032500,케이엠더블유,20171011,12514,12708,12466,12514,32360,215635,0,12746,12865,13201,13976
A032500,케이엠더블유,20171010,12949,12998,12418,12418,109308,212438,0,12804,12908,13266,13963
A032500,케이엠더블유,20170929,12853,13143,12708,12949,39358,215055,0,13056,12959,13334,13956
A032500,케이엠더블유,20170928,12998,13143,12659,12853,34654,214138,-11,13046,13048,13403,13943
A032500,케이엠더블유,20170927,13239,13481,12756,12998,110256,213538,8,13017,13162,13478,13933
A032500,케이엠더블유,20170926,13626,13626,12466,12804,136008,220890,0,12891,13254,13547,13925
A032500,케이엠더블유,20170925,12901,13867,12901,13674,171409,265392,12909,12862,13300,13621,13918
A032500,케이엠더블유,20170922,12708,12949,12321,12901,50608,248157,14853,12756,13302,13680,13897
A032500,케이엠더블유,20170921,12369,12756,12176,12708,29550,254147,10000,12766,13345,13755,13880
A032500,케이엠더블유,20170920,12659,12659,12369,12369,38619,257987,-7,12746,13353,13827,13863
A032500,케이엠더블유,20170919,13143,13191,12563,12659,44351,261007,-7,12824,13353,13908,13851
A032500,케이엠더블유,20170918,12949,13239,12659,13143,40886,254358,-107,12882,13387,13982,13837
A032500,케이엠더블유,20170915,12611,12949,12369,12949,37292,265631,-14,12843,13348,14030,13812
A032500,케이엠더블유,20170914,12901,12901,12080,12611,90514,270185,0,12766,13321,14070,13793
A032500,케이엠더블유,20170913,12949,12949,12611,12756,34718,270457,-7,12920,13309,14100,13774
A032500,케이엠더블유,20170912,13094,13094,12708,12949,20813,279367,0,12998,13283,14130,13759
A032500,케이엠더블유,20170911,12321,13143,12321,12949,62042,280603,-5500,13085,13208,14156,13743
A032500,케이엠더블유,20170908,13384,13432,12080,12563,190134,277308,9500,13181,13164,14190,13726
A032500,케이엠더블유,20170907,13143,13481,13143,13384,38057,278554,0,13616,13157,14237,13710
A032500,케이엠더블유,20170906,13384,13432,12901,13143,57163,278983,0,13964,13085,14270,13689
A032500,케이엠더블유,20170905,13432,13819,13239,13384,60819,288439,-2300,14302,13056,14301,13670
A032500,케이엠더블유,20170904,14012,14544,13384,13432,218845,285698,550,14370,13007,14328,13650
A032500,케이엠더블유,20170901,14930,15124,14592,14737,77552,279516,-4000,14428,12957,14363,13624
A032500,케이엠더블유,20170831,15027,15414,14592,15124,157369,292768,-14668,14235,12809,14376,13586
A032500,케이엠더블유,20170830,13626,14882,13626,14834,149166,317170,2137,13780,12664,14385,13544
A032500,케이엠더블유,20170829,13722,13722,13239,13722,61592,317474,0,13287,12514,14401,13502
A032500,케이엠더블유,20170828,14012,14109,13577,13722,71145,314179,-4051,13210,12464,14429,13468
A032500,케이엠더블유,20170825,12949,13867,12949,13771,174379,338165,-25000,12940,12413,14454,13436
A032500,케이엠더블유,20170824,12466,12998,12031,12853,84960,337793,0,12669,12382,14478,13402
A032500,케이엠더블유,20170823,13336,13771,12369,12369,148365,312838,0,12572,12391,14512,13374
A032500,케이엠더블유,20170822,12369,13529,12273,13336,121270,364768,0,12543,12456,14555,13347
A032500,케이엠더블유,20170821,12466,12466,12128,12369,18954,372387,0,12166,12464,14598,13314
A032500,케이엠더블유,20170818,12128,12418,12128,12418,31629,382177,0,12108,12512,14651,13291
A032500,케이엠더블유,20170817,12273,12418,12031,12369,35122,385160,-433,12108,12558,14713,13269
A032500,케이엠더블유,20170816,11500,12418,11451,12224,86209,391010,-3200,12022,12655,14778,13246
A032500,케이엠더블유,20170814,12080,12273,11161,11451,93209,375232,-26101,12089,12763,14839,13224
A032500,케이엠더블유,20170811,12080,12418,11983,12080,54994,382535,-10000,12283,12945,14905,13205
A032500,케이엠더블유,20170810,11983,12756,11935,12418,102611,393268,-18020,12350,13085,14955,13178
A032500,케이엠더블유,20170809,12418,12466,11790,11935,69742,389684,-4380,12225,13263,15001,13147
A032500,케이엠더블유,20170808,12369,12611,11983,12563,37821,402669,120,12283,13488,15056,13119
A032500,케이엠더블유,20170807,12369,12659,12080,12418,42312,410565,-500,12138,13681,15099,13088
A032500,케이엠더블유,20170804,11790,12514,11790,12418,55847,426712,0,12196,13882,15133,13057
A032500,케이엠더블유,20170803,12080,12176,11741,11790,65455,428682,4500,12254,14087,15159,13024
A032500,케이엠더블유,20170802,12031,12321,11886,12224,53804,428180,-8287,12524,14353,15195,12996
A032500,케이엠더블유,20170801,12853,12853,11790,11838,153080,417940,-54195,12689,14609,15223,12967
A032500,케이엠더블유,20170731,12708,12804,12321,12708,47411,400704,-888,13056,14872,15256,12941
A032500,케이엠더블유,20170728,13143,13143,11838,12708,215455,401809,18470,13210,15100,15271,12907
A032500,케이엠더블유,20170727,13288,13288,12804,13143,73778,378875,-10710,13336,15324,15289,12873
A032500,케이엠더블유,20170726,13674,13771,12853,13046,106374,369203,-11344,13375,15537,15299,12835
A032500,케이엠더블유,20170725,13481,13674,13239,13674,91814,380940,26170,13626,15737,15297,12795
A032500,케이엠더블유,20170724,13432,13674,13336,13481,177171,389601,-64391,13771,15916,15275,12751
A032500,케이엠더블유,20170721,13577,13577,13191,13336,160862,427432,-13230,14090,16095,15247,12704
A032500,케이엠더블유,20170720,14061,14302,12853,13336,847117,478226,282479,14399,16230,15224,12659
A032500,케이엠더블유,20170719,14399,14592,14157,14302,44135,464154,0,14930,16332,15200,12614
A032500,케이엠더블유,20170718,15075,15075,14012,14399,171293,467047,3000,15355,16336,15155,12561
A032500,케이엠더블유,20170717,14979,15269,14496,15075,83414,456145,0,15761,16344,15110,12506
A032500,케이엠더블유,20170714,15993,15993,14834,14882,180638,442175,8601,16032,16315,15050,12446
A032500,케이엠더블유,20170713,16428,16573,15848,15993,37912,428819,0,16360,16322,14992,12389
A032500,케이엠더블유,20170712,16573,16767,16332,16428,18236,429326,0,16583,16291,14918,12322
A032500,케이엠더블유,20170711,16525,16670,16283,16428,22232,428416,0,16766,16237,14837,12252
A032500,케이엠더블유,20170710,16187,16767,16090,16428,31147,426893,0,16902,16165,14752,12182
A032500,케이엠더블유,20170707,17105,17201,16283,16525,81515,423446,-2000,17066,16095,14660,12111
A032500,케이엠더블유,20170706,17395,17491,17008,17105,24782,427492,0,17201,16047,14578,12038
A032500,케이엠더블유,20170705,17008,17395,17008,17346,27203,431960,0,17259,15964,14483,11961
A032500,케이엠더블유,20170704,17201,17298,16960,17105,30000,430287,0,17201,15882,14388,11881
A032500,케이엠더블유,20170703,17346,17443,17056,17250,55863,428104,0,17230,15817,14304,11803
A032500,케이엠더블유,20170630,17395,17395,16718,17201,49628,429738,0,17192,15723,14215,11724
A032500,케이엠더블유,20170629,17298,17685,16912,17395,91762,430081,0,16960,15626,14114,11646
A032500,케이엠더블유,20170628,17250,17346,16863,17056,55234,428142,0,16554,15515,14005,11563
A032500,케이엠더블유,20170627,17056,17346,16863,17250,61966,417226,0,16022,15409,13900,11481
A032500,케이엠더블유,20170626,16187,17443,16187,17056,190338,405579,0,15481,15293,13793,11397
A032500,케이엠더블유,20170623,15365,16767,15220,16042,115196,387441,0,14969,15235,13692,11312
A032500,케이엠더블유,20170622,14399,15655,14399,15365,118807,380940,0,14766,15211,13594,11236
A032500,케이엠더블유,20170621,14544,14785,13867,14399,41298,371286,527,14766,15249,13516,11167
A032500,케이엠더블유,20170620,14399,14592,13626,14544,95467,376001,3143,14959,15344,13449,11107
A032500,케이엠더블유,20170619,14979,15027,13964,14496,182079,356148,0,15046,15409,13387,11046
A032500,케이엠더블유,20170616,15414,15414,14930,15027,29908,352211,0,15153,15455,13330,10986
A032500,케이엠더블유,20170615,15365,15462,14979,15365,27286,356013,0,15259,15457,13263,10921
A032500,케이엠더블유,20170614,15075,15655,15027,15365,34067,360617,0,15278,15450,13184,10853
A032500,케이엠더블유,20170613,15027,15269,14785,14979,32831,359717,0,15346,15443,13108,10787
A032500,케이엠더블유,20170612,15559,15607,14882,15027,48425,352774,0,15510,15450,13040,10725
A032500,케이엠더블유,20170609,15752,15752,15365,15559,23153,351796,0,15578,15423,12971,10663
A032500,케이엠더블유,20170608,15510,15848,15269,15462,45575,348993,0,15520,15344,12884,10597
A032500,케이엠더블유,20170607,15945,16235,15655,15704,44057,347967,0,15462,15269,12796,10532
A032500,케이엠더블유,20170605,15365,16090,15172,15800,73971,352723,0,15307,15177,12704,10464
A032500,케이엠더블유,20170602,15269,15462,14930,15365,55040,343601,0,15133,15078,12602,10395
A032500,케이엠더블유,20170601,15220,15414,14834,15269,52189,341773,0,15240,14991,12507,10331
A032500,케이엠더블유,20170531,14882,15172,14496,15172,48067,359012,229,15298,14916,12417,10268
A032500,케이엠더블유,20170530,15269,15317,14496,14930,65425,354659,0,15491,14846,12326,10206
A032500,케이엠더블유,20170529,15800,15945,14689,14930,140851,348671,0,15761,14744,12235,10147
A032500,케이엠더블유,20170526,15704,15897,14399,15897,229199,350450,-5000,15945,14616,12139,10085
A032500,케이엠더블유,20170525,16380,16428,15559,15559,77341,327184,-8000,15848,14411,12029,10015
A032500,케이엠더블유,20170524,16283,16525,16090,16138,70507,325469,-1908,15752,14230,11931,9948
A032500,케이엠더블유,20170523,16042,16428,15559,16283,126060,324546,2098,15568,14020,11824,9879
A032500,케이엠더블유,20170522,15752,15897,15365,15848,76580,299330,1000,15355,13785,11713,9808
A032500,케이엠더블유,20170519,15075,16380,14834,15414,149009,297194,7000,15211,13578,11609,9743
A032500,케이엠더블유,20170518,14834,15317,14834,15075,52155,287423,0,15027,13379,11506,9681
A032500,케이엠더블유,20170517,15317,15365,14979,15220,49434,285819,0,14805,13196,11401,9622
A032500,케이엠더블유,20170516,15220,15317,14689,15220,99712,282641,0,14554,13015,11293,9562
A032500,케이엠더블유,20170515,14785,15317,14544,15124,107638,276955,0,14283,12831,11183,9501
A032500,케이엠더블유,20170512,13964,14592,13964,14496,106006,262579,-10000,14022,12640,11077,9441
A032500,케이엠더블유,20170511,13916,14012,13674,13964,35814,245459,0,13848,12461,10980,9388
A032500,케이엠더블유,20170510,13577,14061,13577,13964,34400,244800,-2561,13809,12343,10888,9339
A032500,케이엠더블유,20170508,13916,14254,13336,13867,48989,239273,-439,13771,12215,10797,9290
A032500,케이엠더블유,20170504,13819,14061,13577,13819,39243,233109,-1112,13578,12106,10710,9242
A032500,케이엠더블유,20170502,13771,14351,13626,13626,60631,217022,-888,13288,12017,10626,9192
A032500,케이엠더블유,20170428,13722,14254,13336,13771,77617,211233,-308,12920,11932,10543,9146
A032500,케이엠더블유,20170427,12949,13771,12949,13771,215375,199408,0,12553,11799,10456,9097
A032500,케이엠더블유,20170426,12563,12949,12369,12901,83197,178072,0,12186,11654,10372,9048
A032500,케이엠더블유,20170425,11790,12466,11790,12369,87392,168407,0,11925,11546,10294,9007
A032500,케이엠더블유,20170424,12031,12080,11645,11790,24454,153979,0,11790,11471,10226,8969
A032500,케이엠더블유,20170421,11935,12080,11790,11935,47288,155561,10000,11722,11430,10162,8937
A032500,케이엠더블유,20170420,11548,11935,11548,11935,50712,155561,15000,11616,11340,10094,8903
A032500,케이엠더블유,20170419,11693,11693,11403,11596,14090,159211,0,11548,11280,10027,8872
A032500,케이엠더블유,20170418,11451,11790,11161,11693,48862,162058,-541,11538,11217,9966,8843
A032500,케이엠더블유,20170417,11500,11500,11306,11451,23204,156341,0,11461,11176,9903,8811
A032500,케이엠더블유,20170414,11403,11548,11258,11403,27012,158677,0,11355,11157,9843,8784
A032500,케이엠더블유,20170413,11548,11596,11306,11596,30357,165010,1,11393,11135,9786,8758
A032500,케이엠더블유,20170412,11210,11596,11113,11548,58610,170765,-12,11355,11087,9726,8730
A032500,케이엠더블유,20170411,11113,11548,10968,11306,64428,172731,0,11384,11050,9668,8701
A032500,케이엠더블유,20170410,11403,11693,10872,10920,100679,165429,-36052,11529,11031,9613,8675
A032500,케이엠더블유,20170407,11306,11741,11258,11596,73553,164350,-6851,11732,11029,9562,8653
A032500,케이엠더블유,20170406,11693,11693,11210,11403,49260,158588,-9895,11635,10966,9499,8625
A032500,케이엠더블유,20170405,12031,12031,11500,11693,71904,159159,-16100,11529,10903,9439,8597
A032500,케이엠더블유,20170404,11935,12080,11548,12031,71541,164649,-20287,11336,10828,9374,8563
A032500,케이엠더블유,20170403,11113,12031,11113,11935,149886,163395,10237,11104,10712,9303,8526
A032500,케이엠더블유,20170331,10727,11113,10727,11113,45532,148652,176,10910,10599,9234,8489
A032500,케이엠더블유,20170330,10727,11161,10582,10872,42653,140443,0,10717,10536,9177,8461
A032500,케이엠더블유,20170329,10968,11016,10678,10727,36947,132435,836,10688,10478,9122,8435
A032500,케이엠더블유,20170328,11016,11161,10727,10872,36416,134291,264,10611,10415,9063,8412
A032500,케이엠더블유,20170327,10437,11065,10195,10968,103046,134877,16560,10611,10330,9000,8385
A032500,케이엠더블유,20170324,10823,10823,10147,10147,101541,120942,13867,10630,10248,8933,8354
A032500,케이엠더블유,20170323,10340,10775,10292,10727,56410,114968,19245,10794,10224,8878,8327
A032500,케이엠더블유,20170322,10823,10920,10340,10340,48654,111434,-3880,10775,10173,8817,8295
A032500,케이엠더블유,20170321,11065,11065,10775,10872,28870,106010,-1422,10872,10137,8766,8266
A032500,케이엠더블유,20170320,11113,11113,10920,11065,37512,107139,142,10881,10074,8705,8233
A032500,케이엠더블유,20170317,10630,10968,10533,10968,39949,109013,546,10843,9983,8642,8198
A032500,케이엠더블유,20170316,10727,10823,10485,10630,39201,105523,184,10717,9871,8580,8165
A032500,케이엠더블유,20170315,11113,11113,10533,10823,40118,106284,0,10620,9777,8523,8137
A032500,케이엠더블유,20170314,11016,11161,10678,10920,73756,106876,-167,10495,9668,8465,8108
A032500,케이엠더블유,20170313,10437,10968,10388,10872,121925,111009,25743,10253,9561,8410,8076
A032500,케이엠더블유,20170310,10147,10437,9953,10340,31252,109529,0,10012,9450,8355,8043
A032500,케이엠더블유,20170309,10050,10243,9760,10147,64914,117175,403,9915,9356,8310,8014
A032500,케이엠더블유,20170308,9808,10292,9760,10195,107496,118302,545,9828,9272,8268,7986
A032500,케이엠더블유,20170307,9664,9712,9567,9712,24063,118961,4691,9681,9197,8225,7961
A032500,케이엠더블유,20170306,9760,9857,9635,9664,30668,120379,5130,9575,9148,8188,7939
A032500,케이엠더블유,20170303,9760,9905,9615,9857,53512,123881,5100,9507,9097,8155,7919
A032500,케이엠더블유,20170302,9519,9808,9393,9712,43068,127671,2,9468,9034,8118,7893
A032500,케이엠더블유,20170228,9200,9470,9190,9461,22756,122932,450,9468,8983,8087,7869
A032500,케이엠더블유,20170227,9287,9548,9026,9180,43740,123885,163,9499,8922,8059,7845
A032500,케이엠더블유,20170224,9664,9808,9277,9325,51866,119197,164,9588,8877,8031,7823
A032500,케이엠더블유,20170223,9712,9857,9557,9664,65752,121456,779,9569,8808,8000,7803
A032500,케이엠더블유,20170222,9538,9760,9538,9712,53629,121968,0,9383,8719,7966,7780
A032500,케이엠더블유,20170221,9664,9760,9499,9615,56200,122517,0,9190,8629,7933,7756
A032500,케이엠더블유,20170220,9229,9625,9142,9625,68602,128527,0,8995,8545,7903,7735
A032500,케이엠더블유,20170217,8784,9277,8716,9229,73235,125625,4431,8829,8457,7876,7716
A032500,케이엠더블유,20170216,8745,8832,8687,8736,12199,122724,1067,8713,8390,7856,7700
A032500,케이엠더블유,20170215,8794,8794,8600,8745,16972,122384,4776,8658,8352,7844,7690
A032500,케이엠더블유,20170214,8697,8842,8533,8639,30352,122380,7322,8601,8314,7831,7678
A032500,케이엠더블유,20170213,8649,8852,8591,8794,27934,125793,0,8612,8286,7818,7668
A032500,케이엠더블유,20170210,8465,8745,8417,8649,24491,125697,0,8602,8247,7805,7658
A032500,케이엠더블유,20170209,8456,8552,8398,8465,11040,121669,936,8598,8207,7795,7651
A032500,케이엠더블유,20170208,8697,8697,8378,8456,35863,119685,9626,8625,8175,7789,7646
A032500,케이엠더블유,20170207,8745,8832,8658,8697,29743,120613,0,8672,8143,7784,7642
A032500,케이엠더블유,20170206,8726,8832,8620,8745,29805,120785,0,8581,8097,7774,7635
A032500,케이엠더블유,20170203,8600,8678,8456,8629,61104,122750,11438,8490,8048,7759,7630
A032500,케이엠더블유,20170202,8745,8745,8600,8600,44135,126656,541,8353,8006,7750,7625
A032500,케이엠더블유,20170201,8175,8745,8175,8687,78036,131614,0,8208,7962,7739,7622
A032500,케이엠더블유,20170131,8291,8340,8146,8243,33835,128528,0,8055,7905,7725,7617
A032500,케이엠더블유,20170126,7972,8359,7934,8291,49685,125282,0,7992,7854,7719,7617
A032500,케이엠더블유,20170125,7924,8011,7856,7943,11413,124471,0,7909,7792,7712,7617
A032500,케이엠더블유,20170124,7924,8011,7789,7876,15541,124795,-100,7895,7743,7711,7619
A032500,케이엠더블유,20170123,7837,8030,7837,7924,21463,124760,0,7914,7690,7712,7622
A032500,케이엠더블유,20170120,8040,8040,7798,7924,6238,124600,0,7930,7649,7716,7624
A032500,케이엠더블유,20170119,7972,8059,7827,7876,11248,124498,0,7959,7615,7719,7626
A032500,케이엠더블유,20170118,7905,8059,7847,7876,5024,124515,0,7986,7584,7720,7628
A032500,케이엠더블유,20170117,8137,8137,7876,7972,14305,124437,0,7982,7554,7724,7629
A032500,케이엠더블유,20170116,7982,8108,7943,8001,23196,125524,0,7953,7517,7730,7629
A032500,케이엠더블유,20170113,8088,8117,7711,8069,21754,120443,100,7914,7478,7735,7631
A032500,케이엠더블유,20170112,7866,8011,7856,8011,26300,118271,0,7856,7443,7734,7633
A032500,케이엠더블유,20170111,7827,7895,7731,7856,19469,115422,0,7808,7421,7738,7633
A032500,케이엠더블유,20170110,7653,7866,7653,7827,11052,112057,0,7792,7409,7743,7634
A032500,케이엠더블유,20170109,7760,7876,7750,7808,12052,110489,0,7773,7399,7750,7636
A032500,케이엠더블유,20170106,7798,7798,7673,7779,12484,108695,0,7719,7390,7755,7640
A032500,케이엠더블유,20170105,7827,7837,7653,7769,12615,115417,0,7609,7380,7752,7646
A032500,케이엠더블유,20170104,7827,7827,7682,7779,20112,115458,0,7466,7368,7750,7651
A032500,케이엠더블유,20170103,7508,7740,7508,7731,30350,113432,0,7303,7362,7745,7656
A032500,케이엠더블유,20170102,7228,7537,7228,7537,22716,112765,0,7120,7359,7744,7662
A032500,케이엠더블유,20161229,7054,7634,6958,7228,17108,113352,0,7033,7373,7749,7670
A032500,케이엠더블유,20161228,7276,7276,6938,7054,13610,115171,0,7037,7401,7761,7682
A032500,케이엠더블유,20161227,7190,7450,6793,6967,35539,114122,0,7078,7425,7769,7694
A032500,케이엠더블유,20161226,7103,7103,6813,6813,26320,114752,0,7138,7449,7774,7709
A032500,케이엠더블유,20161223,7199,7228,7045,7103,17235,119842,0,7223,7488,7777,7725
A032500,케이엠더블유,20161222,7344,7344,7074,7248,9897,120468,0,7246,7522,7773,7738
A032500,케이엠더블유,20161221,7373,7373,7170,7257,19668,140325,0,7269,7550,7767,7751
A032500,케이엠더블유,20161220,7248,7286,7190,7267,4576,139014,0,7333,7586,7760,7759
A032500,케이엠더블유,20161219,7083,7248,7035,7238,22663,138958,0,7404,7624,7754,7761
A032500,케이엠더블유,20161216,7363,7363,6967,7219,27176,139441,0,7481,7663,7751,7764
A032500,케이엠더블유,20161215,7576,7624,7363,7363,21132,138278,0,7564,7701,7752,7767
A032500,케이엠더블유,20161214,7634,7682,7460,7576,6817,138897,0,7605,7727,7750,7773
A032500,케이엠더블유,20161213,7692,7692,7518,7624,6400,138645,0,7595,7748,7742,7777
A032500,케이엠더블유,20161212,7547,7692,7499,7624,4046,137997,0,7603,7769,7730,7782
A032500,케이엠더블유,20161209,7731,7731,7479,7634,8907,137341,0,7613,7793,7718,7786
A032500,케이엠더블유,20161208,7615,7615,7470,7566,11768,135672,0,7650,7818,7704,7790
A032500,케이엠더블유,20161207,7711,7711,7441,7528,11393,133725,0,7692,7844,7697,7796
A032500,케이엠더블유,20161206,7721,7731,7586,7663,8773,135006,0,7694,7862,7690,7802
A032500,케이엠더블유,20161205,7818,7837,7576,7673,8248,132482,0,7650,7882,7683,7811
A032500,케이엠더블유,20161202,7905,7905,7750,7818,13075,131896,0,7636,7894,7668,7820
A032500,케이엠더블유,20161201,7731,7837,7624,7779,12263,132799,0,7628,7896,7651,7829
A032500,케이엠더블유,20161130,7537,7605,7421,7537,13830,131676,0,7634,7904,7631,7837
A032500,케이엠더블유,20161129,7605,7605,7344,7441,19738,131013,0,7721,7918,7615,7851
A032500,케이엠더블유,20161128,7924,7924,7537,7605,15615,131638,0,7839,7942,7606,7864
A032500,케이엠더블유,20161125,7885,7885,7624,7779,7706,131233,0,7924,7959,7594,7874
A032500,케이엠더블유,20161124,7827,7992,7624,7808,39861,133118,0,7961,7977,7579,7882
A032500,케이엠더블유,20161123,7914,8069,7905,7972,7104,133348,0,7976,7992,7567,7888
A032500,케이엠더블유,20161122,8146,8146,7972,8030,4525,134635,0,7984,7990,7555,7892
A032500,케이엠더블유,20161121,7963,8146,7924,8030,20164,133648,0,7984,7995,7544,7900
A032500,케이엠더블유,20161118,8050,8050,7731,7963,36524,131192,0,8001,8011,7535,7908
A032500,케이엠더블유,20161117,8040,8127,7798,7885,9907,130429,0,8032,8025,7524,7920
A032500,케이엠더블유,20161116,7943,8050,7827,8011,10642,130182,0,8075,8033,7518,7935
A032500,케이엠더블유,20161115,8117,8301,8011,8030,11599,130168,0,8048,8044,7511,7948
A032500,케이엠더블유,20161114,8311,8311,8050,8117,11454,129508,0,8055,8052,7507,7962
A032500,케이엠더블유,20161111,8088,8117,7972,8117,10241,129895,0,8017,8058,7503,7972
A032500,케이엠더블유,20161110,7924,8243,7924,8098,29225,129270,0,7965,8057,7500,7981
A032500,케이엠더블유,20161109,8030,8108,7334,7876,57965,125716,0,7930,8033,7497,7994
A032500,케이엠더블유,20161108,7924,8214,7779,8069,27958,130207,0,7920,8020,7500,8010
A032500,케이엠더블유,20161107,7827,7924,7731,7924,20693,128263,0,7889,7990,7501,8023
A032500,케이엠더블유,20161104,8021,8021,7731,7856,10171,128648,0,7895,7979,7505,8036
A032500,케이엠더블유,20161103,7827,7924,7682,7924,10361,129925,0,7951,7977,7510,8049
A032500,케이엠더블유,20161102,7914,7972,7537,7827,48678,130875,-5500,7990,7980,7514,8061
A032500,케이엠더블유,20161101,8214,8214,7856,7914,20829,132846,0,8007,7966,7521,8076
A032500,케이엠더블유,20161031,8137,8146,7866,7953,25468,133197,0,8052,7932,7527,8089
A032500,케이엠더블유,20161028,8117,8243,7808,8137,27257,134967,1,8131,7884,7531,8103
A032500,케이엠더블유,20161027,7731,8117,7731,8117,24388,137921,0,8152,7819,7533,8117
A032500,케이엠더블유,20161026,8030,8127,7731,7914,24323,138889,0,8137,7757,7533,8128
A032500,케이엠더블유,20161025,8456,8456,8108,8137,11417,142136,0,8200,7705,7536,8139
A032500,케이엠더블유,20161024,8282,8523,8224,8349,27993,146644,0,8212,7642,7534,8150
A032500,케이엠더블유,20161021,7924,8243,7566,8243,71295,149502,0,8189,7579,7527,8161
A032500,케이엠더블유,20161020,8214,8311,7943,8040,20419,153880,0,8160,7529,7527,8176
A032500,케이엠더블유,20161019,8195,8311,8069,8233,18526,158914,0,8077,7492,7532,8194
A032500,케이엠더블유,20161018,8311,8407,8069,8195,41371,163472,0,7951,7435,7528,8213
A032500,케이엠더블유,20161017,8156,8494,8001,8233,68027,164236,0,7808,7369,7524,8235
A032500,케이엠더블유,20161014,7566,8117,7566,8098,121524,164403,0,7702,7302,7522,8257
A032500,케이엠더블유,20161013,7605,7905,7441,7624,33358,158155,0,7646,7239,7526,8281
A032500,케이엠더블유,20161012,7479,7702,7412,7605,24356,162054,0,7717,7215,7539,8309
A032500,케이엠더블유,20161011,7789,7789,7412,7479,26462,163184,0,7704,7189,7552,8331
A032500,케이엠더블유,20161010,7818,8059,7392,7702,38313,164739,0,7657,7178,7568,8352
A032500,케이엠더블유,20161007,7982,8166,7682,7818,58162,169628,0,7514,7131,7579,8375
A032500,케이엠더블유,20161006,7537,7982,7537,7982,94089,175761,0,7319,7080,7591,8391
A032500,케이엠더블유,20161005,7392,7537,7248,7537,60687,171796,0,7099,7009,7602,8406
A032500,케이엠더블유,20161004,6890,7421,6890,7248,47146,170670,0,6964,6962,7618,8423
A032500,케이엠더블유,20160930,6851,6987,6774,6987,20505,168851,0,6892,6943,7643,8443
A032500,케이엠더블유,20160929,6880,6996,6803,6842,21058,168128,0,6911,6938,7673,8464
A032500,케이엠더블유,20160928,6929,7016,6851,6880,13002,168681,0,6992,6940,7704,8488
A032500,케이엠더블유,20160927,6929,7054,6764,6861,12877,171040,0,7076,6950,7736,8509
A032500,케이엠더블유,20160926,7083,7228,6890,6890,16429,173797,0,7122,6972,7758,8523
A032500,케이엠더블유,20160923,7122,7238,7035,7083,29231,173910,0,7120,6995,7769,8536
A032500,케이엠더블유,20160922,7257,7296,7141,7248,6584,174699,0,7079,7016,7777,8545
A032500,케이엠더블유,20160921,7151,7296,7093,7296,28579,175064,0,6998,7018,7783,8547
A032500,케이엠더블유,20160920,6784,7161,6784,7093,15960,175972,0,6967,7030,7795,8551
A032500,케이엠더블유,20160919,6880,6919,6716,6880,19389,176732,0,6967,7055,7812,8556
A032500,케이엠더블유,20160913,6745,6909,6726,6880,23466,178597,0,7043,7101,7834,8564
A032500,케이엠더블유,20160912,6909,7132,6755,6842,24178,177905,0,7018,7148,7854,8571
A032500,케이엠더블유,20160909,7054,7267,6909,7141,14811,178124,0,7012,7204,7876,8580
A032500,케이엠더블유,20160908,7209,7305,6958,7093,20011,180010,0,6896,7244,7894,8587
A032500,케이엠더블유,20160907,6919,7325,6764,7257,63961,183746,0,6795,7292,7914,8592
A032500,케이엠더블유,20160906,6929,6929,6706,6755,12271,180879,0,6718,7335,7938,8598
A032500,케이엠더블유,20160905,6880,6948,6639,6813,25808,181306,0,6743,7404,7971,8610
A032500,케이엠더블유,20160902,6842,6842,6329,6561,31902,179688,0,6756,7471,8006,8621
A032500,케이엠더블유,20160901,6851,6861,6590,6590,18508,176585,0,6861,7554,8043,8635
A032500,케이엠더블유,20160831,6832,6880,6581,6871,21731,178273,0,7004,7637,8086,8649
A032500,케이엠더블유,20160830,6832,7161,6832,6880,16856,178456,0,7098,7706,8123,8661
A032500,케이엠더블유,20160829,7199,7199,6764,6880,35672,177494,0,7224,7770,8155,8671
A032500,케이엠더블유,20160826,7305,7305,7054,7083,20876,180065,0,7307,7839,8185,8682
A032500,케이엠더블유,20160825,7431,7431,7228,7305,26415,178391,0,7394,7891,8210,8690
A032500,케이엠더블유,20160824,7441,7566,7344,7344,24640,178700,0,7454,7930,8229,8692
A032500,케이엠더블유,20160823,7373,7586,7363,7508,11935,178697,0,7545,7964,8255,8693
A032500,케이엠더블유,20160822,7518,7518,7248,7296,29742,181296,0,7609,7985,8281,8693
A032500,케이엠더블유,20160819,7895,7895,7248,7518,46906,182144,0,7740,8032,8316,8691
A032500,케이엠더블유,20160818,7798,7856,7450,7605,32480,183150,0,7825,8076,8351,8685
A032500,케이엠더블유,20160817,7731,7876,7441,7798,82143,180022,-5500,7914,8093,8385,8678
A032500,케이엠더블유,20160816,7953,7992,7827,7827,22477,181736,0,7978,8102,8416,8671
A032500,케이엠더블유,20160812,7856,8021,7856,7953,11534,181552,0,8040,8116,8441,8663
A032500,케이엠더블유,20160811,8117,8117,7876,7943,35764,179267,0,8081,8134,8463,8653
A032500,케이엠더블유,20160810,8050,8175,8021,8050,19671,180106,0,8135,8158,8492,8643
A032500,케이엠더블유,20160809,8262,8262,7943,8117,18993,182229,0,8175,8175,8519,8632
A032500,케이엠더블유,20160808,8330,8398,8088,8137,11350,183426,0,8203,8190,8545,8622
A032500,케이엠더블유,20160805,8291,8291,8088,8156,19935,183252,0,8208,8203,8567,8611
A032500,케이엠더블유,20160804,8262,8311,8030,8214,27763,182556,0,8228,8223,8588,8601
A032500,케이엠더블유,20160803,8243,8320,8137,8253,18940,180397,0,8210,8242,8608,8593
A032500,케이엠더블유,20160802,8340,8340,8175,8253,20394,179274,0,8176,8256,8631,8582
A032500,케이엠더블유,20160801,8301,8320,8137,8166,21562,178507,0,8131,8280,8651,8570
A032500,케이엠더블유,20160729,8127,8581,8117,8253,54009,177938,0,8083,8312,8675,8559
A032500,케이엠더블유,20160728,8117,8127,8001,8127,18883,176010,0,8081,8334,8701,8547
A032500,케이엠더블유,20160727,8011,8108,7972,8079,19309,170026,0,8133,8367,8723,8538
A032500,케이엠더블유,20160726,8030,8146,7914,8030,20107,170556,0,8108,8372,8742,8534
A032500,케이엠더블유,20160725,8388,8388,7924,7924,44964,172606,0,8096,8349,8766,8530
A032500,케이엠더블유,20160722,8436,8446,8224,8243,30890,175420,0,8133,8330,8796,8524
A032500,케이엠더블유,20160721,8021,9905,7924,8388,383565,177944,0,8146,8298,8825,8512
A032500,케이엠더블유,20160720,7982,8059,7905,7953,9672,180563,0,8152,8281,8856,8500
A032500,케이엠더블유,20160719,8330,8330,7972,7972,12470,181039,0,8243,8288,8898,8487
A032500,케이엠더블유,20160718,8504,8504,8021,8108,21849,181096,0,8330,8300,8945,8474
A032500,케이엠더블유,20160715,8504,8581,8311,8311,19000,181419,0,8390,8297,8991,8458
A032500,케이엠더블유,20160714,8649,8649,8359,8417,10192,181455,0,8436,8289,9036,8443
A032500,케이엠더블유,20160713,8446,8571,8359,8407,14217,182297,0,8473,8280,9079,8429
A032500,케이엠더블유,20160712,8446,8552,8330,8407,9152,181681,0,8496,8276,9110,8414
A032500,케이엠더블유,20160711,8542,8697,8224,8407,24917,183636,0,8563,8290,9137,8400
A032500,케이엠더블유,20160708,8475,8639,8456,8542,12576,181673,0,8641,8306,9172,8386
A032500,케이엠더블유,20160707,8533,8687,8504,8600,21239,183488,0,8672,8325,9190,8370
A032500,케이엠더블유,20160706,8745,8794,8523,8523,18762,184769,0,8709,8335,9210,8354
A032500,케이엠더블유,20160705,8929,8929,8716,8745,12684,185760,0,8643,8367,9229,8339
A032500,케이엠더블유,20160704,8697,8803,8513,8794,17594,187223,0,8405,8382,9243,8324
A032500,케이엠더블유,20160701,8803,8900,8629,8697,28678,187853,0,8156,8382,9256,8309
A032500,케이엠더블유,20160630,8127,8784,8127,8784,40652,188329,0,7940,8381,9271,8294
A032500,케이엠더블유,20160629,7624,8494,7595,8195,70599,188302,0,7791,8371,9282,8278
A032500,케이엠더블유,20160628,7547,7595,7450,7557,13794,188138,0,7771,8386,9287,8267
A032500,케이엠더블유,20160627,7431,7740,7190,7547,25932,186568,0,7901,8453,9303,8262
A032500,케이엠더블유,20160624,8311,8311,7248,7615,44436,184929,0,8003,8529,9313,8255
A032500,케이엠더블유,20160623,8214,8214,7992,8040,16141,186166,0,8109,8618,9312,8249
A032500,케이엠더블유,20160622,8108,8272,8098,8098,7718,188489,0,8148,8696,9306,8238
A032500,케이엠더블유,20160621,8185,8378,8079,8204,16576,188607,0,8192,8773,9300,8226
A032500,케이엠더블유,20160620,8146,8282,8021,8059,15217,188603,0,8291,8845,9293,8213
A032500,케이엠더블유,20160617,7876,8272,7750,8146,73421,186887,0,8424,8910,9288,8199
A032500,케이엠더블유,20160616,8388,8388,8127,8233,21428,181601,0,8581,8966,9284,8185
A032500,케이엠더블유,20160615,8697,8755,8224,8320,23687,185413,0,8691,9037,9279,8169
A032500,케이엠더블유,20160614,8697,8745,8533,8697,18453,188446,0,8859,9107,9270,8152
A032500,케이엠더블유,20160613,8929,8929,8581,8726,26215,189467,0,8931,9155,9258,8132
A032500,케이엠더블유,20160610,8890,8997,8687,8929,23773,190947,-274,8945,9191,9248,8114
A032500,케이엠더블유,20160609,9161,9287,8716,8784,34578,191192,0,8894,9216,9236,8093
A032500,케이엠더블유,20160608,9055,9277,8987,9161,17180,193305,0,8854,9248,9227,8075
A032500,케이엠더블유,20160607,8794,9064,8774,9055,23030,194842,0,8720,9272,9211,8053
A032500,케이엠더블유,20160603,8687,8842,8523,8794,45695,193705,0,8687,9291,9198,8034
A032500,케이엠더블유,20160602,8417,8697,8417,8678,17139,193371,0,8743,9332,9187,8016
A032500,케이엠더블유,20160601,8378,8697,8378,8581,17237,192570,0,8886,9388,9178,7998
A032500,케이엠더블유,20160531,8890,8958,8349,8494,47618,191221,0,9091,9431,9170,7982
A032500,케이엠더블유,20160530,9151,9171,8832,8890,29643,189013,0,9320,9469,9155,7967
A032500,케이엠더블유,20160527,9470,9470,9064,9074,40998,187983,0,9470,9498,9131,7949
A032500,케이엠더블유,20160526,9567,9606,9258,9393,24623,187357,0,9526,9530,9105,7930
A032500,케이엠더블유,20160525,9664,9808,9470,9606,25818,186973,3000,9503,9558,9066,7905
A032500,케이엠더블유,20160524,9808,9808,9383,9635,12169,186777,0,9513,9590,9018,7877
A032500,케이엠더블유,20160523,9219,9664,9219,9644,26371,189475,0,9528,9632,8971,7848
A032500,케이엠더블유,20160520,9664,9664,9219,9354,12706,187479,0,9532,9691,8926,7818
A032500,케이엠더블유,20160519,9712,9712,9277,9277,22654,187318,0,9550,9767,8884,7792
A032500,케이엠더블유,20160518,9760,10002,9528,9654,26097,189325,0,9581,9852,8843,7766
A032500,케이엠더블유,20160517,9664,9905,9625,9712,21217,193515,0,9532,9920,8794,7736
A032500,케이엠더블유,20160516,9441,9953,9132,9664,66362,198769,3000,9519,9949,8745,7708
A032500,케이엠더블유,20160513,9432,9586,9374,9441,12346,199914,0,9472,9966,8699,7682
A032500,케이엠더블유,20160512,9557,9557,9258,9432,31670,201886,0,9507,10018,8655,7659
A032500,케이엠더블유,20160511,9644,9712,9383,9412,15291,203510,0,9582,10029,8615,7636
A032500,케이엠더블유,20160510,9422,9664,9287,9644,22473,204371,0,9586,10047,8578,7612
A032500,케이엠더블유,20160509,9644,9644,9287,9432,10007,200895,0,9509,10048,8532,7586
A032500,케이엠더블유,20160504,9857,9953,9538,9615,14700,201873,0,9517,10055,8490,7564
A032500,케이엠더블유,20160503,9615,10147,9519,9808,43215,208311,5000,9536,10054,8443,7541
A032500,케이엠더블유,20160502,9364,9519,9306,9432,29425,212070,-78,9565,10044,8393,7514
A032500,케이엠더블유,20160429,9519,9567,9200,9258,42784,213331,0,9727,10045,8352,7492
A032500,케이엠더블유,20160428,9905,9953,9422,9470,59247,208422,0,9973,10007,8326,7471
A032500,케이엠더블유,20160427,10002,10243,9664,9712,55536,211333,-45,10243,9959,8293,7450
A032500,케이엠더블유,20160426,10243,10243,9712,9953,71279,207884,0,10475,9882,8251,7427
A032500,케이엠더블유,20160425,10340,10533,9664,10243,93993,200806,0,10678,9759,8199,7405
A032500,케이엠더블유,20160422,10872,11113,10437,10485,71046,189470,0,10833,9632,8143,7380
A032500,케이엠더블유,20160421,10678,10968,10388,10823,65913,189811,35,10794,9494,8077,7353
A032500,케이엠더블유,20160420,11016,11113,10727,10872,54837,184161,0,10630,9343,8002,7321
A032500,케이엠더블유,20160419,11016,11403,10920,10968,118910,191627,0,10553,9189,7924,7289
A032500,케이엠더블유,20160418,10292,11306,10098,11016,119607,198445,0,10292,9034,7851,7257
A032500,케이엠더블유,20160415,9953,10485,9664,10292,62175,205496,0,10041,8881,7778,7225
A032500,케이엠더블유,20160414,10533,10582,9953,10002,61867,208512,37,9915,8756,7718,7200
A032500,케이엠더블유,20160412,9664,10582,9596,10485,119593,216517,0,9830,8653,7662,7178
A032500,케이엠더블유,20160411,9712,9953,9567,9664,30873,209513,0,9650,8536,7599,7152
A032500,케이엠더블유,20160408,9664,9953,9625,9760,31614,209660,0,9640,8463,7549,7132
A032500,케이엠더블유,20160407,9490,10050,9490,9664,35382,205977,-1,9581,8386,7497,7111
A032500,케이엠더블유,20160406,9480,9615,9287,9577,35816,209500,0,9347,8315,7450,7089
A032500,케이엠더블유,20160405,9664,10098,9519,9586,93613,203344,0,9132,8250,7406,7067
A032500,케이엠더블유,20160404,9316,9857,9093,9615,158092,204992,0,8848,8177,7362,7046
A032500,케이엠더블유,20160401,8591,10630,8504,9461,314410,200958,83,8427,8103,7317,7023
A032500,케이엠더블유,20160331,8591,8610,8311,8494,58501,201189,-7,8075,8035,7274,7003
A032500,케이엠더블유,20160330,8156,8600,7943,8504,182704,197628,156,7922,7990,7247,6990
A032500,케이엠더블유,20160329,7508,8301,7248,8166,67726,192423,0,7779,7937,7220,6977
A032500,케이엠더블유,20160328,7702,7702,7392,7508,34046,191583,0,7704,7904,7197,6967
A032500,케이엠더블유,20160325,7644,7798,7644,7702,9819,193893,0,7779,7880,7186,6962
A032500,케이엠더블유,20160324,7731,7876,7692,7731,16840,194868,0,7827,7834,7169,6954
A032500,케이엠더블유,20160323,7731,7914,7731,7789,8311,198853,0,7839,7786,7152,6944
A032500,케이엠더블유,20160322,7798,7963,7634,7789,24632,198865,0,7872,7744,7133,6935
A032500,케이엠더블유,20160321,7982,7982,7779,7885,20304,198816,0,7943,7698,7110,6927
A032500,케이엠더블유,20160318,7827,7943,7721,7943,25962,199899,0,8007,7642,7085,6918
A032500,케이엠더블유,20160317,7934,8059,7731,7789,60098,196175,0,8061,7580,7059,6909
A032500,케이엠더블유,20160316,8262,8262,7905,7953,27723,186877,0,8152,7532,7034,6901
A032500,케이엠더블유,20160315,8214,8311,8127,8146,16641,186375,0,8216,7478,7007,6892
A032500,케이엠더블유,20160314,8079,8359,8079,8204,59592,184365,0,8212,7410,6980,6880
A032500,케이엠더블유,20160311,8262,8301,7953,8214,49754,171679,0,8200,7351,6950,6868
A032500,케이엠더블유,20160310,8214,8359,8069,8243,61321,168890,-4,8177,7302,6922,6860
A032500,케이엠더블유,20160309,8127,8311,8059,8272,83300,166022,0,8046,7234,6895,6851
A032500,케이엠더블유,20160308,8253,8253,7895,8127,37794,156651,0,7880,7164,6869,6837
A032500,케이엠더블유,20160307,8117,8175,7953,8146,74689,158337,0,7758,7098,6845,6822
A032500,케이엠더블유,20160304,7624,8301,7489,8098,216291,150361,0,7534,7031,6818,6806
A032500,케이엠더블유,20160303,7605,7682,7354,7586,118676,137826,-25,7269,6976,6794,6792
A032500,케이엠더블유,20160302,7537,7547,7151,7441,114578,141117,0,7108,6982,6779,6781
A032500,케이엠더블유,20160229,7025,7566,7025,7518,149068,136246,0,7008,6985,6767,6772
A032500,케이엠더블유,20160226,6822,7045,6716,7025,73774,129570,0,6878,6967,6755,6764
A032500,케이엠더블유,20160225,6880,6880,6716,6774,12695,125859,0,6826,6959,6745,6761
A032500,케이엠더블유,20160224,6909,6996,6716,6784,51594,125470,0,6815,6964,6736,6761
A032500,케이엠더블유,20160223,7083,7170,6706,6938,78850,123812,0,6822,6950,6724,6757
A032500,케이엠더블유,20160222,6774,6977,6658,6871,40358,130273,0,6811,6920,6711,6754
A032500,케이엠더블유,20160219,6803,6803,6610,6764,34641,129099,0,6793,6886,6699,6751
A032500,케이엠더블유,20160218,6822,6880,6677,6716,33050,121909,7,6845,6876,6689,6749
A032500,케이엠더블유,20160217,7006,7006,6668,6822,21149,121336,0,6948,6874,6678,6751
A032500,케이엠더블유,20160216,6716,7122,6716,6880,30941,122478,0,6958,6866,6671,6759
A032500,케이엠더블유,20160215,7305,7305,6764,6784,38641,121263,0,6958,6856,6665,6772
A032500,케이엠더블유,20160212,7228,7344,6948,7025,37456,125678,0,6963,6852,6662,6787
A032500,케이엠더블유,20160211,6851,7528,6281,7228,98594,127910,0,6919,6832,6657,6801
A032500,케이엠더블유,20160205,6958,7199,6735,6871,44631,122803,0,6875,6804,6646,6814
A032500,케이엠더블유,20160204,6764,7006,6658,6880,38339,121970,0,7041,6801,6640,6830
A032500,케이엠더블유,20160203,6784,6987,6639,6813,28276,124432,0,7163,6804,6638,6846
A032500,케이엠더블유,20160202,7006,7151,6658,6803,45556,129651,0,7232,6810,6640,6863
A032500,케이엠더블유,20160201,7779,7779,6967,7006,70287,128454,0,7244,6816,6636,6881
A032500,케이엠더블유,20160129,7470,7740,7441,7702,132710,127540,0,7221,6811,6632,6896
A032500,케이엠더블유,20160128,7151,7489,7025,7489,71374,118763,0,6979,6769,6616,6908
A032500,케이엠더블유,20160127,6987,7190,6977,7161,109757,116212,0,6749,6739,6606,6918
A032500,케이엠더블유,20160126,6919,6958,6764,6861,28167,109220,0,6554,6719,6603,6930
A032500,케이엠더블유,20160125,6494,6938,6484,6890,66356,106023,-23,6496,6721,6611,6946
A032500,케이엠더블유,20160122,6339,6523,6329,6494,35277,98326,0,6451,6710,6617,6959
A032500,케이엠더블유,20160121,6184,6416,6165,6339,30224,108050,0,6488,6720,6628,6975
A032500,케이엠더블유,20160120,6484,6513,6088,6184,58318,108920,0,6554,6735,6640,6992
A032500,케이엠더블유,20160119,6590,6668,6378,6571,60817,114191,0,6658,6747,6655,7012
A032500,케이엠더블유,20160118,6677,6755,6445,6668,26995,114132,0,6672,6738,6664,7031
A032500,케이엠더블유,20160115,6929,7054,6658,6677,10609,115678,0,6670,6723,6672,7049
A032500,케이엠더블유,20160114,6619,6697,6281,6668,18954,116739,0,6695,6705,6682,7066
A032500,케이엠더블유,20160113,6561,6861,6281,6706,39351,116764,0,6749,6686,6693,7083
A032500,케이엠더블유,20160112,6658,6658,6368,6639,33789,114670,0,6795,6678,6704,7100
A032500,케이엠더블유,20160111,6774,6774,6532,6658,26228,116597,-57,6853,6668,6716,7120
A032500,케이엠더블유,20160108,6938,6938,6648,6803,27079,118952,0,6903,6661,6724,7144
A032500,케이엠더블유,20160107,6938,7025,6803,6938,20998,121010,0,6915,6652,6728,7166
A032500,케이엠더블유,20160106,6929,7006,6803,6938,25755,122577,-39,6903,6641,6729,7188
A032500,케이엠더블유,20160105,6909,7093,6745,6929,37644,116790,-2420,6869,6628,6730,7209
A032500,케이엠더블유,20160104,6861,7083,6832,6909,39521,118525,0,6863,6606,6730,7230
A032500,케이엠더블유,20151230,6822,7093,6561,6861,43553,115315,0,6815,6594,6731,7252
A032500,케이엠더블유,20151229,6764,6929,6764,6880,27388,111882,0,6784,6586,6733,7276
A032500,케이엠더블유,20151228,6977,6977,6677,6764,18468,120523,0,6735,6578,6734,7302
A032500,케이엠더블유,20151224,6610,6958,6494,6900,56933,123398,0,6666,6578,6737,7327
A032500,케이엠더블유,20151223,6706,6745,6600,6668,11389,122864,0,6563,6555,6737,7348
A032500,케이엠더블유,20151222,6639,6706,6436,6706,18780,119552,0,6505,6534,6739,7373
A032500,케이엠더블유,20151221,6455,6668,6291,6639,21752,116930,0,6426,6503,6736,7398
A032500,케이엠더블유,20151218,6300,6474,6204,6416,17452,112466,0,6354,6478,6737,7424
A032500,케이엠더블유,20151217,6397,6552,6349,6387,30252,110809,0,6383,6466,6744,7451
A032500,케이엠더블유,20151216,6349,6494,6329,6378,10254,110481,0,6391,6454,6751,7480
A032500,케이엠더블유,20151215,6368,6368,6213,6310,6652,111957,493,6422,6436,6759,7508
A032500,케이엠더블유,20151214,6503,6503,6088,6281,18939,112677,0,6484,6443,6768,7539
A032500,케이엠더블유,20151211,6474,6697,6474,6561,9792,115462,677,6571,6454,6778,7568
A032500,케이엠더블유,20151210,6764,6774,6426,6426,32946,114517,-3700,6592,6457,6781,7594
A032500,케이엠더블유,20151209,6552,6735,6407,6532,29459,116101,1337,6606,6470,6786,7620
A032500,케이엠더블유,20151208,6668,6764,6571,6619,16605,115227,1721,6635,6471,6798,7642
A032500,케이엠더블유,20151207,6658,6755,6571,6716,12019,119992,625,6650,6467,6806,7665
A032500,케이엠더블유,20151204,6407,6668,6407,6668,21351,118765,29,6652,6468,6805,7683
A032500,케이엠더블유,20151203,6677,6697,6494,6494,12928,115853,111,6672,6483,6800,7700
A032500,케이엠더블유,20151202,6668,6764,6494,6677,20744,116695,-75,6658,6486,6795,7717
A032500,케이엠더블유,20151201,6619,6697,6329,6697,27256,114990,-158,6573,6492,6789,7735
A032500,케이엠더블유,20151130,6629,6842,6571,6726,19479,116533,-80,6451,6493,6783,7754
A032500,케이엠더블유,20151127,6484,6890,6474,6764,55450,113844,142,6333,6501,6777,7772
A032500,케이엠더블유,20151126,6252,6465,6184,6426,30970,112740,-15,6215,6513,6774,7793
A032500,케이엠더블유,20151125,6136,6300,6059,6252,40754,105309,-198,6161,6559,6777,7822
A032500,케이엠더블유,20151124,6107,6223,6040,6088,35371,95448,-6,6115,6609,6785,7850
A032500,케이엠더블유,20151123,6107,6262,6068,6136,24564,95310,37,6186,6662,6790,7879
A032500,케이엠더블유,20151120,6165,6194,6088,6175,35381,96202,1963,6260,6706,6798,7912
A032500,케이엠더블유,20151119,6068,6165,6030,6155,47891,90518,-7,6350,6752,6803,7948
A032500,케이엠더블유,20151118,6368,6445,6001,6020,103341,87385,-6062,6457,6799,6808,7983
A032500,케이엠더블유,20151117,6474,6571,6368,6445,25375,90739,0,6563,6856,6825,8007
A032500,케이엠더블유,20151116,6397,6658,6088,6503,61428,94534,8,6581,6898,6847,8024
A032500,케이엠더블유,20151113,6590,6706,6387,6629,15488,97034,8,6627,6941,6878,8039
A032500,케이엠더블유,20151112,6571,6755,6455,6687,23981,98329,19,6693,6976,6912,8052
A032500,케이엠더블유,20151111,6387,6561,6387,6552,17850,96702,0,6670,7009,6946,8063
A032500,케이엠더블유,20151110,6494,6726,6378,6532,39136,96669,15,6716,7039,6981,8076
A032500,케이엠더블유,20151109,6958,6996,6735,6735,19284,97945,7,6753,7065,7019,8086
A032500,케이엠더블유,20151106,6484,6958,6484,6958,39950,99300,2,6784,7078,7055,8101
A032500,케이엠더블유,20151105,6726,6784,6571,6571,24514,97255,-2,6793,7080,7087,8118
A032500,케이엠더블유,20151104,6716,6803,6600,6784,14606,96341,7,6948,7098,7127,8140
A032500,케이엠더블유,20151103,6861,6890,6639,6716,30845,94697,-25,7041,7108,7161,8159
A032500,케이엠더블유,20151102,7035,7045,6793,6890,20060,96636,2,7128,7121,7200,8179
A032500,케이엠더블유,20151030,7392,7392,6958,7006,25027,100929,4,7153,7124,7230,8203
A032500,케이엠더블유,20151029,7248,7354,7209,7344,22685,104643,14,7172,7119,7257,8229
A032500,케이엠더블유,20151028,7431,7431,7112,7248,37038,104112,-174,7122,7099,7280,8252
A032500,케이엠더블유,20151027,6967,7151,6958,7151,26334,106247,-14,7103,7073,7300,8272
A032500,케이엠더블유,20151026,7132,7151,6987,7016,19884,104026,-104,7130,7044,7321,8298
A032500,케이엠더블유,20151023,7064,7344,6987,7103,21693,104790,-21,7199,7027,7344,8328
A032500,케이엠더블유,20151022,7083,7209,7083,7093,13773,105315,0,7247,7015,7369,8358
A032500,케이엠더블유,20151021,7286,7412,7151,7151,18299,103634,-21,7298,7000,7398,8391
A032500,케이엠더블유,20151020,7363,7363,6919,7286,26621,104502,-83,7298,6986,7425,8426
A032500,케이엠더블유,20151019,7373,7489,7344,7363,17037,102006,0,7251,6963,7451,8458
A032500,케이엠더블유,20151016,7344,7470,7305,7344,32506,101528,-23,7178,6938,7472,8489
A032500,케이엠더블유,20151015,7228,7537,7093,7344,54346,102753,0,7108,6908,7496,8528
A032500,케이엠더블유,20151014,7103,7170,7016,7151,23718,101631,0,7025,6879,7525,8572
A032500,케이엠더블유,20151013,6967,7199,6967,7054,35606,99428,-2774,6992,6882,7564,8619
A032500,케이엠더블유,20151012,6996,7064,6880,6996,20183,91451,0,6975,6887,7603,8673
A032500,케이엠더블유,20151008,6890,6996,6890,6996,16976,91160,-605,6965,6870,7646,8725
A032500,케이엠더블유,20151007,7025,7025,6784,6929,35003,86941,154,6946,6836,7688,8780
A032500,케이엠더블유,20151006,7035,7054,6909,6987,32921,84982,123,6950,6801,7730,8834
A032500,케이엠더블유,20151005,7083,7083,6842,6967,29011,85079,2774,6900,6768,7773,8891
A032500,케이엠더블유,20151002,6958,7190,6900,6948,18331,84106,0,6820,6735,7820,8947
A032500,케이엠더블유,20151001,7035,7054,6803,6900,20737,85826,142,6764,6705,7869,9006
A032500,케이엠더블유,20150930,6764,6996,6668,6948,38980,83686,0,6757,6690,7917,9065
A032500,케이엠더블유,20150925,6610,7586,6552,6735,178058,82806,0,6728,6674,7960,9123
A032500,케이엠더블유,20150924,6629,6832,6513,6571,29073,83917,0,6755,6674,8008,9183
A032500,케이엠더블유,20150923,6822,6832,6648,6668,31815,85730,0,6807,6664,8060,9239
A032500,케이엠더블유,20150922,6803,6919,6774,6861,15997,89265,0,6844,6661,8111,9295
A032500,케이엠더블유,20150921,6871,6948,6745,6803,27900,88668,0,6822,6642,8158,9348
A032500,케이엠더블유,20150918,6871,6977,6813,6871,31256,89656,0,6815,6625,8210,9402
A032500,케이엠더블유,20150917,6813,6919,6784,6832,31416,81013,0,6882,6632,8257,9458
A032500,케이엠더블유,20150916,6755,6929,6755,6851,33199,81831,-13,6944,6680,8310,9515
A032500,케이엠더블유,20150915,6764,6784,6590,6755,23355,83839,0,6905,6756,8359,9578
A032500,케이엠더블유,20150914,7122,7180,6764,6764,77607,83021,0,6818,6852,8408,9638
A032500,케이엠더블유,20150911,7199,7267,6938,7209,101668,88297,0,6712,6948,8454,9699
A032500,케이엠더블유,20150910,6571,8407,6474,7141,391660,83475,0,6536,7023,8487,9758
A032500,케이엠더블유,20150909,6349,6880,6349,6658,60229,96941,0,6370,7106,8524,9818
A032500,케이엠더블유,20150908,6233,6378,6223,6320,34997,91772,5293,6308,7216,8560,9885
A032500,케이엠더블유,20150907,6378,6397,6233,6233,15508,92467,0,6364,7344,8600,9971
A032500,케이엠더블유,20150904,6378,6397,6281,6329,40301,93781,1675,6441,7481,8639,10056
A032500,케이엠더블유,20150903,6378,6416,6252,6310,36298,92840,-171,6521,7605,8681,10141
A032500,케이엠더블유,20150902,6436,6542,6271,6349,83628,92707,-765,6536,7742,8726,10225
A032500,케이엠더블유,20150901,6542,6716,6349,6600,37842,93018,0,6586,7860,8766,10308
A032500,케이엠더블유,20150831,6726,6755,6310,6619,57520,97071,0,6561,7963,8811,10384
A032500,케이엠더블유,20150828,6455,6958,6378,6726,139974,101098,19,6530,8068,8867,10458
A032500,케이엠더블유,20150827,6668,6706,6368,6387,70958,91840,103,6588,8153,8915,10537
A032500,케이엠더블유,20150826,6542,6851,6484,6600,53930,98594,7,6869,8255,8968,10620
A032500,케이엠더블유,20150825,6368,6532,6252,6474,212414,103576,-15329,7223,8344,9027,10701
A032500,케이엠더블유,20150824,6861,7016,6068,6465,133204,107401,-1059,7665,8451,9094,10785
A032500,케이엠더블유,20150821,6813,7470,6813,7016,126360,121567,824,8108,8568,9158,10864
A032500,케이엠더블유,20150820,8513,8629,7702,7789,192857,134474,-5004,8446,8658,9190,10935
A032500,케이엠더블유,20150819,8823,8852,8224,8369,49656,123006,-191,8647,8710,9201,10999
A032500,케이엠더블유,20150818,8678,8881,8446,8687,54025,121230,-3887,8747,8723,9200,11057
A032500,케이엠더블유,20150817,8533,8794,8436,8678,30025,118212,0,8784,8728,9192,11110
A032500,케이엠더블유,20150813,8900,8900,8687,8707,32699,117175,0,8844,8748,9180,11164
A032500,케이엠더블유,20150812,8968,8968,8504,8794,46731,113950,0,8865,8786,9171,11220
A032500,케이엠더블유,20150811,8968,9026,8794,8871,27155,108245,-14,8917,8818,9153,11277
A032500,케이엠더블유,20150810,9142,9142,8832,8871,20390,106710,37,8883,8853,9147,11330
A032500,케이엠더블유,20150807,8977,9045,8784,8977,63206,106407,0,8842,8883,9150,11387
A032500,케이엠더블유,20150806,9142,9142,8745,8813,25906,101203,0,8792,8908,9154,11441
A032500,케이엠더블유,20150805,8745,9180,8504,9055,59343,102933,0,8713,8946,9158,11495
A032500,케이엠더블유,20150804,8571,8697,8504,8697,18569,96795,0,8585,8982,9158,11544
A032500,케이엠더블유,20150803,8813,8813,8600,8668,9324,94900,0,8525,9042,9177,11599
A032500,케이엠더블유,20150731,8320,8842,8320,8726,53444,95749,0,8514,9097,9201,11656
A032500,케이엠더블유,20150730,8475,8687,8224,8417,36186,89602,-3,8529,9136,9223,11711
A032500,케이엠더블유,20150729,8398,8658,8340,8417,43602,82974,115,8608,9199,9243,11769
A032500,케이엠더블유,20150728,8571,8571,7963,8398,32465,91725,0,8691,9261,9276,11828
A032500,케이엠더블유,20150727,8629,8774,8581,8610,38522,92528,220,8737,9329,9313,11898
A032500,케이엠더블유,20150724,8736,8919,8697,8803,33685,101368,0,8770,9382,9347,11968
A032500,케이엠더블유,20150723,8890,8890,8639,8813,49255,106214,-396,8826,9437,9385,12038
A032500,케이엠더블유,20150722,8562,8939,8552,8832,59418,105450,52,8958,9482,9427,12107
A032500,케이엠더블유,20150721,8716,8842,8591,8629,86964,97600,-462,9078,9540,9464,12178
A032500,케이엠더블유,20150720,8987,9074,8629,8774,130413,92069,-462,9265,9599,9507,12247
A032500,케이엠더블유,20150717,9567,9567,8939,9084,121492,88875,-462,9407,9644,9560,12319
A032500,케이엠더블유,20150716,9383,9606,9345,9470,90881,96827,0,9484,9666,9619,12389
A032500,케이엠더블유,20150715,9712,9712,9238,9432,94476,88525,0,9507,9652,9674,12455
A032500,케이엠더블유,20150714,9499,9857,9499,9567,88098,93292,-574,9573,9647,9742,12517
A032500,케이엠더블유,20150713,9654,9654,9354,9480,57012,80958,0,9640,9611,9804,12574
A032500,케이엠더블유,20150710,9586,9808,9470,9470,51651,78952,0,9696,9573,9873,12633
A032500,케이엠더블유,20150709,9422,9664,9142,9586,84763,80509,0,9706,9527,9938,12685
A032500,케이엠더블유,20150708,10098,10098,9644,9760,86257,75420,6002,9722,9491,10008,12738
A032500,케이엠더블유,20150707,10147,10195,9712,9905,194847,78924,0,9702,9453,10075,12792
A032500,케이엠더블유,20150706,9953,10437,9664,9760,376861,77725,-1000,9673,9397,10143,12847
A032500,케이엠더블유,20150703,9635,9760,9480,9519,76901,71916,0,9654,9374,10213,12903
A032500,케이엠더블유,20150702,9712,9760,9490,9664,115925,73014,92,9731,9395,10287,12962
A032500,케이엠더블유,20150701,9760,10002,9644,9664,271540,74361,0,9741,9392,10357,13021
A032500,케이엠더블유,20150630,9760,9808,9615,9760,85529,66148,1998,9809,9388,10418,13074
A032500,케이엠더블유,20150629,9905,9905,9519,9664,122612,62005,0,9818,9408,10479,13124
A032500,케이엠더블유,20150626,9712,9905,9325,9905,176658,62967,-11515,9818,9449,10537,13170
A032500,케이엠더블유,20150625,10002,10002,9654,9712,110853,67305,-7853,9743,9468,10594,13214
A032500,케이엠더블유,20150624,9905,10050,9664,10002,91871,68498,0,9636,9431,10660,13259
A032500,케이엠더블유,20150623,9712,10050,9654,9808,75799,68147,-6900,9505,9351,10721,13302
A032500,케이엠더블유,20150622,9567,9953,9451,9664,112418,67283,0,9314,9278,10797,13346
A032500,케이엠더블유,20150619,9190,9615,9142,9528,75361,67444,0,9124,9206,10869,13392
A032500,케이엠더블유,20150618,9412,9664,9180,9180,103603,64624,270,8929,9125,10944,13436
A032500,케이엠더블유,20150617,8987,9461,8919,9345,74038,87793,0,8863,9075,11029,13483
A032500,케이엠더블유,20150616,8600,8987,8600,8852,54506,92647,0,8798,8994,11112,13529
A032500,케이엠더블유,20150615,8610,9016,8581,8716,75668,93806,452,8784,8976,11209,13579
A032500,케이엠더블유,20150612,8842,8939,8542,8552,87028,82541,0,8898,8994,11342,13630
A032500,케이엠더블유,20150611,9016,9171,8813,8852,75948,76040,-21819,9178,9028,11473,13678
A032500,케이엠더블유,20150610,8784,9664,8716,9016,165465,89455,-32156,9329,9036,11602,13724
A032500,케이엠더블유,20150609,9306,9306,8600,8784,222795,76101,-34020,9441,9040,11725,13771
A032500,케이엠더블유,20150608,10243,10243,9190,9287,194038,72560,-64858,9714,9091,11849,13809
A032500,케이엠더블유,20150605,9760,10050,9567,9953,127482,87248,1154,9954,9132,11957,13844
A032500,케이엠더블유,20150604,9808,10098,9528,9606,134624,88040,-621,10021,9136,12049,13873
A032500,케이엠더블유,20150603,10147,10388,9577,9577,199227,95038,496,9896,9139,12160,13898
A032500,케이엠더블유,20150602,10485,10678,9857,10147,211868,106480,240,9662,9177,12272,13925
A032500,케이엠더블유,20150601,10050,11306,10050,10485,455782,107115,200,9300,9202,12375,13946
A032500,케이엠더블유,20150529,9122,10292,9064,10292,592582,124209,66678,8846,9211,12476,13962
A032500,케이엠더블유,20150528,8552,8997,8465,8977,176148,156624,19425,8370,9250,12570,13982
A032500,케이엠더블유,20150527,8214,8562,8021,8407,87821,168875,174,8210,9369,12680,14014
A032500,케이엠더블유,20150526,8204,8475,8204,8340,57833,173541,6522,8075,9502,12797,14046
A032500,케이엠더블유,20150522,7876,8272,7876,8214,131730,186920,0,8108,9643,12914,14079
A032500,케이엠더블유,20150521,8233,8243,7731,7914,183937,195731,-82665,8280,9831,13027,14112
A032500,케이엠더블유,20150520,7837,8214,7789,8175,174207,205421,322,8541,10066,13148,14151
A032500,케이엠더블유,20150519,8465,8504,7731,7731,339445,206660,-22078,8711,10295,13270,14192
A032500,케이엠더블유,20150518,9074,9151,8427,8504,153900,180388,54,8981,10585,13401,14236
A032500,케이엠더블유,20150515,9229,9267,9006,9074,80875,189646,187,9242,10824,13513,14279
A032500,케이엠더블유,20150514,9045,9374,9026,9219,91105,195324,62,9447,11052,13625,14315
A032500,케이엠더블유,20150513,9074,9267,8881,9026,146699,201084,93,9613,11258,13727,14344
A032500,케이엠더블유,20150512,9644,9712,9035,9084,341906,183024,-40876,9741,11497,13833,14376
A032500,케이엠더블유,20150511,10195,10485,9808,9808,152079,177701,29,9992,11732,13930,14407
A032500,케이엠더블유,20150508,10002,10195,9953,10098,54525,182086,0,10156,11942,14022,14431
A032500,케이엠더블유,20150507,9528,10050,9528,10050,133617,187997,-3110,10272,12135,14111,14455
A032500,케이엠더블유,20150506,10243,10340,9664,9664,229380,161593,-7073,10475,12328,14200,14468
A032500,케이엠더블유,20150504,10582,10823,10340,10340,81224,169952,0,10814,12539,14295,14485
A032500,케이엠더블유,20150430,10630,10727,10388,10630,124142,186992,-3,10959,12688,14380,14496
A032500,케이엠더블유,20150429,11016,11065,10437,10678,280324,189603,-17861,11065,12828,14484,14504
A032500,케이엠더블유,20150428,11210,11355,10823,11065,117871,158137,-1565,11326,12952,14590,14511
A032500,케이엠더블유,20150427,11113,11403,10920,11355,103148,164590,-1501,11635,13063,14691,14511
A032500,케이엠더블유,20150424,11306,11306,10775,11065,134079,163026,-370,11915,13179,14787,14506
A032500,케이엠더블유,20150423,11983,12080,10727,11161,379383,157024,-8043,12408,13309,14891,14504
A032500,케이엠더블유,20150422,12563,12756,11886,11983,253446,144183,-27380,12833,13469,14987,14501
A032500,케이엠더블유,20150421,12804,12901,12466,12611,138612,142980,-1344,13162,13570,15077,14494
A032500,케이엠더블유,20150420,13529,13674,12611,12756,166575,142877,92,13307,13640,15159,14480
A032500,케이엠더블유,20150417,13481,13722,13094,13529,135228,145560,3480,13520,13718,15236,14465
A032500,케이엠더블유,20150416,13722,13722,13046,13288,126726,136859,-1630,13568,13756,15292,14445
A032500,케이엠더블유,20150415,13239,13674,13143,13626,76113,136490,-60,13713,13826,15344,14426
A032500,케이엠더블유,20150414,13722,13964,13239,13336,67704,131565,-60,13780,13978,15393,14400
A032500,케이엠더블유,20150413,13481,14061,13481,13819,82873,133414,-10,13896,14133,15432,14379
A032500,케이엠더블유,20150410,13867,14109,13529,13771,128892,131287,-31797,13906,14271,15468,14353
A032500,케이엠더블유,20150409,13964,14109,13626,14012,63682,131649,0,13819,14404,15509,14328
A032500,케이엠더블유,20150408,13916,14254,13771,13964,74160,107786,-8790,13703,14515,15550,14303
A032500,케이엠더블유,20150407,14109,14351,13722,13916,216832,98950,-85275,13539,14604,15592,14277
A032500,케이엠더블유,20150406,13288,13867,13288,13867,52805,85022,-1660,13413,14682,15637,14247
A032500,케이엠더블유,20150403,13529,13577,13288,13336,37579,85351,-6007,13375,14802,15685,14221
A032500,케이엠더블유,20150402,13143,13674,12998,13432,62181,84189,412,13442,14950,15730,14198
A032500,케이엠더블유,20150401,13239,13481,12998,13143,66102,84929,-70,13626,15095,15770,14168
A032500,케이엠더블유,20150331,13771,13771,13191,13288,78710,81725,-14,13800,15264,15803,14139
A032500,케이엠더블유,20150330,13529,14109,13336,13674,65079,83241,600,13945,15397,15835,14115
A032500,케이엠더블유,20150327,14351,14351,13336,13674,137810,78942,-42769,14070,15491,15859,14086
A032500,케이엠더블유,20150326,13771,15124,13771,14351,162984,80128,-53049,14196,15580,15883,14054
A032500,케이엠더블유,20150325,13916,14351,13819,14012,42908,76130,-1,14263,15631,15896,14018
A032500,케이엠더블유,20150324,14544,14544,13819,14012,76609,75411,-20092,14795,15679,15915,13990
A032500,케이엠더블유,20150323,14496,14544,13529,14302,216353,84871,-6555,15278,15737,15929,13963
A032500,케이엠더블유,20150320,14496,14979,14109,14302,144806,74618,-778,15732,15798,15938,13940
A032500,케이엠더블유,20150319,16477,16912,14206,14689,633975,73674,-82049,16158,15863,15946,13921
A032500,케이엠더블유,20150318,16477,16767,16332,16670,50184,90342,88,16467,15887,15948,13903
A032500,케이엠더블유,20150317,16622,16718,16428,16428,41550,89812,-35,16283,15844,15918,13870
A032500,케이엠더블유,20150316,16477,16622,16235,16573,25385,92260,-117,16090,15790,15884,13837
A032500,케이엠더블유,20150313,16477,16477,16090,16428,29460,88910,719,16032,15730,15846,13803
A032500,케이엠더블유,20150312,15800,16332,15655,16235,89234,94959,21844,16003,15655,15817,13774
A032500,케이엠더블유,20150311,15075,15752,14882,15752,98488,97077,19710,16022,15609,15770,13750
A032500,케이엠더블유,20150310,16428,16428,15414,15462,100293,87001,-20394,16177,15595,15731,13730
A032500,케이엠더블유,20150309,16042,16283,15752,16283,30565,90815,95,16274,15590,15696,13714
A032500,케이엠더블유,20150306,16283,16670,16090,16283,46357,88219,-1995,16129,15544,15636,13692
A032500,케이엠더블유,20150305,16670,16670,16090,16332,33525,83678,0,15965,15503,15579,13670
A032500,케이엠더블유,20150304,16138,16670,15848,16525,88113,81163,10177,15771,15530,15517,13651
A032500,케이엠더블유,20150303,15365,16718,15365,15945,114004,81950,-15486,15462,15554,15449,13630
A032500,케이엠더블유,20150302,15365,15559,14351,15559,190863,78022,10006,15307,15614,15393,13614
A032500,케이엠더블유,20150227,15365,15704,14882,15462,59470,81706,-18484,15298,15691,15348,13601
A032500,케이엠더블유,20150226,15075,15510,14834,15365,44274,78673,-329,15327,15783,15295,13588
A032500,케이엠더블유,20150225,15269,15365,14640,14979,50301,77175,-5178,15288,15860,15244,13575
A032500,케이엠더블유,20150224,15607,15704,15172,15172,34738,78711,-7051,15452,15981,15198,13566
A032500,케이엠더블유,20150223,15462,15848,15220,15510,34119,83851,-7156,15491,16100,15154,13552
A032500,케이엠더블유,20150217,15172,15607,14979,15607,37457,84468,3775,15462,16192,15114,13535
A032500,케이엠더블유,20150216,15848,16138,15172,15172,77692,90845,-30192,15326,16257,15071,13519
A032500,케이엠더블유,20150213,15365,15800,15124,15800,45469,97435,-161,15355,16320,15046,13504
A032500,케이엠더블유,20150212,15559,15559,14979,15365,30540,98292,265,15288,16358,15006,13486
A032500,케이엠더블유,20150211,15075,15462,14785,15365,26644,98898,2995,15288,16373,14962,13475
A032500,케이엠더블유,20150210,15317,15365,14737,14930,40040,94480,-9688,15288,16404,14918,13465
A032500,케이엠더블유,20150209,15462,15462,14640,15317,117006,94404,25073,15394,16467,14885,13455
A032500,케이엠더블유,20150206,15365,15559,15172,15462,32047,90652,-206,15703,16525,14840,13436
A032500,케이엠더블유,20150205,15220,15510,14785,15365,92787,93266,27164,16013,16576,14798,13417
A032500,케이엠더블유,20150204,15462,15704,14834,15365,279313,88361,-91644,16370,16641,14736,13399
A032500,케이엠더블유,20150203,16767,16815,15414,15462,144941,62012,-14369,16718,16709,14675,13382
A032500,케이엠더블유,20150202,17491,17588,16622,16863,54659,55250,-3835,17085,16738,14612,13366
A032500,케이엠더블유,20150130,17153,17250,16767,17008,29063,60356,-3773,17095,16684,14523,13338
A032500,케이엠더블유,20150129,16960,17153,16767,17153,34881,65212,-5577,17173,16593,14432,13309
A032500,케이엠더블유,20150128,17298,17298,16912,17105,28134,63860,-8690,17250,16494,14330,13289
A032500,케이엠더블유,20150127,16912,17395,16718,17298,30671,62909,9954,17298,16395,14224,13271
A032500,케이엠더블유,20150126,17395,17491,16525,16912,40042,61465,-11129,17221,16286,14116,13253
A032500,케이엠더블유,20150123,17443,17685,17105,17395,93272,59209,39753,17124,16196,14016,13239
A032500,케이엠더블유,20150122,17443,17588,17153,17540,109166,70191,47575,16960,16085,13911,13217
A032500,케이엠더블유,20150121,16718,17395,16525,17346,142848,74714,90650,16583,15950,13801,13197
A032500,케이엠더블유,20150120,16332,17105,16332,16912,122117,77197,-15105,16312,15824,13695,13180
A032500,케이엠더블유,20150119,16622,16670,16235,16428,42906,90384,-6041,16167,15718,13598,13166
A032500,케이엠더블유,20150116,15655,16718,15462,16573,127110,94763,22975,16177,15638,13508,13155
A032500,케이엠더블유,20150115,15993,16187,15510,15655,114806,95248,-57686,16158,15551,13408,13137
A032500,케이엠더블유,20150114,16042,16525,15752,15993,90236,95895,-16050,16361,15489,13326,13125
A032500,케이엠더블유,20150113,16477,16670,16187,16187,76168,91819,-25376,16506,15404,13238,13104
A032500,케이엠더블유,20150112,16428,16573,16042,16477,137109,86655,-17656,16477,15329,13147,13080
A032500,케이엠더블유,20150109,16573,16815,16283,16477,110163,71112,-18592,16341,15174,13057,13054
A032500,케이엠더블유,20150108,16670,16863,16283,16670,141224,67847,5505,16080,15022,12963,13027
A032500,케이엠더블유,20150107,16380,16863,16138,16718,107535,66000,27165,15781,14858,12857,13004
A032500,케이엠더블유,20150106,15800,16622,15655,16042,150695,62903,36670,15462,14655,12758,12982
A032500,케이엠더블유,20150105,14979,15848,14979,15800,103948,70726,47954,15278,14496,12666,12965
A032500,케이엠더블유,20150102,15269,15269,14834,15172,95481,71617,-3242,15143,14336,12567,12950
A032500,케이엠더블유,20141230,15172,15269,15027,15172,32466,68844,-8795,15143,14201,12475,12940
A032500,케이엠더블유,20141229,15124,15317,15075,15124,34165,70920,-5000,15076,14073,12395,12927
A032500,케이엠더블유,20141226,15124,15269,14979,15124,47704,69764,17617,15018,13959,12314,12917
A032500,케이엠더블유,20141224,15027,15269,15027,15124,50664,71089,9111,14950,13817,12224,12911
A032500,케이엠더블유,20141223,14882,15220,14737,15172,65392,72898,-3233,14892,13674,12140,12904
A032500,케이엠더블유,20141222,14737,14979,14689,14834,67332,71012,39983,14824,13527,12064,12891
A032500,케이엠더블유,20141219,14785,14930,14640,14834,41628,71381,15610,14737,13413,11997,12878
A032500,케이엠더블유,20141218,15027,15124,14351,14785,136476,63726,7566,14631,13326,11942,12865
A032500,케이엠더블유,20141217,14882,15269,14689,14834,166805,66795,73769,14612,13237,11896,12852
A032500,케이엠더블유,20141216,14447,14834,14206,14834,103641,65792,20907,14322,13179,11858,12841
A032500,케이엠더블유,20141215,14061,14544,14061,14399,52747,74344,2269,14041,13109,11822,12831
A032500,케이엠더블유,20141212,14689,14737,14206,14302,124404,76439,-6916,13838,13024,11789,12829
A032500,케이엠더블유,20141211,13432,14737,13143,14689,305537,88738,43079,13510,12947,11760,12829
A032500,케이엠더블유,20141210,13288,13529,12901,13384,69192,88612,7370,13142,12857,11731,12818
A032500,케이엠더블유,20141209,13239,13722,13239,13432,59068,95127,1900,12988,12821,11730,12822
A032500,케이엠더블유,20141208,12659,13529,12659,13384,127949,97663,41180,12795,12797,11729,12825
A032500,케이엠더블유,20141205,12949,12949,12659,12659,26178,94629,-3876,12640,12710,11732,12835
A032500,케이엠더블유,20141204,12659,13046,12514,12853,52981,96829,8502,12679,12662,11748,12852
A032500,케이엠더블유,20141203,12514,12853,12369,12611,38368,92650,-1708,12563,12601,11762,12871
A032500,케이엠더블유,20141202,12466,12708,12273,12466,41324,94647,-3738,12495,12548,11785,12892
A032500,케이엠더블유,20141201,12998,12998,12466,12611,40722,96503,-470,12447,12502,11810,12910
A032500,케이엠더블유,20141128,12418,12901,12321,12853,98132,101806,6242,12437,12425,11835,12929
A032500,케이엠더블유,20141127,12273,12708,12176,12273,48880,106112,6450,12485,12319,11853,12953
A032500,케이엠더블유,20141126,12418,12756,12080,12273,98539,106266,10542,12630,12246,11881,12981
A032500,케이엠더블유,20141125,12418,13046,12224,12224,161845,100404,-9052,12911,12176,11907,13014
A032500,케이엠더블유,20141124,13094,13094,11886,12563,249424,125376,18883,13152,12121,11934,13049
A032500,케이엠더블유,20141121,12853,13094,12563,13094,63571,124794,-1100,13181,12038,11950,13089
A032500,케이엠더블유,20141120,13674,13722,12901,12998,120241,114777,-35485,13114,11935,11957,13127
A032500,케이엠더블유,20141119,13529,13819,13288,13674,93387,121267,3182,13094,11840,11967,13167
A032500,케이엠더블유,20141118,12514,13481,12418,13432,118661,125905,45468,12891,11707,11963,13194
A032500,케이엠더블유,20141117,12756,12949,11935,12708,141432,128033,10109,12795,11562,11967,13211
A032500,케이엠더블유,20141114,12756,12998,12563,12756,60504,129964,-7979,12582,11466,11988,13235
A032500,케이엠더블유,20141113,12756,13094,12369,12901,100195,134074,0,12369,11364,12013,13259
A032500,케이엠더블유,20141112,12949,13046,12466,12659,119612,134118,9741,12118,11256,12025,13284
A032500,케이엠더블유,20141111,11596,13143,11451,12949,300334,134992,38369,11896,11176,12033,13317
A032500,케이엠더블유,20141110,11645,11790,11355,11645,50303,132158,-149,11616,11070,12036,13345
A032500,케이엠더블유,20141107,11596,11741,11355,11693,74557,131404,-11307,11500,11002,12061,13384
A032500,케이엠더블유,20141106,11838,11983,11355,11645,122231,135179,-9767,11307,10956,12089,13420
A032500,케이엠더블유,20141105,11645,11693,11355,11548,65505,142473,10000,11142,10901,12120,13458
A032500,케이엠더블유,20141104,11258,11645,10872,11548,164067,148953,43306,11007,10816,12153,13495
A032500,케이엠더블유,20141103,10727,11113,9953,11065,160652,155389,51620,10920,10721,12186,13531
A032500,케이엠더블유,20141031,10823,10823,10630,10727,19456,166863,-695,10891,10687,12248,13574
A032500,케이엠더블유,20141030,11016,11016,10630,10823,48353,167257,0,10949,10663,12319,13625
A032500,케이엠더블유,20141029,11113,11113,10630,10872,43535,161937,3615,11007,10610,12389,13676
A032500,케이엠더블유,20141028,10920,11161,10823,11113,35930,164090,2475,11036,10569,12463,13725
A032500,케이엠더블유,20141027,11016,11161,10775,10920,45451,170824,2320,10920,10545,12522,13773
A032500,케이엠더블유,20141024,11113,11306,10678,11016,53636,172319,-10000,10891,10540,12594,13825
A032500,케이엠더블유,20141023,11210,11645,11016,11113,115859,169974,-20000,10833,10564,12664,13876
A032500,케이엠더블유,20141022,10630,11161,10340,11016,114594,179636,-1682,10756,10610,12734,13929
A032500,케이엠더블유,20141021,10823,10872,10292,10533,69829,176326,2818,10765,10687,12802,13985
A032500,케이엠더블유,20141020,11065,11065,10485,10775,70264,177265,-8165,10823,10796,12867,14045
A032500,케이엠더블유,20141017,10727,11258,10582,10727,121960,172516,-11019,10727,10878,12924,14104
A032500,케이엠더블유,20141016,10920,11065,10485,10727,115938,162360,-9368,10736,10970,12969,14163
A032500,케이엠더블유,20141015,10775,11741,10775,11065,163617,169612,-24126,10698,11081,13013,14221
A032500,케이엠더블유,20141014,9953,11016,9953,10823,113104,192166,-3368,10456,11192,13050,14273
A032500,케이엠더블유,20141013,10775,10775,10195,10292,70889,188958,-8366,10222,11320,13091,14330
A032500,케이엠더블유,20141010,10678,11065,10485,10775,129085,187796,-2720,10241,11485,13151,14392
A032500,케이엠더블유,20141008,9953,11016,9905,10533,321352,192811,7930,10135,11625,13207,14450
A032500,케이엠더블유,20141007,9712,9953,9712,9857,92709,209923,-2493,9980,11784,13264,14511
A032500,케이엠더블유,20141006,10340,10533,9596,9654,210451,214490,-10410,10019,11990,13333,14576
A032500,케이엠더블유,20141002,10147,10678,10098,10388,122998,269544,-6379,10214,12208,13404,14639
A032500,케이엠더블유,20141001,9857,11113,9808,10243,516625,281030,-44448,10301,12391,13460,14698
A032500,케이엠더블유,20140930,10002,10292,9557,9760,271398,285703,-44145,10553,12577,13521,14754
A032500,케이엠더블유,20140929,10678,10823,10050,10050,123513,271810,-22599,11007,12787,13598,14815
A032500,케이엠더블유,20140926,10727,10968,10340,10630,144789,267712,-16198,11509,12976,13668,14863
A032500,케이엠더블유,20140925,11645,11790,10823,10823,224991,258433,-51097,11925,13135,13718,14902
A032500,케이엠더블유,20140924,11935,12224,11355,11500,172724,250347,-12035,12244,13271,13759,14939
A032500,케이엠더블유,20140923,12611,12756,11935,12031,141626,243771,-22683,12457,13372,13789,14967
A032500,케이엠더블유,20140922,12804,12804,12418,12563,37217,248046,3483,12640,13449,13808,14995
A032500,케이엠더블유,20140919,12514,12756,12418,12708,40047,247300,730,12785,13495,13825,15016
A032500,케이엠더블유,20140918,12563,12804,12418,12418,62916,239823,2000,12920,13541,13840,15040
A032500,케이엠더블유,20140917,12949,13094,12514,12563,109409,236729,-4544,13152,13621,13868,15067
A032500,케이엠더블유,20140916,13191,13336,12804,12949,73689,240394,0,13355,13703,13897,15096
A032500,케이엠더블유,20140915,13288,13432,12998,13288,51976,251918,-7000,13510,13739,13905,15119
A032500,케이엠더블유,20140912,13626,13674,13191,13384,42909,254247,-666,13645,13730,13914,15143
A032500,케이엠더블유,20140911,13481,13722,13336,13577,32516,256325,-2217,13770,13718,13921,15164
A032500,케이엠더블유,20140905,13771,13819,13239,13577,37806,249233,-207,13867,13696,13937,15190
A032500,케이엠더블유,20140904,13867,14061,13626,13722,20649,243109,-1000,13945,13686,13957,15219
A032500,케이엠더블유,20140903,14206,14351,13867,13964,75213,246359,-2520,13993,13674,13980,15241
A032500,케이엠더블유,20140902,13964,14157,13916,14012,50198,234593,-262,13964,13652,14000,15262
A032500,케이엠더블유,20140901,14254,14399,13916,14061,58557,239659,3025,13925,13631,14009,15285
A032500,케이엠더블유,20140829,14012,14157,13819,13964,61705,242219,6101,13819,13664,14024,15312
A032500,케이엠더블유,20140828,13819,14351,13722,13964,84940,234795,1716,13732,13715,14053,15339
A032500,케이엠더블유,20140827,13722,13964,13529,13819,44808,236498,-24,13655,13771,14080,15367
A032500,케이엠더블유,20140826,13529,13964,13336,13819,60978,239347,0,13587,13843,14120,15397
A032500,케이엠더블유,20140825,13481,13674,13336,13529,30312,240083,0,13548,13887,14165,15423
A032500,케이엠더블유,20140822,13577,13722,13336,13529,39455,237904,-14,13645,13971,14229,15448
A032500,케이엠더블유,20140821,13481,13916,13384,13577,48580,239095,-763,13780,14056,14297,15480
A032500,케이엠더블유,20140820,13626,13722,13432,13481,44748,232121,-9391,13800,14143,14367,15511
A032500,케이엠더블유,20140819,14012,14012,13384,13626,123973,223898,-14398,13722,14222,14425,15547
A032500,케이엠더블유,20140818,14157,14157,13722,14012,64137,243342,-14367,13626,14264,14456,15589
A032500,케이엠더블유,20140814,13481,14302,13384,14206,210282,250271,4759,13452,14273,14482,15629
A032500,케이엠더블유,20140813,13094,13722,12998,13674,135445,251312,-6332,13288,14235,14506,15663
A032500,케이엠더블유,20140812,13143,13288,12998,13094,85555,245486,-4011,13249,14218,14543,15704
A032500,케이엠더블유,20140811,13094,13481,12998,13143,49610,251192,-5294,13336,14227,14602,15745
A032500,케이엠더블유,20140808,13481,13577,12998,13143,80190,245998,-4484,13423,14235,14655,15785
A032500,케이엠더블유,20140807,13288,13577,13239,13384,55183,254707,-9180,13742,14273,14707,15826
A032500,케이엠더블유,20140806,13432,13577,13191,13481,72215,253309,-3123,14061,14310,14752,15862
A032500,케이엠더블유,20140805,13577,13674,13143,13529,131575,259699,-24124,14379,14334,14797,15887
A032500,케이엠더블유,20140804,14592,14737,13481,13577,277952,240519,-52282,14727,14358,14837,15911
A032500,케이엠더블유,20140801,14640,15075,14496,14737,62160,243693,-23951,14950,14375,14875,15927
A032500,케이엠더블유,20140731,14979,15317,14640,14979,41225,240008,78,15046,14324,14901,15937
A032500,케이엠더블유,20140730,15559,15607,14834,15075,70089,239232,-319,15095,14271,14932,15946
A032500,케이엠더블유,20140729,14689,15317,14206,15269,126498,253854,13161,15143,14235,14963,15954
A032500,케이엠더블유,20140728,15124,15317,14592,14689,99901,258219,1186,15104,14184,14987,15963
A032500,케이엠더블유,20140725,15269,15752,15124,15220,62419,259306,-275,15056,14131,15023,15980
A032500,케이엠더블유,20140724,15172,15462,14930,15220,101018,265208,19659,14853,14037,15056,15988
A032500,케이엠더블유,20140723,14930,15317,14882,15317,110174,268171,34033,14495,13940,15088,15995
A032500,케이엠더블유,20140722,14447,15124,14447,15075,196544,280960,16410,14099,13831,15124,15999
A032500,케이엠더블유,20140721,14254,14640,14206,14447,152513,281213,32538,13742,13756,15168,16008
A032500,케이엠더블유,20140718,13336,14399,13288,14206,141015,290490,5697,13510,13715,15224,16026
A032500,케이엠더블유,20140717,13288,13626,13239,13432,43798,287790,0,13452,13710,15283,16045
A032500,케이엠더블유,20140716,13288,13481,13046,13336,67133,286444,-8,13587,13754,15356,16070
A032500,케이엠더블유,20140715,13288,13674,13046,13288,89363,281499,4413,13713,13759,15429,16093
A032500,케이엠더블유,20140714,13867,14012,13191,13288,123604,281127,0,13858,13785,15496,16115
A032500,케이엠더블유,20140711,14157,14157,13771,13916,37368,291226,-7,13983,13809,15569,16135
A032500,케이엠더블유,20140710,14012,14206,13867,14109,40612,295261,-8,13945,13843,15633,16150
A032500,케이엠더블유,20140709,13964,14302,13771,13964,55379,301344,0,13906,13875,15694,16159
A032500,케이엠더블유,20140708,13722,14206,13722,14012,42353,301103,615,13983,13933,15757,16169
A032500,케이엠더블유,20140707,13771,14206,13722,13916,55350,297822,-8353,14032,13991,15819,16176
A032500,케이엠더블유,20140704,14254,14302,13626,13722,58815,299823,-32,13974,14022,15874,16184
A032500,케이엠더블유,20140703,14351,14640,13916,13916,58609,298745,-66,13897,14082,15937,16192
A032500,케이엠더블유,20140702,14254,14399,14109,14351,35664,309165,-1448,13771,14172,15986,16205
A032500,케이엠더블유,20140701,13626,14351,13432,14254,96358,315609,391,13529,14235,16033,16220
A032500,케이엠더블유,20140630,13529,13674,13143,13626,42230,318560,-1000,13394,14334,16059,16237
A032500,케이엠더블유,20140627,13143,13577,13143,13336,38674,311455,-736,13394,14479,16086,16262
A032500,케이엠더블유,20140626,13191,13384,12949,13288,119382,305265,-11670,13549,14679,16118,16288
A032500,케이엠더블유,20140625,13626,13722,13143,13143,55472,298809,-460,13751,14894,16145,16316
A032500,케이엠더블유,20140624,13432,13722,13046,13577,62623,302979,-1092,13809,15126,16182,16341
A032500,케이엠더블유,20140623,14302,14302,13577,13626,50235,296991,-3000,13858,15295,16208,16365
A032500,케이엠더블유,20140620,14302,14930,14109,14109,98350,300690,0,13887,15389,16240,16388
A032500,케이엠더블유,20140619,13432,14592,13094,14302,214741,313522,26336,13983,15462,16266,16406
A032500,케이엠더블유,20140618,13916,13916,13432,13432,98183,305135,-220,14070,15530,16295,16424
A032500,케이엠더블유,20140617,13771,14109,13626,13819,103997,303432,-6271,14409,15653,16333,16452
A032500,케이엠더블유,20140616,14640,14785,13674,13771,198478,301059,-6406,14679,15793,16371,16494
A032500,케이엠더블유,20140613,14737,14785,14496,14592,79625,310003,-3452,14834,15921,16407,16541
A032500,케이엠더블유,20140612,15075,15075,14447,14737,128231,308980,9759,14901,16003,16442,16582
A032500,케이엠더블유,20140611,15075,15365,14930,15124,31813,308050,0,15095,16071,16481,16620
A032500,케이엠더블유,20140610,14496,15220,14496,15172,87228,312576,2936,15191,16124,16502,16658
A032500,케이엠더블유,20140609,15269,15317,14109,14544,149016,288733,-33545,15404,16163,16524,16697
A032500,케이엠더블유,20140605,15414,15462,14737,14930,152633,291778,-20099,15800,16228,16561,16740
A032500,케이엠더블유,20140603,15607,16138,15269,15704,75763,308824,-4718,16283,16295,16600,16775
A032500,케이엠더블유,20140602,16235,16235,15510,15607,107837,300886,-28026,16660,16353,16626,16798
A032500,케이엠더블유,20140530,16525,16622,15945,16235,84651,302767,-1290,17095,16421,16655,16822
A032500,케이엠더블유,20140529,17298,17298,16332,16525,140548,300391,-17710,17240,16443,16673,16839
A032500,케이엠더블유,20140528,17781,17781,17008,17346,180441,302004,-47440,17037,16460,16680,16856
A032500,케이엠더블유,20140527,17975,17975,17443,17588,102344,299947,24388,16680,16452,16667,16866
A032500,케이엠더블유,20140526,16960,17878,16718,17781,223431,297602,92980,16293,16431,16663,16876
A032500,케이엠더블유,20140523,15510,17056,15124,16960,323305,300021,40571,15916,16416,16655,16877
A032500,케이엠더블유,20140522,15607,15897,15510,15510,42164,294468,-1,15849,16452,16669,16889
A032500,케이엠더블유,20140521,15704,15897,15510,15559,57127,293932,5694,16013,16566,16722,16909
A032500,케이엠더블유,20140520,16042,16187,15365,15655,50287,319258,0,16148,16677,16775,16928
A032500,케이엠더블유,20140519,16525,16767,15897,15897,70563,318230,6339,16235,16786,16821,16947
A032500,케이엠더블유,20140516,16138,16670,16090,16622,45140,334300,10554,16293,16875,16864,16967
A032500,케이엠더블유,20140515,16235,16525,16090,16332,37121,343138,-606,16158,16909,16888,16981
A032500,케이엠더블유,20140514,15993,16622,15897,16235,54118,343084,-3322,16061,16977,16916,16998
A032500,케이엠더블유,20140513,16718,16718,16042,16090,41375,338257,0,16071,17054,16945,17023
A032500,케이엠더블유,20140512,15655,16622,15559,16187,66720,339796,-8371,16225,17136,16972,17048
A032500,케이엠더블유,20140509,15655,15993,15414,15945,48253,336711,0,16380,17216,16977,17070
A032500,케이엠더블유,20140508,15993,16283,15365,15848,95215,331150,-3822,16525,17303,16985,17105
A032500,케이엠더블유,20140507,16863,16863,16283,16283,55079,342983,-6888,16728,17373,16978,17138
A032500,케이엠더블유,20140502,17201,17201,16767,16863,27720,348195,-1931,16911,17433,16973,17170
A032500,케이엠더블유,20140430,16863,17250,16573,16960,61648,348509,8647,16969,17433,16960,17197
A032500,케이엠더블유,20140429,16863,17008,16332,16670,70201,348929,4685,17076,17443,16944,17225
A032500,케이엠더블유,20140428,17201,17298,16863,16863,41540,352693,2567,17279,17400,16939,17255
A032500,케이엠더블유,20140425,17056,17636,17008,17201,35697,354894,3200,17462,17320,16937,17289
A032500,케이엠더블유,20140424,17491,17636,16960,17153,91684,357424,3960,17578,17223,16920,17313
A032500,케이엠더블유,20140423,17685,17878,17491,17491,59240,362511,13000,17714,17110,16902,17330
A032500,케이엠더블유,20140422,17926,18023,17636,17685,50868,367066,5900,17752,17003,16874,17348
A032500,케이엠더블유,20140421,17733,17975,17636,17781,37343,371261,-3060,17675,16875,16848,17363
A032500,케이엠더블유,20140418,18023,18023,17491,17781,46865,373740,8930,17656,16764,16828,17372
A032500,케이엠더블유,20140417,17830,18168,17685,17830,61891,375186,4867,17656,16660,16806,17383
A032500,케이엠더블유,20140416,17298,17781,17201,17685,65616,379048,7021,17636,16571,16783,17386
A032500,케이엠더블유,20140415,17830,17878,17298,17298,68525,370573,2528,17656,16472,16758,17388
A032500,케이엠더블유,20140414,17830,18071,17636,17685,53687,376659,0,17733,16412,16734,17393
A032500,케이엠더블유,20140411,17395,17781,17298,17781,58922,381063,-2470,17646,16324,16701,17398
A032500,케이엠더블유,20140410,17878,17975,17588,17733,78827,378452,4472,17588,16269,16668,17394
A032500,케이엠더블유,20140409,17685,18023,17346,17781,87495,385852,13870,17414,16235,16625,17394
A032500,케이엠더블유,20140408,17105,17685,16912,17685,95248,395857,2303,17288,16167,16581,17396
A032500,케이엠더블유,20140407,17491,17830,17153,17250,120337,391923,-8246,16911,16107,16534,17404
A032500,케이엠더블유,20140404,16863,17926,16863,17491,205498,390922,2931,16515,16083,16494,17409
A032500,케이엠더블유,20140403,17298,17298,16670,16863,131207,381014,-8052,16071,16071,16446,17418
A032500,케이엠더블유,20140402,15897,17201,15897,17153,274850,392812,22976,15675,16090,16423,17433
A032500,케이엠더블유,20140401,15269,15800,15075,15800,76065,377536,-357,15317,16100,16407,17435
A032500,케이엠더블유,20140331,15317,15365,14930,15269,63341,375685,-2791,15182,16177,16416,17454
A032500,케이엠더블유,20140328,14979,15269,14689,15269,61315,374648,5862,15240,16262,16439,17487
A032500,케이엠더블유,20140327,15269,15462,14689,14882,87184,374383,-14138,15327,16324,16458,17522
A032500,케이엠더블유,20140326,15220,15559,15220,15365,38204,379246,-1321,15559,16448,16487,17562
A032500,케이엠더블유,20140325,15655,15752,15027,15124,99670,379096,2255,15627,16547,16500,17601
A032500,케이엠더블유,20140324,15704,15848,15462,15559,48447,389583,530,15820,16680,16523,17642
A032500,케이엠더블유,20140321,16138,16138,15559,15704,71606,396065,-1181,15897,16837,16535,17678
A032500,케이엠더블유,20140320,15704,16042,15510,16042,41271,419113,-280,16090,16989,16546,17718
A032500,케이엠더블유,20140319,16090,16283,15607,15704,84272,412352,-6394,16293,17105,16552,17759
A032500,케이엠더블유,20140318,16042,16283,15800,16090,56197,424089,-564,16438,17245,16570,17797
A032500,케이엠더블유,20140317,16622,16670,15945,15945,81167,430216,20,16515,17344,16616,17838
A032500,케이엠더블유,20140314,16767,17153,16235,16670,91323,451726,9674,16680,17445,16674,17880
A032500,케이엠더블유,20140313,16718,17201,16283,17056,93909,488780,3173,16796,17511,16721,17916
A032500,케이엠더블유,20140312,16332,16767,15848,16428,94033,493590,-1175,16834,17544,16759,17940
A032500,케이엠더블유,20140311,16573,17056,16477,16477,65117,489251,-2990,17018,17547,16814,17973
A032500,케이엠더블유,20140310,17443,17443,16718,16767,47983,483215,-3660,17192,17544,16870,18000
A032500,케이엠더블유,20140307,17153,17346,16622,17250,127353,487016,26628,17230,17479,16920,18025
A032500,케이엠더블유,20140306,17201,17636,17201,17250,40629,504378,-1238,17085,17414,16951,18054
A032500,케이엠더블유,20140305,17636,17733,17201,17346,39408,502425,-1027,17105,17356,16969,18088
A032500,케이엠더블유,20140304,16912,17685,16863,17346,81758,515947,1125,17105,17288,16990,18117
A032500,케이엠더블유,20140303,16622,17346,16138,16960,172035,516457,-1024,17192,17240,17004,18146
A032500,케이엠더블유,20140228,17588,17685,15897,16525,281098,513487,-6996,17539,17230,17032,18186
A032500,케이엠더블유,20140227,17540,18120,17346,17346,100674,495311,450,17984,17211,17066,18231
A032500,케이엠더블유,20140226,17830,17878,17153,17346,90997,492324,-775,18187,17148,17089,18261
A032500,케이엠더블유,20140225,18603,18699,17201,17781,242496,499949,-84,18419,17071,17099,18282
A032500,케이엠더블유,20140224,18844,19038,18458,18699,37890,491170,-174,18477,16989,17108,18307
A032500,케이엠더블유,20140221,18748,18844,18458,18748,68094,491497,1172,18332,16882,17095,18335
A032500,케이엠더블유,20140220,18361,18893,18264,18361,88192,485152,3715,18178,16769,17081,18357
A032500,케이엠더블유,20140219,18023,18844,17878,18506,117438,470172,7359,18052,16672,17073,18380
A032500,케이엠더블유,20140218,17926,18120,17588,18071,49407,485712,-1950,17646,16556,17069,18411
A032500,케이엠더블유,20140217,17781,18313,17781,17975,68524,476584,-4600,17318,16448,17074,18441
A032500,케이엠더블유,20140214,17781,18216,17491,17975,175178,483364,-1647,16815,16332,17080,18480
A032500,케이엠더블유,20140213,16380,17781,16380,17733,236655,470417,16412,16409,16223,17101,18527
A032500,케이엠더블유,20140212,16525,16670,16187,16477,61099,458820,-1084,16080,16095,17123,18568
A032500,케이엠더블유,20140211,15559,16428,15172,16428,142889,456416,-406,15984,16030,17164,18624
A032500,케이엠더블유,20140210,15945,16042,15462,15462,76392,452691,-89,15974,15950,17226,18675
A032500,케이엠더블유,20140207,16138,16283,15848,15945,53841,447913,1790,16235,15918,17298,18744
A032500,케이엠더블유,20140206,16283,16332,15945,16090,28268,456237,1240,16274,15853,17368,18816
A032500,케이엠더블유,20140205,16332,16573,15993,15993,48669,451316,360,16274,15824,17434,18886
A032500,케이엠더블유,20140204,16380,16525,16235,16380,35308,451970,1389,16235,15832,17507,18955
A032500,케이엠더블유,20140203,15848,16767,15800,16767,58446,454962,1037,16187,15832,17572,19022
A032500,케이엠더블유,20140129,16235,16380,15993,16138,29005,441344,883,16148,15824,17641,19082
A032500,케이엠더블유,20140128,15704,16138,15462,16090,29161,441150,768,16216,15839,17706,19151
A032500,케이엠더블유,20140127,15655,15993,15365,15800,64911,436551,15413,16283,15865,17759,19232
A032500,케이엠더블유,20140124,16332,16573,15897,16138,60859,435239,-423,16361,15882,17822,19321
A032500,케이엠더블유,20140123,16525,16912,16380,16573,80568,437389,-10773,16312,15902,17878,19403
A032500,케이엠더블유,20140122,16428,16622,16138,16477,64356,439867,4487,16129,15887,17916,19485
A032500,케이엠더블유,20140121,16090,16525,15752,16428,113645,438627,2115,15993,15880,17961,19559
A032500,케이엠더블유,20140120,15848,16380,15848,16187,66495,436392,-2042,15742,15880,17990,19635
A032500,케이엠더블유,20140117,15655,16090,15559,15897,58095,439177,8716,15539,15909,18018,19715
A032500,케이엠더블유,20140116,15800,15945,15559,15655,49842,446976,1524,15327,16056,18051,19791
A032500,케이엠더블유,20140115,15365,15993,15027,15800,140930,457697,-13298,15162,16245,18095,19876
A032500,케이엠더블유,20140114,15027,15414,14930,15172,47932,466816,-7822,14930,16431,18121,19964
A032500,케이엠더블유,20140113,14834,15414,14834,15172,76324,468974,-3842,14998,16638,18163,20057
A032500,케이엠더블유,20140110,15027,15172,14785,14834,72429,468150,-2372,15191,16866,18210,20154
A032500,케이엠더블유,20140109,14544,15124,14544,14834,111697,467034,-2905,15500,17114,18273,20252
A032500,케이엠더블유,20140108,15607,15655,14302,14640,325516,446675,-4938,15858,17361,18325,20340
A032500,케이엠더블유,20140107,16283,16283,15220,15510,199272,443106,-20986,16216,17586,18390,20420
A032500,케이엠더블유,20140106,16573,16573,16138,16138,47063,437689,0,16438,17728,18442,20495
A032500,케이엠더블유,20140103,16622,16718,16090,16380,71813,441393,1000,16438,17849,18463,20570
A032500,케이엠더블유,20140102,16525,17153,16525,16622,124819,444914,-571,16467,17941,18492,20639
A032500,케이엠더블유,20131230,16622,16815,16380,16428,71556,453016,9422,16399,18042,18534,20712
A032500,케이엠더블유,20131227,16138,16815,16090,16622,73789,460845,8290,16380,18148,18586,20784
A032500,케이엠더블유,20131226,16622,16622,15897,16138,122341,453823,-3467,16341,18252,18637,20843
A032500,케이엠더블유,20131224,16428,16622,16090,16525,65989,462555,4051,16467,18344,18703,20913
A032500,케이엠더블유,20131223,16428,16525,16042,16283,85705,467331,-38,16931,18434,18761,20968
A032500,케이엠더블유,20131220,16525,16622,15607,16332,186210,473606,-20407,17559,18516,18820,21021
A032500,케이엠더블유,20131219,17298,17298,15800,16428,204158,463056,11423,18197,18595,18891,21074
A032500,케이엠더블유,20131218,18603,18893,16622,16767,464475,463413,-93781,18777,18666,18965,21120
A032500,케이엠더블유,20131217,19811,19811,18651,18844,99549,461388,-9519,19366,18743,19023,21157
A032500,케이엠더블유,20131216,19956,20004,19328,19424,85234,459046,-1703,19560,18719,19059,21181
A032500,케이엠더블유,20131213,18989,19714,18989,19521,60703,459806,6918,19627,18663,19085,21210
A032500,케이엠더블유,20131212,19472,19811,19038,19328,88718,452084,-10510,19550,18649,19110,21237
A032500,케이엠더블유,20131211,19617,19907,19472,19714,64646,454331,12340,19356,18636,19120,21260
A032500,케이엠더블유,20131210,19617,19811,19086,19811,114446,461859,1772,19124,18595,19131,21272
A032500,케이엠더블유,20131209,19424,19956,19328,19762,202882,470716,-4783,18805,18612,19130,21275
A032500,케이엠더블유,20131206,18168,19279,18168,19134,132536,478385,0,18583,18615,19131,21288
A032500,케이엠더블유,20131205,18796,18796,18264,18361,36132,476438,1097,18467,18666,19157,21309
A032500,케이엠더블유,20131204,18506,18844,18264,18554,88859,482403,10,18535,18750,19206,21344
A032500,케이엠더블유,20131203,18506,18603,17975,18216,43936,491064,-3069,18419,18840,19245,21380
A032500,케이엠더블유,20131202,18554,18748,18216,18651,53398,503147,494,18438,18943,19288,21421
A032500,케이엠더블유,20131129,18699,18941,18554,18554,55160,509218,10602,18293,19057,19340,21446
A032500,케이엠더블유,20131128,18071,18844,17975,18699,83702,520363,5592,18168,19132,19395,21466
A032500,케이엠더블유,20131127,18313,18554,17975,17975,50918,518034,11753,17994,19158,19434,21497
A032500,케이엠더블유,20131126,18168,18506,17926,18313,60546,528590,2233,18062,19241,19465,21543
A032500,케이엠더블유,20131125,17975,18216,17781,17926,58564,534873,16543,18071,19298,19506,21593
A032500,케이엠더블유,20131122,18071,18168,17685,17926,58784,550213,-214,18149,19344,19574,21641
A032500,케이엠더블유,20131121,18120,18264,17733,17830,76087,556995,10925,18410,19407,19634,21695
A032500,케이엠더블유,20131120,18313,18506,18120,18313,44561,563360,-177,18661,19424,19687,21745
A032500,케이엠더블유,20131119,18313,18506,17636,18361,177261,571452,26722,18777,19402,19752,21784
A032500,케이엠더블유,20131118,19134,19279,18023,18313,125610,614934,14608,19134,19378,19808,21818
A032500,케이엠더블유,20131115,18893,19859,18893,19231,115070,616604,10599,19434,19378,19879,21851
A032500,케이엠더블유,20131114,19183,19376,18603,19086,125389,618278,14661,19618,19284,19952,21879
A032500,케이엠더블유,20131113,20197,20197,18651,18893,304111,613995,2903,19811,19214,20013,21901
A032500,케이엠더블유,20131112,20004,20342,19521,20149,89747,610757,2592,20101,19170,20085,21927
A032500,케이엠더블유,20131111,20342,20584,19714,19811,75291,600676,10621,20130,19093,20125,21944
A032500,케이엠더블유,20131108,19714,20584,19472,20149,100009,611588,-295,20352,18999,20191,21954
A032500,케이엠더블유,20131107,20149,20439,19424,20052,76547,603687,11555,20332,18919,20264,21945
A032500,케이엠더블유,20131106,20197,20536,19714,20342,65404,604066,1474,20168,18849,20337,21945
A032500,케이엠더블유,20131105,20729,20874,20004,20294,139729,598281,-1240,20023,18702,20403,21946
A032500,케이엠더블유,20131104,20294,21019,19956,20922,233179,612167,-1650,19859,18593,20473,21949
A032500,케이엠더블유,20131101,19521,20052,19328,20052,157571,600671,5589,19443,18504,20523,21948
A032500,케이엠더블유,20131031,19666,20052,19183,19231,121569,583057,16914,19269,18477,20596,21953
A032500,케이엠더블유,20131030,19472,19811,19376,19617,110154,596429,2420,19057,18501,20705,21959
A032500,케이엠더블유,20131029,19038,19617,18748,19472,244894,599134,-1067,18709,18523,20820,21956
A032500,케이엠더블유,20131028,18989,19183,18603,18844,142705,597288,-14705,18390,18552,20928,21952
A032500,케이엠더블유,20131025,18168,19279,18168,19183,291266,605292,-31552,18284,18600,21055,21957
A032500,케이엠더블유,20131024,17878,18168,17540,18168,57539,610395,855,17917,18670,21156,21961
A032500,케이엠더블유,20131023,18168,18409,17733,17878,82861,604552,-267,17820,18806,21280,21977
A032500,케이엠더블유,20131022,18409,18554,17830,17878,90824,599211,910,17849,18924,21412,21993
A032500,케이엠더블유,20131021,17346,18458,17250,18313,131625,613306,-229,17994,19081,21531,22008
A032500,케이엠더블유,20131018,17588,18023,17105,17346,133647,580898,-34277,17917,19214,21657,22015
A032500,케이엠더블유,20131017,18313,18361,17588,17685,80447,572645,-1086,18158,19398,21807,22028
A032500,케이엠더블유,20131016,18651,18748,18023,18023,119426,574302,-302,18351,19509,21950,22035
A032500,케이엠더블유,20131015,18071,18603,18071,18603,101296,568098,-37,18226,19627,22097,22036
A032500,케이엠더블유,20131014,18796,18796,17878,17926,95492,548916,-156,18129,19685,22231,22038
A032500,케이엠더블유,20131011,19038,19328,18409,18554,196899,542388,-4420,18371,19779,22356,22046
A032500,케이엠더블유,20131010,17636,18844,17588,18651,287008,551128,4497,18564,19886,22450,22039
A032500,케이엠더블유,20131008,18120,18264,16912,17395,336021,503158,-13921,18777,20019,22548,22025
A032500,케이엠더블유,20131007,19328,19569,17975,18120,258729,460460,-12971,19308,20192,22677,22022
A032500,케이엠더블유,20131004,19134,19714,19134,19134,105372,450451,-5728,19695,20328,22786,22010
A032500,케이엠더블유,20131002,19811,20101,19424,19521,58027,436663,-1411,19830,20458,22890,21989
A032500,케이엠더블유,20131001,20101,20197,19134,19714,170276,435839,11071,20043,20577,22983,21961
A032500,케이엠더블유,20130930,20101,20439,19859,20052,65807,445256,-1347,20275,20642,23049,21940
A032500,케이엠더블유,20130927,20004,20101,19666,20052,104144,452206,20388,20313,20632,23124,21915
A032500,케이엠더블유,20130926,20246,20391,19762,19811,168259,435460,-3429,20507,20668,23175,21889
A032500,케이엠더블유,20130925,20922,21019,20246,20584,62435,465591,-1706,20739,20777,23221,21864
A032500,케이엠더블유,20130924,20294,20922,19907,20874,73110,477679,11036,20826,20823,23257,21832
A032500,케이엠더블유,20130923,21067,21357,20246,20246,76709,460832,-243,20632,20830,23275,21791
A032500,케이엠더블유,20130917,20825,21019,20487,21019,49236,475155,4015,20661,20929,23291,21753
A032500,케이엠더블유,20130916,21164,21502,20632,20970,114288,471448,3217,20410,20966,23303,21709
A032500,케이엠더블유,20130913,20101,21067,20101,21019,189296,488339,41168,20178,21045,23336,21660
A032500,케이엠더블유,20130912,20391,20825,19762,19907,89721,485800,-682,20110,21176,23363,21611
A032500,케이엠더블유,20130911,20197,20487,19859,20391,67530,499076,-4944,20391,21316,23400,21572
A032500,케이엠더블유,20130910,19714,20439,19666,19762,86954,491823,-1593,20487,21456,23414,21530
A032500,케이엠더블유,20130909,20439,20680,19569,19811,149396,483588,-21113,20700,21596,23419,21493
A032500,케이엠더블유,20130906,21357,21357,20584,20680,72357,472475,-1281,21086,21794,23444,21457
A032500,케이엠더블유,20130905,21164,21357,20970,21309,58346,465406,-5972,21328,21988,23461,21410
A032500,케이엠더블유,20130904,21019,21019,20342,20874,65643,466145,1470,21270,22145,23481,21360
A032500,케이엠더블유,20130903,21888,21888,20680,20825,134469,452693,-270,21067,22316,23515,21307
A032500,케이엠더블유,20130902,21888,22082,21309,21744,97068,464520,-12764,21057,22497,23554,21253
A032500,케이엠더블유,20130830,21357,22082,20729,21888,159763,473097,-9479,21106,22608,23553,21190
A032500,케이엠더블유,20130829,20101,21212,19328,21019,226392,463475,13146,21028,22734,23537,21128
A032500,케이엠더블유,20130828,20246,20342,19279,19859,304124,445639,-69861,21028,22973,23560,21073
A032500,케이엠더블유,20130827,22033,22033,20487,20777,134370,416878,-19942,21502,23304,23620,21028
A032500,케이엠더블유,20130826,21647,22372,21647,21985,95622,411187,-26437,21695,23563,23679,20972
A032500,케이엠더블유,20130823,21647,21888,21309,21502,82980,405336,-8951,21811,23787,23709,20905
A032500,케이엠더블유,20130822,21840,21840,20729,21019,147074,400751,-26622,22237,23976,23756,20838
A032500,케이엠더블유,20130821,21937,22227,21019,22227,161132,401221,-14802,22575,24205,23803,20777
A032500,케이엠더블유,20130820,22613,23000,21164,21744,218822,391705,-13364,22768,24382,23816,20708
A032500,케이엠더블유,20130819,23483,23725,22372,22565,209828,401263,-50137,22932,24546,23829,20644
A032500,케이엠더블유,20130816,22275,23676,22275,23628,107420,401973,-5105,23174,24713,23823,20573
A032500,케이엠더블유,20130814,23193,23241,22517,22710,74770,370634,-11047,23357,24848,23805,20492
A032500,케이엠더블유,20130813,22662,23483,22517,23193,122082,366780,-35415,23705,25027,23789,20418
A032500,케이엠더블유,20130812,23821,23821,22372,22565,179672,344531,-22782,23927,25208,23770,20338
A032500,케이엠더블유,20130809,24933,24933,23773,23773,148295,333063,-50827,24304,25411,23762,20266
A032500,케이엠더블유,20130808,24933,24981,24546,24546,71490,333211,10289,24343,25493,23717,20184
A032500,케이엠더블유,20130807,24401,25029,24401,24449,75581,336275,4359,24314,25476,23626,20089
A032500,케이엠더블유,20130806,24739,24739,24208,24304,84119,332282,699,24584,25481,23552,19994
A032500,케이엠더블유,20130805,23966,24836,23870,24449,169718,316353,-76638,25019,25522,23489,19902
A032500,케이엠더블유,20130802,24643,25126,23821,23966,164766,290753,-31470,25319,25534,23426,19804
A032500,케이엠더블유,20130801,25319,25657,24304,24401,279601,278259,-51851,25822,25602,23374,19706
A032500,케이엠더블유,20130731,26431,26431,25368,25802,159184,291935,-40166,25996,25638,23310,19602
A032500,케이엠더블유,20130730,25754,26527,25464,26479,123011,310290,38798,25957,25532,23213,19487
A032500,케이엠더블유,20130729,26672,26720,25851,25947,88725,326658,-687,25812,25435,23092,19365
A032500,케이엠더블유,20130726,25512,26479,25319,26479,127184,334265,11059,25628,25295,22976,19253
A032500,케이엠더블유,20130725,25609,25996,25126,25271,70825,321919,-3325,25512,25099,22859,19137
A032500,케이엠더블유,20130724,25754,26044,25416,25609,80281,321039,1984,25725,24971,22766,19034
A032500,케이엠더블유,20130723,25416,25802,25029,25754,120699,314640,-17,25860,24790,22674,18928
A032500,케이엠더블유,20130722,25851,25996,24788,25029,167573,295459,4244,26073,24561,22575,18820
A032500,케이엠더블유,20130719,26382,26527,25851,25899,86868,288875,-8131,26392,24396,22486,18720
A032500,케이엠더블유,20130718,25996,26817,25996,26334,93045,286015,3660,26295,24249,22372,18614
A032500,케이엠더블유,20130717,27010,27107,26092,26286,155625,277612,6458,25870,24065,22249,18505
A032500,케이엠더블유,20130716,26865,26914,26382,26817,97133,278799,5843,25522,23858,22119,18400
A032500,케이엠더블유,20130715,25464,26720,25029,26624,259831,272802,-7250,25184,23577,21975,18293
A032500,케이엠더블유,20130712,24933,25416,24304,25416,226453,258397,-761,24797,23251,21845,18186
A032500,케이엠더블유,20130711,25029,25947,24208,24208,408146,242280,105132,24778,23046,21735,18089
A032500,케이엠더블유,20130710,25126,25271,24546,24546,75078,224187,17797,24962,22920,21628,18000
A032500,케이엠더블유,20130709,25029,25512,24739,25126,105422,226484,-8278,24788,22819,21503,17910
A032500,케이엠더블유,20130708,25368,25851,24546,24691,118558,208220,-1106,24672,22708,21367,17815
A032500,케이엠더블유,20130705,25126,26044,24788,25319,275472,204801,9789,24362,22630,21234,17725
A032500,케이엠더블유,20130704,23773,25126,23145,25126,197038,232039,22195,23812,22449,21088,17630
A032500,케이엠더블유,20130703,24836,25078,23580,23676,253446,227890,7872,23328,22239,20940,17541
A032500,케이엠더블유,20130702,23386,24643,23338,24546,274785,247048,60863,22990,22174,20831,17461
A032500,케이엠더블유,20130701,22323,23145,22323,23145,90170,239989,21170,22314,22121,20707,17375
A032500,케이엠더블유,20130628,23000,23000,22227,22565,116578,222761,11050,22034,22178,20602,17297
A032500,케이엠더블유,20130627,22227,23338,22178,22710,214926,222025,-38925,22111,22239,20506,17227
A032500,케이엠더블유,20130626,22033,22178,21357,21985,99160,206015,23584,22101,22321,20407,17150
A032500,케이엠더블유,20130625,21357,22082,20294,21164,235260,205578,28113,22130,22413,20306,17076
A032500,케이엠더블유,20130624,23000,23048,21744,21744,178964,204147,-14889,22140,22507,20216,17010
A032500,케이엠더블유,20130621,22130,23000,21744,22952,223586,220837,-24329,21811,22543,20115,16937
A032500,케이엠더블유,20130620,21454,22855,21260,22662,209641,220394,8163,21483,22507,19985,16845
A032500,케이엠더블유,20130619,21647,22662,21599,22130,189869,211366,-3226,21289,22502,19860,16754
A032500,케이엠더블유,20130618,20487,21260,19279,21212,149692,209838,-25296,21367,22483,19745,16668
A032500,케이엠더블유,20130617,21454,21647,20052,20101,170075,177516,-19427,21705,22524,19647,16591
A032500,케이엠더블유,20130614,21792,22227,20777,21309,122850,178059,-2084,22314,22625,19567,16518
A032500,케이엠더블유,20130613,22323,22662,21405,21695,101158,169651,-7430,22391,22613,19469,16437
A032500,케이엠더블유,20130612,22710,23096,22323,22517,63424,170432,-2690,22236,22480,19358,16356
A032500,케이엠더블유,20130611,23145,23145,22420,22903,100303,165388,-3599,22207,22357,19239,16268
A032500,케이엠더블유,20130610,21695,23145,21405,23145,189967,177337,17399,22323,22236,19098,16174
A032500,케이엠더블유,20130607,20922,21792,19956,21695,228755,165382,-8787,22555,22113,18951,16076
A032500,케이엠더블유,20130605,21840,22082,20342,20922,276924,147810,-13932,22971,22070,18827,15990
A032500,케이엠더블유,20130604,23338,23580,21599,22372,279056,148103,-100766,23657,22053,18719,15906
A032500,케이엠더블유,20130603,23870,24015,23338,23483,94446,151124,-6760,23947,21934,18586,15815
A032500,케이엠더블유,20130531,23966,24304,22662,24304,205870,169190,-2205,23860,21722,18437,15719
A032500,케이엠더블유,20130530,24208,24208,23580,23773,113299,137644,-2952,23493,21454,18266,15618
A032500,케이엠더블유,20130529,24015,24546,23773,24353,117395,150971,11155,23183,21238,18102,15522
A032500,케이엠더블유,20130528,23193,23918,22855,23821,139121,146758,15192,22826,21007,17921,15419
A032500,케이엠더블유,20130527,22517,23145,22275,23048,91496,146936,24135,22410,20821,17751,15319
A032500,케이엠더블유,20130524,22420,22807,22033,22468,75761,144386,3138,22207,20656,17599,15226
A032500,케이엠더블유,20130523,22565,22807,21985,22227,78467,140551,4783,22140,20519,17460,15139
A032500,케이엠더블유,20130522,22130,22565,22033,22565,104375,138801,13163,21908,20359,17322,15052
A032500,케이엠더블유,20130521,21840,22275,21550,21744,106711,124389,17167,21202,20180,17178,14969
A032500,케이엠더블유,20130520,22372,22372,21019,22033,204603,110180,-1240,20864,20016,17046,14894
A032500,케이엠더블유,20130516,21405,22227,21405,22130,326426,113836,1826,20555,19823,16906,14809
A032500,케이엠더블유,20130515,19183,21212,19086,21067,298551,111529,44147,20265,19658,16770,14725
A032500,케이엠더블유,20130514,20101,20246,18651,19038,194667,100184,1792,20216,19547,16651,14650
A032500,케이엠더블유,20130513,20487,20536,20052,20052,39728,98656,1068,20526,19482,16552,14579
A032500,케이엠더블유,20130510,20680,20874,20101,20487,67465,99377,-5838,20516,19332,16436,14504
A032500,케이엠더블유,20130509,20874,20922,20391,20680,54570,100470,-1001,20265,19156,16316,14427
A032500,케이엠더블유,20130508,20680,20825,20197,20825,74276,108244,5140,19917,18958,16183,14353
A032500,케이엠더블유,20130507,19956,20680,19956,20584,108125,109672,29286,19646,18745,16039,14278
A032500,케이엠더블유,20130506,19472,20439,19328,20004,138720,102782,9500,19472,18528,15894,14203
A032500,케이엠더블유,20130503,18941,19328,18941,19231,56066,90438,5160,19492,18385,15761,14124
A032500,케이엠더블유,20130502,19424,19424,18603,18941,107170,79179,-13045,19598,18279,15637,14047
A032500,케이엠더블유,20130430,19714,19811,19183,19472,66332,78567,-1980,19753,18175,15530,13974
A032500,케이엠더블유,20130429,19907,20197,19569,19714,62362,76589,800,19666,18040,15414,13901
A032500,케이엠더블유,20130426,19424,20149,19424,20101,85575,75910,-7073,19521,17892,15302,13823
A032500,케이엠더블유,20130425,19956,20052,19376,19762,97438,74779,-3188,19192,17685,15181,13743
A032500,케이엠더블유,20130424,19038,19811,19038,19714,132510,79680,40566,18873,17484,15066,13665
A032500,케이엠더블유,20130423,18989,19279,18554,19038,68332,83786,11341,18699,17284,14953,13586
A032500,케이엠더블유,20130422,18651,19279,18554,18989,115135,89488,4299,18661,17088,14856,13507
A032500,케이엠더블유,20130419,18361,18699,17685,18458,106423,90264,39449,18409,16897,14761,13424
A032500,케이엠더블유,20130418,18603,18796,18168,18168,66434,91405,-994,18129,16735,14682,13347
A032500,케이엠더블유,20130417,18796,18989,18458,18844,96200,94486,16417,17887,16595,14612,13272
A032500,케이엠더블유,20130416,17685,18844,17395,18844,219342,102071,36593,17462,16416,14528,13191
A032500,케이엠더블유,20130415,17346,17878,17201,17733,134455,101033,2921,17008,16247,14443,13109
A032500,케이엠더블유,20130412,17105,17588,17008,17056,66554,96895,8000,16708,16112,14373,13035
A032500,케이엠더블유,20130411,17105,17153,16428,16960,67851,94488,3361,16728,16027,14318,12968
A032500,케이엠더블유,20130410,16428,16815,16235,16718,58885,93196,-6212,16757,15902,14264,12898
A032500,케이엠더블유,20130409,15993,16622,15317,16573,173596,89404,20885,16786,15783,14216,12829
A032500,케이엠더블유,20130408,17008,17008,16090,16235,144061,81075,28965,16825,15667,14172,12752
A032500,케이엠더블유,20130405,17008,17250,16815,17153,64064,87511,17760,16931,15576,14142,12678
A032500,케이엠더블유,20130404,16912,17250,16283,17105,111147,86837,17506,16689,15438,14090,12598
A032500,케이엠더블유,20130403,16767,17346,16767,16863,93504,89829,2017,16419,15310,14042,12520
A032500,케이엠더블유,20130402,16912,17105,16573,16767,98429,91291,50263,16187,15170,13991,12442
A032500,케이엠더블유,20130401,16235,16912,16138,16767,159286,91625,54845,15858,15027,13948,12365
A032500,케이엠더블유,20130329,15752,15993,15559,15945,185197,89839,122796,15539,14863,13894,12285
A032500,케이엠더블유,20130328,15848,15848,15510,15752,31574,94572,598,15394,14747,13846,12208
A032500,케이엠더블유,20130327,15414,15993,15220,15704,134489,94696,24841,15317,14658,13805,12132
A032500,케이엠더블유,20130326,15075,15269,14979,15124,24290,93232,5760,15230,14578,13759,12057
A032500,케이엠더블유,20130325,15414,15510,15027,15172,59892,93277,-4899,15298,14520,13705,11987
A032500,케이엠더블유,20130322,15317,15462,15124,15220,51823,89558,3400,15269,14457,13649,11917
A032500,케이엠더블유,20130321,15462,15559,15220,15365,48410,92417,14388,15298,14387,13592,11846
A032500,케이엠더블유,20130320,15462,15800,15172,15269,76891,94870,5887,15114,14300,13534,11776
A032500,케이엠더블유,20130319,14930,15559,14785,15462,72104,103389,1831,14930,14235,13470,11707
A032500,케이엠더블유,20130318,15172,15704,15027,15027,100881,100110,-5288,14689,14160,13405,11634
A032500,케이엠더블유,20130315,14496,15607,14399,15365,230568,104629,19278,14563,14063,13354,11564
A032500,케이엠더블유,20130314,14351,14544,14206,14447,73100,97734,-6600,14370,13947,13297,11492
A032500,케이엠더블유,20130313,14109,14447,14109,14351,50684,98171,-6000,14389,13889,13251,11425
A032500,케이엠더블유,20130312,14254,14689,14254,14254,51649,94624,-1160,14331,13807,13201,11363
A032500,케이엠더블유,20130311,14592,14640,14012,14399,68767,95911,-2420,14264,13706,13153,11302
A032500,케이엠더블유,20130308,14592,14785,14157,14399,132961,92724,13249,14080,13580,13094,11240
A032500,케이엠더블유,20130307,14109,14592,13819,14544,238265,90847,-5938,13926,13459,13044,11177
A032500,케이엠더블유,20130306,14109,14254,13771,14061,62480,89806,2790,13810,13321,13001,11110
A032500,케이엠더블유,20130305,13577,13964,13288,13916,79497,88509,13575,13819,13244,12970,11047
A032500,케이엠더블유,20130304,13626,13722,13432,13481,49067,79354,4702,13829,13176,12941,10984
A032500,케이엠더블유,20130228,13964,13964,13239,13626,129558,73849,8300,13916,13150,12918,10923
A032500,케이엠더블유,20130227,13964,14206,13771,13964,76907,74407,-4850,13954,13111,12886,10860
A032500,케이엠더블유,20130226,14012,14206,13916,14109,49222,77610,10000,13887,13056,12853,10796
A032500,케이엠더블유,20130225,14012,14206,13819,13964,85510,78467,18988,13858,12998,12817,10731
A032500,케이엠더블유,20130222,14012,14061,13626,13916,55572,77448,9862,13858,12959,12783,10667
A032500,케이엠더블유,20130221,13626,13867,13626,13819,59873,76440,7700,13693,12930,12759,10603
A032500,케이엠더블유,20130220,14254,14302,13239,13626,103517,72880,-200,13539,12923,12742,10540
A032500,케이엠더블유,20130219,14157,14157,13577,13964,113882,67912,0,13471,12940,12713,10479
A032500,케이엠더블유,20130218,13916,14544,13722,13964,222431,67776,2276,13220,12932,12681,10417
A032500,케이엠더블유,20130215,13046,13481,13046,13094,40178,67288,0,12872,12923,12649,10355
A032500,케이엠더블유,20130214,13239,13288,12901,13046,56478,66831,-2617,12630,12944,12606,10302
A032500,케이엠더블유,20130213,13191,13626,12853,13288,91712,65966,-19048,12418,12978,12572,10250
A032500,케이엠더블유,20130212,12369,12756,12224,12708,86484,64464,-5010,12118,13000,12539,10196
A032500,케이엠더블유,20130208,11596,12273,11596,12224,71259,66558,-4692,12079,13058,12522,10145
A032500,케이엠더블유,20130207,12176,12176,11355,11886,79842,62846,-1946,12147,13143,12516,10098
A032500,케이엠더블유,20130206,11645,12224,11645,11983,49774,64228,-5835,12360,13271,12511,10053
A032500,케이엠더블유,20130205,12514,12514,11741,11790,98166,57781,-1470,12534,13374,12487,10006
A032500,케이엠더블유,20130204,12659,12756,12176,12514,44059,56674,-10000,12746,13495,12457,9961
A032500,케이엠더블유,20130201,12804,12998,12369,12563,64964,53428,0,12833,13561,12419,9911
A032500,케이엠더블유,20130131,12756,13046,12466,12949,24266,55566,-1484,12959,13640,12387,9859
A032500,케이엠더블유,20130130,12853,13046,12659,12853,40549,55661,-9193,13036,13669,12344,9806
A032500,케이엠더블유,20130129,12949,13626,12853,12853,37218,54123,-807,13201,13681,12304,9752
A032500,케이엠더블유,20130128,13336,13336,12949,12949,26629,48611,0,13423,13701,12265,9696
A032500,케이엠더블유,20130125,13336,13336,12949,13191,47208,50379,550,13597,13703,12218,9638
A032500,케이엠더블유,20130124,13577,13674,13191,13336,53263,47028,80,13713,13635,12159,9578
A032500,케이엠더블유,20130123,13964,14012,13674,13674,32910,43993,1050,13751,13560,12087,9517
A032500,케이엠더블유,20130122,13722,13964,13529,13964,54858,47131,30,13761,13466,12013,9453
A032500,케이엠더블유,20130121,13674,14109,13626,13819,28424,50299,3389,13713,13362,11933,9386
A032500,케이엠더블유,20130118,13722,13819,13336,13771,40572,52812,70,13722,13242,11854,9320
A032500,케이엠더블유,20130117,13577,13819,13384,13529,36287,52469,50,13751,13133,11775,9252
A032500,케이엠더블유,20130116,13867,14109,13481,13722,51259,51402,80,13935,13056,11697,9187
A032500,케이엠더블유,20130115,13577,14061,13336,13722,47757,47093,9752,14003,12966,11619,9118
A032500,케이엠더블유,20130114,13722,13964,13384,13867,69423,50487,460,14099,12862,11532,9053
A032500,케이엠더블유,20130111,14399,14399,13867,13916,78036,46711,658,14090,12739,11441,8984
A032500,케이엠더블유,20130110,14061,14592,13867,14447,64346,49944,220,14138,12611,11332,8916
A032500,케이엠더블유,20130109,14351,14447,13916,14061,65177,49828,-580,13954,12432,11214,8842
A032500,케이엠더블유,20130108,13819,14496,13432,14206,98897,50467,-3305,13761,12299,11106,8773
A032500,케이엠더블유,20130107,13722,14447,13722,13819,81609,48345,920,13568,12186,10997,8703
A032500,케이엠더블유,20130104,13626,14302,13529,14157,103496,46280,742,13403,12106,10892,8636
A032500,케이엠더블유,20130103,13384,13626,12853,13529,105793,47115,26072,12940,12007,10782,8566
A032500,케이엠더블유,20130102,13384,13481,13094,13094,62957,47033,1000,12601,11935,10677,8502
A032500,케이엠더블유,20121228,12998,13529,12756,13239,88913,46538,1108,12341,11867,10570,8443
A032500,케이엠더블유,20121227,12031,13094,11838,12998,191426,49517,1131,12070,11804,10460,8381
A032500,케이엠더블유,20121226,11741,12080,11741,11838,46407,40743,20260,11751,11751,10354,8320
A032500,케이엠더블유,20121224,11693,12031,11596,11838,40742,42807,2200,11703,11753,10269,8268
A032500,케이엠더블유,20121221,11693,11935,11403,11790,46888,43970,-4000,11732,11787,10184,8218
A032500,케이엠더블유,20121220,11741,12659,11741,11886,105880,41412,-5000,11761,11838,10101,8168
A032500,케이엠더블유,20121218,11548,11741,11161,11403,49032,44389,12927,11712,11836,10018,8117
A032500,케이엠더블유,20121217,11983,12273,11596,11596,47107,41180,-46,11712,11869,9944,8071
A032500,케이엠더블유,20121214,11693,12224,11693,11983,35018,43996,0,11664,11891,9864,8023
A032500,케이엠더블유,20121213,11596,12369,11403,11935,107276,47507,10095,11442,11819,9774,7971
A032500,케이엠더블유,20121212,11210,11645,10823,11645,89027,46768,18467,11336,11770,9686,7919
A032500,케이엠더블유,20121211,11403,11741,11161,11403,54246,43526,-514,11394,11756,9600,7869
A032500,케이엠더블유,20121210,10727,11500,10533,11355,113692,49164,6182,11558,11770,9525,7822
A032500,케이엠더블유,20121207,11403,11693,9712,10872,386544,48064,41964,11722,11794,9451,7774
A032500,케이엠더블유,20121206,11790,12031,11016,11403,116880,44640,0,11964,11831,9385,7730
A032500,케이엠더블유,20121205,12224,12321,11838,11935,44208,49273,0,12031,11787,9309,7681
A032500,케이엠더블유,20121204,12031,12224,11741,12224,66756,51766,2003,12041,11690,9219,7628
A032500,케이엠더블유,20121203,12080,12514,11983,12176,56624,53741,-260,11983,11591,9123,7573
A032500,케이엠더블유,20121130,11790,12128,11500,12080,93504,62295,1991,11925,11514,9027,7518
A032500,케이엠더블유,20121129,12031,12224,11548,11741,93057,56522,30,12012,11430,8928,7463
A032500,케이엠더블유,20121128,11693,12321,11645,11983,69683,61372,0,12224,11364,8834,7412
A032500,케이엠더블유,20121127,11886,12176,11790,11935,87596,61964,-1531,12195,11289,8738,7361
A032500,케이엠더블유,20121126,12466,12563,11790,11886,183060,60201,0,12224,11200,8644,7312
A032500,케이엠더블유,20121123,12901,12901,12369,12514,101024,61876,-18246,12253,11087,8551,7264
A032500,케이엠더블유,20121122,11983,13046,11741,12804,268509,69440,9425,11857,10913,8448,7210
A032500,케이엠더블유,20121121,12176,12176,11645,11838,116000,70607,-15800,11490,10735,8338,7157
A032500,케이엠더블유,20121120,11741,12321,11645,12080,128882,70892,690,11393,10601,8246,7112
A032500,케이엠더블유,20121119,10485,12080,10485,12031,331130,75429,-1172,11316,10450,8153,7066
A032500,케이엠더블유,20121116,11016,11258,10388,10533,146827,51166,1000,11277,10302,8062,7021
A032500,케이엠더블유,20121115,11016,11306,10630,10968,162687,53545,2000,11490,10218,7999,6987
A032500,케이엠더블유,20121114,11645,11838,11306,11355,133115,48764,-13816,11403,10121,7929,6950
A032500,케이엠더블유,20121113,11886,12369,11451,11693,159510,51468,-14926,11132,9979,7853,6910
A032500,케이엠더블유,20121112,11693,12756,11645,11838,382996,50064,1000,10842,9814,7768,6866
A032500,케이엠더블유,20121109,10630,11596,10437,11596,299092,57122,26110,10601,9590,7680,6819
A032500,케이엠더블유,20121108,9857,10582,9664,10533,246834,59158,11000,10359,9379,7594,6775
A032500,케이엠더블유,20121107,10340,10340,9857,10002,130107,61319,14192,10340,9232,7525,6742
A032500,케이엠더블유,20121106,10630,10727,10243,10243,73405,53624,990,10437,9115,7464,6715
A032500,케이엠더블유,20121105,10388,10775,10195,10630,106596,53752,-28589,10417,8980,7402,6686
A032500,케이엠더블유,20121102,10437,10630,10147,10388,101561,49585,19000,10216,8825,7331,6655
A032500,케이엠더블유,20121101,10485,10533,10050,10437,126235,47782,-100,9946,8666,7267,6628
A032500,케이엠더블유,20121031,10098,10533,9808,10485,148212,49138,18300,9708,8480,7201,6603
A032500,케이엠더블유,20121030,9905,10292,9664,10147,281417,52707,-13833,9443,8287,7127,6577
A032500,케이엠더블유,20121029,9229,9625,8890,9625,157260,41803,32010,9225,8110,7058,6554
A032500,케이엠더블유,20121026,9248,9354,8939,9035,47949,42621,-3455,9115,7966,6998,6534
A032500,케이엠더블유,20121025,9093,9325,9055,9248,67129,48085,19430,9076,7853,6947,6519
A032500,케이엠더블유,20121024,9084,9161,8813,9161,44894,49418,0,9032,7729,6892,6501
A032500,케이엠더블유,20121023,9045,9432,8968,9055,102366,43972,0,8904,7618,6838,6482
A032500,케이엠더블유,20121022,8842,9200,8581,9074,89276,44406,-8399,8773,7513,6786,6461
A032500,케이엠더블유,20121019,8939,9016,8639,8842,104557,41818,16895,8427,7397,6729,6439
A032500,케이엠더블유,20121018,8784,9258,8600,9026,244017,39540,41656,8137,7285,6676,6420
A032500,케이엠더블유,20121017,8504,8881,8233,8523,256222,45325,10000,7849,7167,6618,6400
A032500,케이엠더블유,20121016,7344,8446,7344,8398,424388,44889,5137,7677,7065,6573,6383
A032500,케이엠더블유,20121015,7431,7441,7190,7344,83005,42875,20752,7504,6989,6528,6369
A032500,케이엠더블유,20121012,7586,7634,7315,7392,52771,39017,80,7543,6968,6499,6363
A032500,케이엠더블유,20121011,7663,7731,7537,7586,40738,35254,0,7506,6945,6471,6357
A032500,케이엠더블유,20121010,7537,7760,7489,7663,84764,35536,4772,7332,6908,6439,6350
A032500,케이엠더블유,20121009,7508,7779,7470,7537,98420,37303,13226,7124,6852,6408,6342
A032500,케이엠더블유,20121008,7238,7624,7064,7537,177031,34828,17743,6940,6799,6379,6336
A032500,케이엠더블유,20121005,6832,7238,6619,7209,148328,38962,31378,6778,6741,6350,6330
A032500,케이엠더블유,20121004,6658,6803,6571,6716,38355,37148,0,6693,6688,6328,6325
A032500,케이엠더블유,20121002,6851,6851,6542,6619,8057,35687,0,6704,6659,6316,6324
A032500,케이엠더블유,20120928,6668,6774,6571,6619,9829,34906,0,6766,6639,6302,6324
A032500,케이엠더블유,20120927,6745,6774,6552,6726,29827,35068,0,6834,6622,6286,6323
A032500,케이엠더블유,20120926,6774,6861,6668,6784,12791,37471,0,6842,6600,6268,6323
A032500,케이엠더블유,20120925,6977,6987,6639,6774,56723,37544,0,6805,6577,6251,6320
A032500,케이엠더블유,20120924,7103,7103,6861,6929,63703,40137,-12482,6784,6550,6234,6319
A032500,케이엠더블유,20120921,6861,7054,6764,6958,102862,43794,23579,6693,6519,6215,6318
A032500,케이엠더블유,20120920,6706,6813,6571,6764,55422,42836,0,6679,6495,6198,6316
A032500,케이엠더블유,20120919,6706,6764,6532,6600,38287,41173,0,6710,6485,6183,6315
A032500,케이엠더블유,20120918,6474,6668,6474,6668,40220,40533,6700,6774,6493,6169,6317
A032500,케이엠더블유,20120917,6764,6813,6378,6474,104358,36858,11000,6813,6498,6152,6320
A032500,케이엠더블유,20120914,6919,7064,6822,6890,40075,35564,0,6824,6514,6139,6323
A032500,케이엠더블유,20120913,6958,6958,6793,6919,32076,35683,10000,6743,6500,6119,6322
A032500,케이엠더블유,20120912,6764,6958,6755,6919,60441,35036,10000,6633,6483,6098,6319
A032500,케이엠더블유,20120911,6474,6958,6474,6861,107423,34274,24000,6478,6459,6075,6316
A032500,케이엠더블유,20120910,6484,6571,6397,6532,22127,34167,0,6335,6435,6053,6313
A032500,케이엠더블유,20120907,6484,6542,6397,6484,17389,34908,5260,6273,6425,6037,6313
A032500,케이엠더블유,20120906,6146,6445,6088,6368,83885,36439,0,6231,6427,6022,6313
A032500,케이엠더블유,20120905,6146,6223,6088,6146,9365,34803,0,6217,6428,6009,6314
A032500,케이엠더블유,20120904,6117,6271,6040,6146,18829,35552,0,6250,6447,5998,6316
A032500,케이엠더블유,20120903,6271,6329,5953,6223,43437,35390,-14836,6267,6463,5990,6316
A032500,케이엠더블유,20120831,6300,6300,6184,6271,16094,35258,0,6287,6454,5983,6314
A032500,케이엠더블유,20120830,6310,6378,6204,6300,11821,34483,0,6327,6442,5980,6310
A032500,케이엠더블유,20120829,6155,6320,6155,6310,25916,35774,0,6380,6428,5976,6304
A032500,케이엠더블유,20120828,6300,6310,6155,6233,10107,35122,-788,6469,6412,5973,6297
A032500,케이엠더블유,20120827,6310,6455,6136,6320,28756,34996,-246,6577,6398,5976,6290
A032500,케이엠더블유,20120824,6561,6648,6426,6474,27510,34799,-3212,6673,6378,5977,6282
A032500,케이엠더블유,20120823,6687,6697,6494,6561,67013,34815,-9106,6699,6349,5979,6274
A032500,케이엠더블유,20120822,6861,7045,6668,6755,74761,33995,-1758,6701,6306,5980,6265
A032500,케이엠더블유,20120821,6919,6919,6726,6774,25792,33541,0,6639,6252,5976,6255
A032500,케이엠더블유,20120820,6629,6832,6503,6803,49306,34788,1000,6559,6188,5971,6244
A032500,케이엠더블유,20120817,6639,6697,6552,6600,14944,35830,1000,6465,6140,5967,6233
A032500,케이엠더블유,20120816,6474,6581,6329,6571,34167,35741,0,6451,6093,5964,6224
A032500,케이엠더블유,20120814,6436,6523,6368,6445,32572,35087,-1,6414,6048,5958,6217
A032500,케이엠더블유,20120813,6300,6455,6300,6378,22827,34750,0,6432,6009,5956,6211
A032500,케이엠더블유,20120810,6619,6619,6329,6329,33021,35326,-1000,6447,5974,5959,6206
A032500,케이엠더블유,20120809,6387,6532,6349,6532,48235,35001,-500,6393,5948,5966,6203
A032500,케이엠더블유,20120808,6571,6726,6349,6387,56301,34507,500,6293,5912,5971,6197
A032500,케이엠더블유,20120807,6619,6842,6513,6532,130763,35350,3247,6219,5882,5979,6193
A032500,케이엠더블유,20120806,6088,6639,6049,6455,235402,32584,0,6111,5849,5990,6186
A032500,케이엠더블유,20120803,6030,6068,5991,6059,9392,34348,0,6009,5826,6004,6180
A032500,케이엠더블유,20120802,6068,6078,5933,6030,8126,34731,0,5980,5812,6027,6177
A032500,케이엠더블유,20120801,5904,6059,5895,6020,15649,35215,0,5953,5794,6049,6174
A032500,케이엠더블유,20120731,6068,6068,5943,5991,6160,35218,0,5889,5775,6071,6170
A032500,케이엠더블유,20120730,6030,6030,5846,5943,7031,36638,0,5825,5765,6090,6164
A032500,케이엠더블유,20120727,5933,5943,5856,5914,2450,36721,0,5738,5756,6110,6160
A032500,케이엠더블유,20120726,5730,5924,5730,5895,14411,36557,0,5723,5749,6126,6156
A032500,케이엠더블유,20120725,5788,5904,5634,5701,10922,37542,0,5676,5749,6137,6153
A032500,케이엠더블유,20120724,5721,5750,5595,5672,8156,37836,-3000,5669,5758,6149,6151
A032500,케이엠더블유,20120723,5846,5846,5508,5508,10749,37921,0,5667,5762,6163,6149
A032500,케이엠더블유,20120720,5692,5924,5682,5837,18860,38072,0,5702,5770,6181,6150
A032500,케이엠더블유,20120719,5701,5701,5556,5663,8263,37865,0,5698,5761,6194,6149
A032500,케이엠더블유,20120718,5750,5750,5527,5663,5156,38237,0,5725,5764,6210,6149
A032500,케이엠더블유,20120717,5595,5682,5508,5663,10864,38230,0,5752,5763,6226,6150
A032500,케이엠더블유,20120716,5953,5953,5605,5682,16126,38322,0,5794,5757,6243,6152
A032500,케이엠더블유,20120713,5846,5895,5653,5817,7879,38431,0,5854,5751,6260,6154
A032500,케이엠더블유,20120712,5788,5943,5701,5798,15572,38807,0,5850,5739,6276,6153
A032500,케이엠더블유,20120711,5885,5885,5663,5798,4115,38354,500,5821,5728,6292,6154
A032500,케이엠더블유,20120710,5962,6049,5518,5875,7256,38480,0,5792,5717,6309,6154
A032500,케이엠더블유,20120709,5885,6068,5779,5982,24353,38471,0,5773,5698,6322,6155
A032500,케이엠더블유,20120706,5682,5895,5682,5798,21331,38997,0,5728,5682,6332,6155
A032500,케이엠더블유,20120705,5605,5701,5556,5653,38117,39654,0,5726,5682,6345,6155
A032500,케이엠더블유,20120704,5827,5837,5527,5653,11038,39632,0,5775,5704,6361,6156
A032500,케이엠더블유,20120703,5759,5885,5701,5779,8589,39757,0,5821,5725,6378,6155
A032500,케이엠더블유,20120702,5837,5933,5653,5759,20282,39523,0,5813,5741,6388,6154
A032500,케이엠더블유,20120629,5953,5953,5740,5788,17211,39883,0,5798,5774,6404,6154
A032500,케이엠더블유,20120628,5924,6088,5846,5895,17559,39915,1000,5771,5805,6420,6152
A032500,케이엠더블유,20120627,5788,5991,5663,5885,21992,39378,500,5734,5840,6435,6147
A032500,케이엠더블유,20120626,5701,5798,5663,5740,13457,39482,338,5688,5876,6448,6139
A032500,케이엠더블유,20120625,5904,5904,5605,5682,9991,39711,0,5649,5915,6465,6130
A032500,케이엠더블유,20120622,5711,5788,5624,5653,8410,38938,0,5624,5955,6487,6122
A032500,케이엠더블유,20120621,5614,5827,5614,5711,31176,39272,0,5607,5998,6507,6114
A032500,케이엠더블유,20120620,5547,5653,5518,5653,29595,39569,0,5581,6037,6525,6106
A032500,케이엠더블유,20120619,5489,5614,5469,5547,14360,39682,0,5566,6063,6539,6099
A032500,케이엠더블유,20120618,5605,5634,5508,5556,23658,40544,0,5558,6102,6556,6092
A032500,케이엠더블유,20120615,5585,5624,5411,5566,15190,39971,0,5576,6154,6573,6086
A032500,케이엠더블유,20120614,5576,5634,5479,5585,7742,41359,0,5622,6210,6589,6079
A032500,케이엠더블유,20120613,5701,5769,5479,5576,6286,40979,0,5726,6273,6604,6070
A032500,케이엠더블유,20120612,5556,5643,5431,5508,45038,41627,1000,5827,6339,6619,6064
A032500,케이엠더블유,20120611,5798,5991,5537,5643,51988,41521,0,5943,6422,6634,6058
A032500,케이엠더블유,20120608,6040,6184,5672,5798,27170,42101,0,6099,6506,6641,6052
A032500,케이엠더블유,20120607,6097,6233,5170,6107,43336,43423,0,6221,6587,6646,6045
A032500,케이엠더블유,20120605,6020,6233,5991,6078,12048,39940,0,6320,6650,6639,6036
A032500,케이엠더블유,20120604,6271,6329,5914,6088,27699,40398,500,6424,6712,6632,6027
A032500,케이엠더블유,20120601,6571,6571,6378,6426,9273,38588,800,6511,6763,6621,6019
A032500,케이엠더블유,20120531,6445,6542,6291,6407,7190,38648,0,6523,6800,6603,6008
A032500,케이엠더블유,20120530,6474,6600,6445,6600,10715,38627,0,6544,6823,6586,5997
A032500,케이엠더블유,20120529,6223,6600,6223,6600,19384,39015,0,6519,6821,6568,5984
A032500,케이엠더블유,20120525,6378,6571,6378,6523,6418,39221,0,6436,6814,6551,5971
A032500,케이엠더블유,20120524,6581,6581,6436,6484,20357,38565,500,6397,6812,6534,5958
A032500,케이엠더블유,20120523,6474,6571,6329,6513,13939,38856,1000,6416,6818,6516,5945
A032500,케이엠더블유,20120522,6194,6474,6194,6474,16558,39739,1209,6453,6821,6499,5932
A032500,케이엠더블유,20120521,6194,6436,6155,6184,14198,38441,0,6527,6830,6483,5919
A032500,케이엠더블유,20120518,6426,6668,6194,6329,48803,41088,0,6668,6851,6475,5908
A032500,케이엠더블유,20120517,6523,6716,6387,6581,68321,42076,0,6836,6868,6467,5898
A032500,케이엠더블유,20120516,6639,6842,6639,6697,28029,40990,10000,6987,6876,6453,5885
A032500,케이엠더블유,20120515,6880,6890,6523,6842,58829,42729,0,7131,6879,6440,5873
A032500,케이엠더블유,20120514,7170,7354,6822,6890,30912,42191,0,7236,6875,6423,5859
A032500,케이엠더블유,20120511,7228,7373,7045,7170,29597,42899,0,7319,6872,6406,5844
A032500,케이엠더블유,20120510,7354,7441,7257,7334,23280,41986,0,7309,6845,6382,5826
A032500,케이엠더블유,20120509,7363,7537,7315,7421,42836,41597,574,7274,6809,6355,5805
A032500,케이엠더블유,20120508,7315,7576,7199,7363,148719,42038,0,7162,6766,6327,5783
A032500,케이엠더블유,20120507,7190,7305,7064,7305,57336,38207,0,7004,6728,6299,5762
A032500,케이엠더블유,20120504,7151,7276,7064,7122,54224,39118,0,6832,6696,6270,5739
A032500,케이엠더블유,20120503,6861,7392,6861,7161,76412,39075,0,6708,6661,6239,5715
A032500,케이엠더블유,20120502,6445,6861,6445,6861,47560,36792,0,6596,6637,6210,5693
A032500,케이엠더블유,20120430,6581,6581,6397,6571,12381,34084,0,6538,6632,6187,5673
A032500,케이엠더블유,20120427,6513,6745,6436,6445,22084,34606,0,6555,6643,6168,5658
A032500,케이엠더블유,20120426,6610,6716,6416,6503,19790,34378,0,6586,6653,6152,5644
A032500,케이엠더블유,20120425,6571,6764,6474,6600,17566,34385,0,6619,6669,6134,5627
A032500,케이엠더블유,20120424,6639,6648,6513,6571,13383,34858,0,6646,6687,6118,5612
A032500,케이엠더블유,20120423,6532,6668,6503,6658,22981,36379,0,6685,6701,6105,5601
A032500,케이엠더블유,20120420,6503,6755,6503,6600,6810,36346,0,6706,6708,6088,5588
A032500,케이엠더블유,20120419,6735,6793,6648,6668,10635,37010,0,6751,6704,6074,5576
A032500,케이엠더블유,20120418,6813,6861,6619,6735,33598,37835,0,6745,6699,6062,5563
A032500,케이엠더블유,20120417,6948,6948,6474,6764,64770,39065,0,6718,6690,6048,5547
A032500,케이엠더블유,20120416,6822,6842,6716,6764,11516,44384,0,6679,6677,6031,5529
A032500,케이엠더블유,20120413,6619,6851,6610,6822,28352,44745,0,6648,6664,6016,5508
A032500,케이엠더블유,20120412,6629,6648,6474,6639,20571,43757,0,6616,6647,6000,5487
A032500,케이엠더블유,20120410,6426,6658,6426,6600,19158,42470,0,6573,6636,5989,5466
A032500,케이엠더블유,20120409,6310,6697,6310,6571,18287,42488,0,6587,6609,5978,5447
A032500,케이엠더블유,20120406,6687,6706,6552,6610,30464,42499,0,6625,6585,5964,5430
A032500,케이엠더블유,20120405,6291,6658,6175,6658,45385,45890,-1454,6662,6539,5950,5412
A032500,케이엠더블유,20120404,6677,6803,6184,6426,41404,48487,-10,6660,6487,5933,5393
A032500,케이엠더블유,20120403,6755,6755,6465,6668,46377,51205,10,6737,6437,5920,5375
A032500,케이엠더블유,20120402,6793,6929,6726,6764,20120,52089,0,6799,6373,5904,5353
A032500,케이엠더블유,20120330,6532,6842,6532,6793,23760,54012,0,6815,6304,5884,5330
A032500,케이엠더블유,20120329,6813,6813,6629,6648,26244,52328,0,6815,6241,5860,5307
A032500,케이엠더블유,20120328,6958,6996,6735,6813,65324,54583,0,6790,6186,5830,5285
A032500,케이엠더블유,20120327,6813,7054,6813,6977,61743,58015,0,6739,6121,5795,5260
A032500,케이엠더블유,20120326,6861,6861,6745,6842,34323,56095,-436,6658,6042,5757,5233
A032500,케이엠더블유,20120323,6494,6871,6397,6793,83010,55871,-400,6590,5976,5721,5207
A032500,케이엠더블유,20120322,6658,6658,6445,6523,29275,47896,0,6530,5912,5687,5184
A032500,케이엠더블유,20120321,6571,6619,6436,6561,27735,46406,-953,6523,5871,5658,5164
A032500,케이엠더블유,20120320,6445,6619,6387,6571,55720,46374,0,6496,5833,5628,5142
A032500,케이엠더블유,20120319,6745,6958,6455,6503,209982,40512,400,6393,5794,5599,5122
A032500,케이엠더블유,20120316,6571,6619,6387,6494,35817,45430,0,6308,5764,5569,5100
A032500,케이엠더블유,20120315,6474,6561,6281,6484,99681,44629,0,6150,5731,5537,5081
A032500,케이엠더블유,20120314,6068,6542,6059,6426,165937,43743,0,5978,5699,5509,5065
A032500,케이엠더블유,20120313,6097,6146,5953,6059,51147,38628,789,5777,5663,5482,5052
A032500,케이엠더블유,20120312,6030,6155,5904,6078,114465,36939,10361,5643,5646,5463,5040
A032500,케이엠더블유,20120309,5643,5701,5547,5701,37695,33982,0,5504,5629,5444,5023
A032500,케이엠더블유,20120308,5498,5653,5440,5624,34382,35554,0,5469,5630,5432,5009
A032500,케이엠더블유,20120307,5353,5421,5286,5421,33848,34829,0,5454,5625,5423,4996
A032500,케이엠더블유,20120306,5402,5460,5315,5392,24224,34862,0,5471,5619,5417,4983
A032500,케이엠더블유,20120305,5566,5566,5315,5382,25569,35461,0,5475,5620,5412,4973
A032500,케이엠더블유,20120302,5508,5585,5469,5527,9364,37383,0,5502,5624,5407,4962
A032500,케이엠더블유,20120229,5643,5643,5460,5547,15859,36443,-295,5498,5622,5399,4952
A032500,케이엠더블유,20120228,5421,5556,5411,5508,22763,36257,0,5531,5618,5391,4940
A032500,케이엠더블유,20120227,5489,5663,5411,5411,25370,35958,0,5589,5613,5382,4929
A032500,케이엠더블유,20120224,5518,5701,5431,5518,24435,35990,0,5665,5624,5373,4919
A032500,케이엠더블유,20120223,5711,5779,5489,5508,32759,36662,0,5740,5637,5365,4908
A032500,케이엠더블유,20120222,5817,5991,5595,5711,55275,36680,0,5808,5646,5354,4898
A032500,케이엠더블유,20120221,5740,5943,5537,5798,103921,36260,15471,5835,5648,5341,4887
A032500,케이엠더블유,20120220,5846,6059,5102,5788,54118,34216,0,5815,5653,5329,4875
A032500,케이엠더블유,20120217,5943,5943,5827,5895,20465,36643,0,5802,5660,5316,4863
A032500,케이엠더블유,20120216,6040,6040,5788,5846,42877,36016,0,5771,5652,5306,4848
A032500,케이엠더블유,20120215,5943,6011,5740,5846,151179,39743,0,5744,5653,5295,4834
A032500,케이엠더블유,20120214,5750,5750,5614,5701,30160,32114,0,5682,5652,5282,4819
A032500,케이엠더블유,20120213,5759,5779,5653,5721,19593,33496,0,5601,5666,5270,4807
A032500,케이엠더블유,20120210,5798,5914,5711,5740,59946,34882,0,5539,5680,5255,4795
A032500,케이엠더블유,20120209,5450,5759,5431,5711,51923,37086,5667,5483,5679,5240,4786
A032500,케이엠더블유,20120208,5266,5537,5257,5537,51341,36637,-9060,5436,5682,5224,4777
A032500,케이엠더블유,20120207,5315,5450,5247,5295,67712,32304,-13129,5425,5685,5208,4770
A032500,케이엠더블유,20120206,5547,5547,5363,5411,28839,33878,-5519,5448,5704,5191,4762
A032500,케이엠더블유,20120203,5382,5527,5276,5460,34562,34706,-684,5491,5717,5175,4752
A032500,케이엠더블유,20120202,5421,5614,5421,5479,48454,34208,-6963,5554,5723,5159,4742
A032500,케이엠더블유,20120201,5450,5566,5382,5479,24178,32490,-5528,5595,5717,5147,4728
A032500,케이엠더블유,20120131,5460,5595,5315,5411,75545,32573,-10999,5651,5685,5135,4715
A032500,케이엠더블유,20120130,5682,5779,5556,5624,17198,34800,-45,5750,5650,5120,4709
A032500,케이엠더블유,20120127,5740,5856,5537,5779,24147,34802,0,5808,5604,5106,4706
A032500,케이엠더블유,20120126,5827,5827,5605,5682,47657,36091,-14540,5800,5550,5097,4701
A032500,케이엠더블유,20120125,5982,5982,5750,5759,28767,36915,0,5838,5503,5087,4698
A032500,케이엠더블유,20120120,6126,6378,5798,5904,249611,35735,0,5852,5454,5077,4696
A032500,케이엠더블유,20120119,5788,6281,5566,5914,147780,40863,1839,5868,5399,5065,4690
A032500,케이엠더블유,20120118,5943,5953,5653,5740,40702,40193,-4511,5883,5344,5046,4685
A032500,케이엠더블유,20120117,5798,6059,5779,5875,24205,40755,0,5879,5291,5026,4683
A032500,케이엠더블유,20120116,6040,6088,5817,5827,40825,40513,17,5860,5225,5000,4680
A032500,케이엠더블유,20120113,6107,6107,5875,5982,24451,41671,3000,5814,5175,4974,4677
A032500,케이엠더블유,20120112,5846,6136,5837,5991,118272,41965,0,5750,5115,4944,4675
A032500,케이엠더블유,20120111,5875,5885,5721,5721,32258,40139,0,5688,5063,4916,4673
A032500,케이엠더블유,20120110,5672,5788,5518,5779,41744,40135,4291,5659,5024,4895,4669
A032500,케이엠더블유,20120109,5518,5759,5508,5595,28317,37168,0,5574,4985,4873,4662
A032500,케이엠더블유,20120106,5682,5788,5469,5663,39593,36106,0,5425,4959,4854,4656
A032500,케이엠더블유,20120105,5779,5779,5518,5682,68027,34334,0,5232,4930,4830,4649
A032500,케이엠더블유,20120104,5489,5943,5460,5576,262162,34272,43204,5036,4899,4803,4640
A032500,케이엠더블유,20120103,4880,5469,4880,5353,143647,35632,21163,4863,4874,4777,4633
A032500,케이엠더블유,20120102,4711,5044,4711,4851,11775,35765,0,4740,4860,4755,4631
A032500,케이엠더블유,20111229,4498,4711,4498,4696,3272,35419,0,4724,4869,4741,4632
A032500,케이엠더블유,20111228,4711,4711,4546,4706,8520,35452,0,4746,4884,4726,4630
A032500,케이엠더블유,20111227,4774,4822,4595,4711,5069,36442,0,4767,4892,4709,4628
A032500,케이엠더블유,20111226,4986,4986,4735,4735,17458,36814,0,4764,4907,4694,4625
A032500,케이엠더블유,20111223,4735,4822,4735,4774,12300,37328,0,4726,4914,4682,4624
A032500,케이엠더블유,20111222,4740,4851,4725,4803,14205,36181,0,4738,4921,4670,4623
A032500,케이엠더블유,20111221,4725,4918,4725,4812,22806,36142,0,4734,4934,4656,4622
A032500,케이엠더블유,20111220,4348,4798,4348,4696,39625,36376,0,4761,4946,4645,4621
A032500,케이엠더블유,20111219,4798,4918,4232,4546,41740,35160,0,4811,4974,4631,4622
A032500,케이엠더블유,20111216,4928,4928,4720,4832,34944,39198,0,4899,5008,4626,4623
A032500,케이엠더블유,20111215,5034,5034,4783,4783,30972,36904,0,4949,5017,4622,4621
A032500,케이엠더블유,20111214,5063,5179,4880,4947,21935,37907,-44,5007,5030,4622,4620
A032500,케이엠더블유,20111213,4986,4986,4832,4947,15284,39651,0,5032,5022,4617,4617
A032500,케이엠더블유,20111212,5121,5121,4986,4986,17887,38692,0,5056,5018,4602,4611
A032500,케이엠더블유,20111209,5092,5092,4928,5083,20580,39508,-1300,5073,5004,4587,4603
A032500,케이엠더블유,20111208,5015,5160,4967,5073,9189,39909,0,5063,4979,4568,4594
A032500,케이엠더블유,20111207,5218,5218,4928,5073,21986,40320,0,5048,4940,4549,4585
A032500,케이엠더블유,20111206,5199,5199,4967,5063,11545,40941,0,5009,4909,4533,4574
A032500,케이엠더블유,20111205,5305,5305,4986,5073,8758,42694,0,4996,4882,4518,4564
A032500,케이엠더블유,20111202,5044,5044,4928,5034,10967,42202,0,4957,4865,4504,4553
A032500,케이엠더블유,20111201,5121,5121,4947,4996,39543,42001,0,4934,4850,4490,4541
A032500,케이엠더블유,20111130,4909,5054,4860,4880,22613,42976,0,4947,4827,4475,4531
A032500,케이엠더블유,20111129,4899,5092,4880,4996,22597,40924,0,4982,4823,4464,4521
A032500,케이엠더블유,20111128,4976,4976,4832,4880,14084,38979,0,5034,4835,4452,4509
A032500,케이엠더블유,20111125,4947,5044,4841,4918,21732,38359,0,5102,4845,4442,4500
A032500,케이엠더블유,20111124,5054,5112,4909,5063,15854,39423,0,5123,4858,4433,4491
A032500,케이엠더블유,20111123,5344,5344,4976,5054,24903,38661,0,5116,4863,4421,4481
A032500,케이엠더블유,20111122,5083,5305,5054,5257,28942,37500,0,5066,4849,4409,4471
A032500,케이엠더블유,20111121,5112,5276,4967,5218,46341,37729,0,4984,4814,4390,4460
A032500,케이엠더블유,20111118,5121,5121,4918,5025,33261,36573,0,4886,4768,4372,4451
A032500,케이엠더블유,20111117,4803,5160,4687,5025,90898,37548,0,4795,4729,4357,4444
A032500,케이엠더블유,20111116,4938,4938,4716,4803,38490,36286,0,4647,4687,4344,4437
A032500,케이엠더블유,20111115,4735,4996,4595,4851,210172,37923,0,4579,4664,4335,4432
A032500,케이엠더블유,20111114,4687,4783,4600,4725,73516,39739,-2,4512,4643,4331,4426
A032500,케이엠더블유,20111111,4300,4571,4232,4571,37560,42915,0,4514,4629,4330,4422
A032500,케이엠더블유,20111110,4348,4411,4218,4285,27534,44435,6,4547,4625,4332,4421
A032500,케이엠더블유,20111109,4522,4696,4348,4464,74876,45387,0,4599,4621,4333,4424
A032500,케이엠더블유,20111108,4716,4807,4464,4513,72449,50117,-1,4665,4600,4330,4424
A032500,케이엠더블유,20111107,4870,5083,4658,4735,41808,48240,0,4809,4575,4324,4425
A032500,케이엠더블유,20111104,4580,4827,4580,4740,44136,51964,0,4877,4539,4308,4425
A032500,케이엠더블유,20111103,4889,4889,4542,4542,25850,47141,0,4965,4504,4296,4426
A032500,케이엠더블유,20111102,4986,5208,4788,4793,61694,44167,0,5090,4467,4298,4427
A032500,케이엠더블유,20111101,4880,5266,4880,5237,50048,43571,0,5088,4411,4305,4426
A032500,케이엠더블유,20111031,5344,5344,5025,5073,34953,43877,2,4949,4339,4306,4422
A032500,케이엠더블유,20111028,5247,5460,5102,5179,78864,39626,0,4795,4288,4310,4419
A032500,케이엠더블유,20111027,4783,5286,4754,5170,135223,44364,0,4608,4231,4314,4417
A032500,케이엠더블유,20111026,4426,4822,4426,4783,83341,47263,0,4412,4171,4316,4415
A032500,케이엠더블유,20111025,4725,4725,4445,4542,79753,44781,-2,4323,4139,4324,4415
A032500,케이엠더블유,20111024,4406,4406,4218,4300,40139,44438,-2,4302,4104,4339,4419
A032500,케이엠더블유,20111021,4165,4339,4160,4247,21290,44315,-2,4331,4102,4359,4426
A032500,케이엠더블유,20111020,4368,4368,4189,4189,31849,43015,10,4378,4119,4381,4431
A032500,케이엠더블유,20111019,4358,4522,4271,4339,73730,43520,0,4381,4149,4407,4438
A032500,케이엠더블유,20111018,4426,4575,4276,4435,36059,41983,0,4325,4165,4430,4444
A032500,케이엠더블유,20111017,4426,4561,4348,4445,43444,43161,0,4240,4146,4442,4448
A032500,케이엠더블유,20111014,4223,4783,4223,4484,160779,38643,-1,4155,4126,4452,4451
A032500,케이엠더블유,20111013,4068,4271,4054,4203,50299,45802,2,4066,4100,4458,4456
A032500,케이엠더블유,20111012,3962,4107,3962,4058,21796,40502,-4,3985,4087,4468,4462
A032500,케이엠더블유,20111011,4087,4087,3928,4010,33746,39693,0,3907,4090,4478,4471
A032500,케이엠더블유,20111010,4058,4058,3918,4020,16579,38073,0,3865,4097,4490,4481
A032500,케이엠더블유,20111007,3875,4058,3846,4039,32402,37755,0,3870,4108,4508,4491
A032500,케이엠더블유,20111006,3739,3860,3715,3797,32692,38134,-14,3871,4116,4523,4499
A032500,케이엠더블유,20111005,3768,3884,3590,3667,52412,38550,0,3906,4132,4534,4509
A032500,케이엠더블유,20111004,3807,3986,3657,3802,22034,36623,2,4000,4160,4547,4522
A032500,케이엠더블유,20110930,4049,4107,3947,4044,36994,36888,0,4008,4181,4557,4534
A032500,케이엠더블유,20110929,3817,4054,3817,4044,16311,35805,0,4051,4195,4566,4544
A032500,케이엠더블유,20110928,4174,4348,3971,3971,29413,37733,0,4162,4209,4576,4553
A032500,케이엠더블유,20110927,3904,4141,3884,4141,64693,38103,-19,4325,4230,4588,4565
A032500,케이엠더블유,20110926,4358,4358,3619,3841,73687,41158,0,4429,4238,4597,4576
A032500,케이엠더블유,20110923,4339,4416,4155,4256,72479,43366,0,4471,4251,4613,4588
A032500,케이엠더블유,20110922,4788,4788,4571,4600,64996,38736,0,4430,4246,4621,4598
A032500,케이엠더블유,20110921,4976,5160,4764,4788,540787,39250,0,4302,4224,4620,4606
A032500,케이엠더블유,20110920,4058,4658,4058,4658,409028,38937,0,4134,4196,4619,4612
A032500,케이엠더블유,20110919,4203,4203,4010,4054,23958,38259,0,4025,4175,4617,4618
A032500,케이엠더블유,20110916,4054,4141,4010,4049,8545,39929,0,4045,4204,4621,4629
A032500,케이엠더블유,20110915,4150,4174,3952,3962,6140,40948,0,4083,4235,4620,4640
A032500,케이엠더블유,20110914,4199,4252,3947,3947,14064,41786,0,4131,4270,4620,4650
A032500,케이엠더블유,20110909,4155,4232,4054,4112,12911,43037,-18,4163,4291,4621,4661
A032500,케이엠더블유,20110908,4165,4242,4155,4155,7344,44596,0,4185,4298,4616,4668
A032500,케이엠더블유,20110907,4107,4329,4102,4237,15208,44687,0,4199,4299,4610,4673
A032500,케이엠더블유,20110906,4049,4247,3913,4203,16791,45338,0,4216,4278,4601,4677
A032500,케이엠더블유,20110905,4247,4343,4058,4107,13986,47456,0,4242,4268,4593,4682
A032500,케이엠더블유,20110902,4223,4348,4126,4223,18930,49700,0,4296,4294,4586,4691
A032500,케이엠더블유,20110901,4387,4469,4223,4223,25631,51540,4,4312,4344,4577,4701
A032500,케이엠더블유,20110831,4348,4440,4319,4324,17086,51296,-4,4290,4397,4567,4713
A032500,케이엠더블유,20110830,4382,4532,4334,4334,20770,51486,0,4255,4447,4557,4724
A032500,케이엠더블유,20110829,4590,4590,4343,4377,18980,53266,0,4220,4503,4549,4737
A032500,케이엠더블유,20110826,4242,4464,4223,4300,38782,52149,0,4190,4547,4540,4749
A032500,케이엠더블유,20110825,4300,4300,4015,4116,12782,53794,0,4177,4594,4534,4761
A032500,케이엠더블유,20110824,4348,4348,4107,4150,17504,55440,0,4282,4663,4530,4775
A032500,케이엠더블유,20110823,4199,4319,4155,4155,30956,56612,-12,4386,4730,4530,4786
A032500,케이엠더블유,20110822,4029,4343,4029,4228,16126,52523,12,4487,4799,4530,4797
A032500,케이엠더블유,20110819,4358,4411,4107,4237,45591,56935,6,4513,4876,4530,4808
A032500,케이엠더블유,20110818,4580,4730,4343,4638,44242,60181,0,4519,4949,4529,4819
A032500,케이엠더블유,20110817,4822,4822,4633,4672,33202,61035,4,4425,4976,4521,4828
A032500,케이엠더블유,20110816,4585,4735,4493,4662,55915,63618,-8,4254,4994,4514,4836
A032500,케이엠더블유,20110812,4334,4522,4285,4358,58909,59919,0,4122,5005,4511,4845
A032500,케이엠더블유,20110811,3691,4290,3691,4266,40380,55681,0,4178,5026,4514,4858
A032500,케이엠더블유,20110810,3884,4228,3884,4165,61611,57512,2,4369,5046,4519,4871
A032500,케이엠더블유,20110809,3498,3962,3406,3817,90819,61398,0,4591,5074,4526,4886
A032500,케이엠더블유,20110808,4629,4735,3991,4005,49238,60745,2,4892,5138,4541,4904
A032500,케이엠더블유,20110805,4769,4832,4459,4638,67238,60064,0,5183,5185,4555,4922
A032500,케이엠더블유,20110804,5421,5421,4880,5218,24762,66133,0,5305,5175,4556,4937
A032500,케이엠더블유,20110803,5247,5392,5121,5276,37291,65211,10,5313,5136,4548,4948
A032500,케이엠더블유,20110802,5663,5663,5305,5324,40503,64171,-2,5353,5094,4538,4960
A032500,케이엠더블유,20110801,5228,5460,5170,5460,30859,65784,0,5390,5057,4528,4971
A032500,케이엠더블유,20110729,5286,5402,5141,5247,34929,59428,2,5404,5016,4519,4982
A032500,케이엠더블유,20110728,5334,5460,5247,5257,84223,58853,2,5508,4988,4513,4995
A032500,케이엠더블유,20110727,5527,5634,5247,5479,104261,54031,0,5597,4959,4507,5007
A032500,케이엠더블유,20110726,5460,5701,5460,5508,51420,47998,-2,5537,4924,4499,5016
A032500,케이엠더블유,20110725,5798,5866,5527,5527,79216,45766,0,5438,4886,4492,5027
A032500,케이엠더블유,20110722,5798,5972,5721,5769,173983,46868,0,5311,4838,4482,5042
A032500,케이엠더블유,20110721,5179,5953,5179,5701,551351,44192,0,5112,4785,4468,5051
A032500,케이엠더블유,20110720,5218,5218,5063,5179,67220,46416,0,4905,4727,4457,5058
A032500,케이엠더블유,20110719,4976,5083,4793,5015,72907,46713,-6,4816,4681,4453,5070
A032500,케이엠더블유,20110718,4754,5170,4754,4889,73498,45364,-8,4833,4632,4451,5084
A032500,케이엠더블유,20110715,4590,4827,4571,4778,51654,44661,0,4841,4585,4454,5099
A032500,케이엠더블유,20110714,4749,4822,4600,4662,26467,42453,2,4774,4546,4457,5115
A032500,케이엠더블유,20110713,5102,5160,4687,4735,111942,41171,0,4730,4503,4464,5133
A032500,케이엠더블유,20110712,4996,5663,4928,5102,443070,41734,6,4672,4456,4472,5150
A032500,케이엠더블유,20110711,4445,5044,4372,4928,125258,42576,4,4565,4388,4474,5164
A032500,케이엠더블유,20110708,4368,4469,4329,4445,15731,43473,0,4510,4325,4476,5181
A032500,케이엠더블유,20110707,4401,4527,4358,4440,12975,42058,2,4559,4289,4485,5201
A032500,케이엠더블유,20110706,4571,4590,4401,4445,17584,42533,0,4606,4250,4497,5220
A032500,케이엠더블유,20110705,4542,4682,4503,4566,13696,42843,-4,4670,4210,4510,5239
A032500,케이엠더블유,20110704,4735,4793,4638,4653,11735,43158,-6,4710,4167,4521,5260
A032500,케이엠더블유,20110701,4696,4740,4648,4691,19550,42680,0,4689,4127,4531,5281
A032500,케이엠더블유,20110630,4595,4783,4595,4677,20300,42946,0,4693,4086,4543,5303
A032500,케이엠더블유,20110629,4832,4851,4638,4764,22156,42580,0,4666,4049,4554,5324
A032500,케이엠더블유,20110628,4643,4827,4643,4764,17309,45058,0,4568,4004,4564,5346
A032500,케이엠더블유,20110627,4667,4711,4551,4551,12792,45642,-12,4419,3973,4576,5362
A032500,케이엠더블유,20110624,4648,4711,4561,4711,34943,46440,0,4301,3953,4591,5380
A032500,케이엠더블유,20110623,4281,4658,4271,4542,58132,47761,0,4157,3928,4604,5396
A032500,케이엠더블유,20110622,4058,4382,4058,4271,49342,50609,0,4010,3910,4619,5413
A032500,케이엠더블유,20110621,3986,4092,3981,4020,10956,50329,0,3914,3906,4638,5433
A032500,케이엠더블유,20110620,4102,4102,3942,3962,6760,50982,0,3859,3918,4660,5455
A032500,케이엠더블유,20110617,3778,4039,3778,3991,23905,53497,0,3800,3943,4680,5478
A032500,케이엠더블유,20110616,3749,3817,3725,3807,11656,52534,0,3747,3971,4700,5502
A032500,케이엠더블유,20110615,3759,3822,3715,3788,4482,52863,0,3718,4008,4720,5526
A032500,케이엠더블유,20110614,3681,3768,3624,3749,13911,53063,100,3687,4048,4736,5553
A032500,케이엠더블유,20110613,3720,3720,3599,3667,10130,53968,0,3680,4097,4752,5579
A032500,케이엠더블유,20110610,3652,3817,3652,3725,15851,54472,411,3718,4156,4771,5607
A032500,케이엠더블유,20110609,3575,3667,3575,3662,18033,52891,0,3746,4204,4795,5635
A032500,케이엠더블유,20110608,3624,3715,3614,3633,14766,52504,-3,3802,4257,4826,5665
A032500,케이엠더블유,20110607,3759,3846,3614,3715,28308,52187,0,3846,4310,4859,5695
A032500,케이엠더블유,20110603,3933,3933,3768,3855,15331,52166,0,3932,4361,4892,5725
A032500,케이엠더블유,20110602,3942,3952,3783,3865,16630,51007,0,3992,4414,4925,5752
A032500,케이엠더블유,20110601,3865,4010,3768,3942,33090,53136,0,4061,4466,4957,5779
A032500,케이엠더블유,20110531,4228,4228,3855,3855,63564,51840,0,4108,4513,4987,5806
A032500,케이엠더블유,20110530,4107,4228,4078,4141,20603,92796,0,4177,4571,5020,5832
A032500,케이엠더블유,20110527,4223,4223,4073,4155,9457,92696,0,4201,4616,5043,5854
A032500,케이엠더블유,20110526,4015,4247,4015,4213,34454,95093,0,4263,4654,5064,5877
A032500,케이엠더블유,20110525,4155,4252,4058,4174,22393,95358,1,4329,4693,5086,5898
A032500,케이엠더블유,20110524,4348,4348,4165,4203,10153,95608,0,4402,4736,5109,5919
A032500,케이엠더블유,20110523,4348,4542,4213,4261,22369,96829,0,4481,4772,5134,5939
A032500,케이엠더블유,20110520,4542,4580,4368,4464,21592,96939,0,4577,4804,5158,5959
A032500,케이엠더블유,20110519,4542,4629,4455,4542,10503,99011,0,4650,4834,5178,5977
A032500,케이엠더블유,20110518,4595,4614,4517,4542,32806,100936,1,4679,4853,5201,5996
A032500,케이엠더블유,20110517,4740,4803,4464,4595,51728,103258,0,4718,4882,5224,6018
A032500,케이엠더블유,20110516,4899,5286,4629,4740,54855,105464,0,4736,4913,5246,6039
A032500,케이엠더블유,20110513,4774,4841,4687,4832,18132,102593,1,4736,4936,5267,6057
A032500,케이엠더블유,20110512,4706,4754,4571,4687,17589,101241,0,4750,4946,5288,6072
A032500,케이엠더블유,20110511,4687,4778,4653,4735,19148,102320,0,4794,4962,5317,6088
A032500,케이엠더블유,20110509,4740,4803,4590,4687,25748,101836,0,4823,4983,5348,6105
A032500,케이엠더블유,20110506,4996,4996,4551,4740,29572,102040,0,4889,5011,5381,6124
A032500,케이엠더블유,20110504,4957,4957,4841,4899,10181,103545,0,4949,5035,5414,6144
A032500,케이엠더블유,20110503,4860,4976,4822,4909,29701,104132,0,4955,5051,5445,6163
A032500,케이엠더블유,20110502,5015,5121,4880,4880,18243,104623,0,4969,5076,5476,6183
A032500,케이엠더블유,20110429,5121,5121,4909,5015,17528,104692,0,4999,5100,5506,6203
A032500,케이엠더블유,20110428,4967,5141,4957,5044,26439,104418,0,4982,5117,5533,6223
A032500,케이엠더블유,20110427,4976,5044,4880,4928,23745,102192,0,4953,5139,5563,6243
A032500,케이엠더블유,20110426,4976,5073,4889,4976,24789,102491,0,4982,5167,5602,6261
A032500,케이엠더블유,20110425,4976,5092,4918,5034,27425,100940,10,4970,5192,5633,6282
A032500,케이엠더블유,20110422,4909,4986,4841,4928,45528,98440,0,4988,5213,5658,6304
A032500,케이엠더블유,20110421,5025,5112,4899,4899,38275,98381,0,5044,5237,5687,6326
A032500,케이엠더블유,20110420,4957,5102,4928,5073,23552,95175,0,5106,5259,5717,6351
A032500,케이엠더블유,20110419,5083,5131,4899,4918,33854,94100,0,5096,5263,5744,6375
A032500,케이엠더블유,20110418,5208,5266,5025,5121,20563,94582,0,5115,5277,5774,6401
A032500,케이엠더블유,20110415,5170,5315,5131,5208,20467,95046,0,5121,5269,5802,6427
A032500,케이엠더블유,20110414,5121,5237,4986,5208,24632,92986,0,5129,5248,5828,6448
A032500,케이엠더블유,20110413,5025,5092,4967,5025,10313,90491,0,5131,5222,5855,6469
A032500,케이엠더블유,20110412,5083,5208,4976,5015,24724,88037,0,5172,5213,5886,6492
A032500,케이엠더블유,20110411,5257,5402,5150,5150,22101,86942,0,5249,5220,5916,6514
A032500,케이엠더블유,20110408,5218,5286,5179,5247,33752,86314,0,5294,5237,5942,6537
A032500,케이엠더블유,20110407,5363,5363,5131,5218,24617,85198,0,5313,5255,5968,6558
A032500,케이엠더블유,20110406,5324,5382,5189,5228,37105,84645,0,5365,5280,5999,6578
A032500,케이엠더블유,20110405,5508,5508,5334,5402,32042,83613,0,5417,5309,6032,6598
A032500,케이엠더블유,20110404,5537,5537,5228,5373,30089,82719,0,5433,5329,6063,6616
A032500,케이엠더블유,20110401,5440,5460,5228,5344,50818,92408,0,5448,5348,6095,6635
A032500,케이엠더블유,20110331,5547,5547,5421,5479,9534,92060,0,5462,5373,6127,6653
A032500,케이엠더블유,20110330,5489,5537,5315,5489,21584,89587,0,5435,5373,6149,6672
A032500,케이엠더블유,20110329,5450,5740,5450,5479,26588,89557,0,5367,5370,6169,6693
A032500,케이엠더블유,20110328,5450,5498,5334,5450,19392,90614,0,5311,5372,6187,6715
A032500,케이엠더블유,20110325,5382,5576,5324,5411,25560,92075,0,5214,5378,6206,6738
A032500,케이엠더블유,20110324,5228,5402,5189,5344,26941,90987,0,5087,5393,6228,6760
A032500,케이엠더블유,20110323,5218,5247,5092,5150,23651,91483,0,4956,5410,6250,6780
A032500,케이엠더블유,20110322,4967,5208,4967,5199,28733,91254,0,4896,5437,6276,6799
A032500,케이엠더블유,20110321,4793,5005,4793,4967,35794,91030,0,4887,5473,6304,6818
A032500,케이엠더블유,20110318,4648,4860,4648,4774,77969,89889,-11202,4991,5520,6333,6840
A032500,케이엠더블유,20110317,4745,4822,4604,4691,78646,85149,0,5159,5577,6369,6864
A032500,케이엠더블유,20110316,5092,5276,4851,4851,66791,83634,0,5363,5644,6406,6888
A032500,케이엠더블유,20110315,5344,5518,5025,5150,32656,82776,0,5554,5706,6442,6910
A032500,케이엠더블유,20110314,5576,5682,5353,5489,30991,81343,-4000,5684,5770,6474,6931
A032500,케이엠더블유,20110311,5556,5750,5556,5614,14594,82133,0,5738,5823,6504,6950
A032500,케이엠더블유,20110310,5721,5837,5711,5711,14971,81589,0,5786,5877,6532,6968
A032500,케이엠더블유,20110309,5779,5866,5750,5808,20845,69431,0,5740,5927,6559,6990
A032500,케이엠더블유,20110308,5556,5885,5556,5798,29000,68495,-4000,5661,5976,6579,7012
A032500,케이엠더블유,20110307,5856,5895,5750,5759,19607,68199,0,5608,6023,6601,7034
A032500,케이엠더블유,20110304,5498,5953,5421,5856,43435,71617,0,5570,6071,6625,7056
A032500,케이엠더블유,20110303,5489,5566,5402,5479,21521,71541,-1000,5539,6108,6643,7080
A032500,케이엠더블유,20110302,5373,5595,5305,5411,44163,72188,0,5579,6177,6666,7106
A032500,케이엠더블유,20110228,5508,5624,5392,5537,29225,69006,-1500,5637,6271,6690,7130
A032500,케이엠더블유,20110225,5721,5721,5382,5566,91326,68609,-5000,5713,6335,6711,7152
A032500,케이엠더블유,20110224,5556,5895,5556,5701,20490,72073,0,5780,6383,6728,7177
A032500,케이엠더블유,20110223,5479,5798,5479,5682,32068,71171,0,5823,6430,6744,7199
A032500,케이엠더블유,20110222,5846,5914,5692,5701,43704,71711,0,5893,6481,6760,7220
A032500,케이엠더블유,20110221,5972,5972,5788,5914,23118,70863,0,5972,6531,6776,7240
A032500,케이엠더블유,20110218,6001,6040,5846,5904,27399,69361,0,6076,6572,6792,7260
A032500,케이엠더블유,20110217,6040,6088,5885,5914,30306,68985,0,6204,6616,6812,7282
A032500,케이엠더블유,20110216,6165,6165,5895,6030,77800,69396,-9700,6360,6658,6832,7301
A032500,케이엠더블유,20110215,6349,6474,6040,6097,105355,69169,-15400,6496,6700,6848,7318
A032500,케이엠더블유,20110214,6523,6658,6416,6436,50169,71060,-13900,6633,6738,6856,7337
A032500,케이엠더블유,20110211,6755,6755,6349,6542,61772,70871,-10777,6693,6758,6858,7354
A032500,케이엠더블유,20110210,6706,6948,6697,6697,22835,70663,0,6730,6767,6862,7371
A032500,케이엠더블유,20110209,6784,6842,6619,6706,28392,70468,0,6708,6772,6866,7388
A032500,케이엠더블유,20110208,6716,6813,6619,6784,30418,71711,0,6739,6789,6874,7407
A032500,케이엠더블유,20110207,6755,6842,6648,6735,31465,74193,0,6842,6811,6880,7427
A032500,케이엠더블유,20110201,6590,6764,6590,6726,41332,73887,-8000,6857,6837,6890,7446
A032500,케이엠더블유,20110131,6706,6861,6474,6590,70642,74410,0,6818,6866,6900,7466
A032500,케이엠더블유,20110128,7296,7296,6861,6861,117882,70725,-3298,6828,6901,6914,7490
A032500,케이엠더블유,20110127,6861,7334,6851,7296,239123,71736,0,6797,6897,6922,7510
A032500,케이엠더블유,20110126,6851,7045,6581,6813,87631,68978,0,6679,6866,6920,7526
A032500,케이엠더블유,20110125,6735,6745,6397,6532,28033,68106,0,6664,6855,6930,7545
A032500,케이엠더블유,20110124,6706,6803,6494,6639,34542,68057,-7000,6712,6857,6949,7567
A032500,케이엠더블유,20110121,6590,6755,6590,6706,29288,68408,0,6737,6862,6966,7588
A032500,케이엠더블유,20110120,6803,7103,6532,6706,59911,69129,0,6766,6858,6985,7612
A032500,케이엠더블유,20110119,6677,6822,6677,6735,26024,77912,0,6797,6860,7005,7637
A032500,케이엠더블유,20110118,6619,6842,6619,6774,32571,90781,0,6818,6865,7028,7662
A032500,케이엠더블유,20110117,6851,6919,6764,6764,37044,90786,-4000,6807,6863,7052,7688
A032500,케이엠더블유,20110114,6851,6861,6668,6851,33592,90922,-9200,6815,6872,7068,7711
A032500,케이엠더블유,20110113,6929,6948,6745,6861,26560,91107,0,6855,6876,7083,7735
A032500,케이엠더블유,20110112,6880,6880,6697,6842,20852,92846,0,6927,6882,7097,7754
A032500,케이엠더블유,20110111,6745,6822,6648,6716,44923,92083,0,7010,6894,7113,7772
A032500,케이엠더블유,20110110,7103,7103,6764,6803,77215,92017,-5000,7126,6921,7133,7792
A032500,케이엠더블유,20110107,7074,7219,6987,7054,44804,91572,-7200,7222,6946,7148,7815
A032500,케이엠더블유,20110106,7257,7354,7083,7219,51391,91714,-11054,7168,6960,7157,7837
A032500,케이엠더블유,20110105,7402,7402,7199,7257,42304,90838,0,7060,6950,7164,7858
A032500,케이엠더블유,20110104,7392,7460,7161,7296,50897,90496,-4500,6929,6945,7170,7879
A032500,케이엠더블유,20110103,7016,7412,6842,7286,113269,90361,0,6784,6938,7174,7900
A032500,케이엠더블유,20101230,6803,6822,6610,6784,15192,87374,0,6675,6922,7179,7930
A032500,케이엠더블유,20101229,6542,6735,6513,6677,14863,86344,0,6644,6924,7195,7962
A032500,케이엠더블유,20101228,6484,6716,6426,6600,39021,85368,-10136,6658,6932,7217,7996
A032500,케이엠더블유,20101227,6639,6793,6552,6571,41707,84400,-7000,6704,6943,7242,8027
A032500,케이엠더블유,20101224,6639,6755,6571,6745,22033,83759,0,6735,6945,7269,8059
A032500,케이엠더블유,20101223,6851,6909,6619,6629,25597,83780,0,6776,6938,7293,8090
A032500,케이엠더블유,20101222,6938,6958,6687,6745,16650,83014,0,6834,6942,7311,8122
A032500,케이엠더블유,20101221,6822,6948,6726,6832,11874,82214,0,6884,6937,7322,8154
A032500,케이엠더블유,20101220,6938,6938,6571,6726,44511,80779,0,6934,6938,7332,8186
A032500,케이엠더블유,20101217,6958,6967,6822,6948,21139,80184,0,7039,6957,7347,8210
A032500,케이엠더블유,20101216,7006,7093,6861,6919,20627,80825,-3,7112,6965,7359,8234
A032500,케이엠더블유,20101215,7083,7219,6996,6996,27623,80811,0,7191,6968,7370,8262
A032500,케이엠더블유,20101214,7248,7334,7083,7083,28748,79975,-3000,7197,6949,7379,8288
A032500,케이엠더블유,20101213,7199,7412,7190,7248,39791,78601,-4000,7211,6921,7388,8315
A032500,케이엠더블유,20101210,7286,7470,7286,7315,52578,76023,-9371,7195,6897,7397,8337
A032500,케이엠더블유,20101209,7025,7383,7025,7315,62208,75391,-4000,7124,6880,7405,8359
A032500,케이엠더블유,20101208,7151,7267,6967,7025,36538,73224,0,7025,6872,7421,8373
A032500,케이엠더블유,20101207,7170,7305,7074,7151,36288,73656,0,6990,6880,7446,8393
A032500,케이엠더블유,20101206,7219,7354,7054,7170,77051,73865,0,6923,6889,7466,8412
A032500,케이엠더블유,20101203,6871,6958,6764,6958,32752,74719,0,6811,6897,7488,8425
A032500,케이엠더블유,20101202,6851,7045,6822,6822,14771,74308,0,6741,6919,7516,8435
A032500,케이엠더블유,20101201,6861,6958,6668,6851,19991,74087,-976,6716,6947,7546,8446
A032500,케이엠더블유,20101130,6706,6813,6523,6813,24599,74373,0,6676,6962,7570,8459
A032500,케이엠더블유,20101129,6774,6774,6426,6610,15066,72837,0,6683,6992,7594,8473
A032500,케이엠더블유,20101126,7006,7006,6552,6610,23849,71897,-5540,6782,7045,7625,8487
A032500,케이엠더블유,20101125,6774,6842,6668,6697,23542,72797,-6150,6882,7098,7655,8503
A032500,케이엠더블유,20101124,6784,6784,6397,6648,24761,72620,0,6940,7154,7680,8518
A032500,케이엠더블유,20101123,6977,7141,6842,6851,23721,72448,0,6934,7219,7704,8530
A032500,케이엠더블유,20101122,7238,7238,6967,7103,43076,72283,-4080,6869,7282,7729,8538
A032500,케이엠더블유,20101119,6909,7151,6909,7112,31814,75692,0,6801,7338,7753,8539
A032500,케이엠더블유,20101118,6619,7035,6619,6987,29848,76080,-1,6774,7368,7770,8539
A032500,케이엠더블유,20101117,6436,6648,6416,6619,24565,75561,0,6805,7405,7789,8540
A032500,케이엠더블유,20101116,6668,6909,6407,6523,39200,73421,0,6919,7461,7818,8543
A032500,케이엠더블유,20101115,6861,7054,6590,6764,56015,75261,-6050,7079,7523,7850,8543
A032500,케이엠더블유,20101112,7199,7238,6764,6977,51146,78031,-6090,7195,7580,7880,8541
A032500,케이엠더블유,20101111,7248,7286,7093,7141,40547,78369,0,7278,7616,7910,8541
A032500,케이엠더블유,20101110,7199,7354,7093,7190,43961,78597,0,7327,7639,7941,8544
A032500,케이엠더블유,20101109,7383,7402,7190,7325,25834,80253,-2,7321,7661,7974,8550
A032500,케이엠더블유,20101108,7392,7460,7257,7344,20179,81841,0,7336,7676,8002,8556
A032500,케이엠더블유,20101105,7489,7508,7276,7392,33200,80941,0,7402,7688,8033,8560
A032500,케이엠더블유,20101104,7180,7383,7180,7383,37921,86404,0,7458,7695,8066,8562
A032500,케이엠더블유,20101103,7421,7441,7161,7161,104630,83332,0,7543,7713,8097,8561
A032500,케이엠더블유,20101102,7634,7673,7392,7402,84696,81867,0,7700,7756,8131,8560
A032500,케이엠더블유,20101101,7653,7779,7653,7673,48483,86687,0,7845,7792,8160,8559
A032500,케이엠더블유,20101029,7789,7885,7673,7673,47328,87131,0,7953,7818,8186,8557
A032500,케이엠더블유,20101028,7924,8117,7731,7808,74004,87112,0,7963,7841,8210,8554
A032500,케이엠더블유,20101027,8069,8175,7798,7943,76398,84260,0,7943,7837,8238,8550
A032500,케이엠더블유,20101026,8253,8340,8127,8127,92384,83427,0,7903,7811,8269,8546
A032500,케이엠더블유,20101025,7760,8291,7644,8214,131369,86226,-2445,7831,7776,8295,8539
A032500,케이엠더블유,20101022,7885,7885,7721,7721,64200,77086,0,7769,7747,8323,8530
A032500,케이엠더블유,20101021,7789,7876,7673,7711,58364,76471,-5000,7765,7745,8354,8528
A032500,케이엠더블유,20101020,7731,7914,7702,7740,42470,74869,-11430,7744,7736,8387,8523
A032500,케이엠더블유,20101019,7914,8040,7760,7769,55246,74769,-6300,7721,7726,8410,8514
A032500,케이엠더블유,20101018,7731,8040,7702,7905,53648,75056,0,7690,7720,8431,8504
A032500,케이엠더블유,20101015,7615,7702,7518,7702,45518,73269,0,7626,7714,8452,8492
A032500,케이엠더블유,20101014,7557,7731,7508,7605,36175,72700,0,7593,7718,8483,8482
A032500,케이엠더블유,20101013,7731,7731,7586,7624,17293,72013,-4330,7622,7753,8518,8472
A032500,케이엠더블유,20101012,7566,7721,7508,7615,25940,69510,0,7702,7796,8552,8459
A032500,케이엠더블유,20101011,7547,7673,7537,7586,17306,69944,0,7802,7835,8588,8444
A032500,케이엠더블유,20101008,7750,7905,7363,7537,51188,68986,0,7922,7878,8626,8431
A032500,케이엠더블유,20101007,8021,8117,7731,7750,49095,67620,0,8044,7933,8682,8419
A032500,케이엠더블유,20101006,8214,8214,7827,8021,22835,68244,0,8040,7977,8730,8404
A032500,케이엠더블유,20101005,8030,8185,8021,8117,14206,73290,0,7920,7992,8775,8387
A032500,케이엠더블유,20101004,8040,8301,8040,8185,42807,74313,0,7779,7998,8811,8369
A032500,케이엠더블유,20101001,7808,8175,7682,8146,89107,68389,0,7669,8011,8849,8351
A032500,케이엠더블유,20100930,7441,7731,7441,7731,64807,57864,0,7576,8025,8887,8332
A032500,케이엠더블유,20100929,7421,7470,7344,7421,33225,59903,0,7537,8048,8934,8317
A032500,케이엠더블유,20100928,7634,7682,7402,7412,53112,58931,-23285,7562,8083,8986,8303
A032500,케이엠더블유,20100927,7731,7789,7615,7634,53172,59655,-16593,7607,8129,9039,8288
A032500,케이엠더블유,20100924,7547,7924,7402,7682,69597,63573,-25780,7638,8174,9074,8273
A032500,케이엠더블유,20100920,7489,7692,7402,7537,70130,63171,-35031,7659,8196,9108,8260
A032500,케이엠더블유,20100917,7644,7769,7547,7547,47967,61714,-14230,7814,8225,9154,8248
A032500,케이엠더블유,20100916,7827,8098,7586,7634,72004,60358,-729,8000,8267,9198,8237
A032500,케이엠더블유,20100915,7789,8021,7769,7789,55891,59247,0,8150,8309,9242,8225
A032500,케이엠더블유,20100914,8156,8311,7769,7789,67010,57061,-257,8284,8346,9278,8213
A032500,케이엠더블유,20100913,8542,8591,7219,8311,70454,59226,-4829,8454,8397,9313,8200
A032500,케이엠더블유,20100910,8407,8475,8291,8475,22962,60259,0,8517,8430,9325,8183
A032500,케이엠더블유,20100909,8446,8620,8378,8388,11649,58725,0,8486,8466,9341,8166
A032500,케이엠더블유,20100908,8687,8687,8456,8456,17486,59201,0,8455,8496,9358,8149
A032500,케이엠더블유,20100907,8629,8726,8571,8639,15535,61088,0,8455,8532,9363,8132
A032500,케이엠더블유,20100906,8456,8697,8369,8629,59083,61893,0,8411,8569,9355,8112
A032500,케이엠더블유,20100903,8175,8562,8175,8320,30939,56852,0,8324,8600,9346,8091
A032500,케이엠더블유,20100902,8513,8591,8233,8233,37213,54595,-13960,8284,8644,9348,8074
A032500,케이엠더블유,20100901,8504,8552,8407,8456,20809,56266,-2,8303,8691,9353,8057
A032500,케이엠더블유,20100831,8262,8494,8079,8417,33339,56530,0,8318,8728,9349,8038
A032500,케이엠더블유,20100830,8137,8253,8117,8195,34654,59303,0,8260,8763,9350,8019
A032500,케이엠더블유,20100827,8330,8427,8069,8117,33125,57863,0,8245,8829,9356,8003
A032500,케이엠더블유,20100826,8668,8678,8166,8330,47555,56688,0,8299,8912,9356,7987
A032500,케이엠더블유,20100825,8117,8678,8117,8533,117879,64686,0,8326,8981,9348,7967
A032500,케이엠더블유,20100824,8127,8214,8021,8127,51655,65839,-8070,8326,9049,9326,7946
A032500,케이엠더블유,20100823,8407,8436,8117,8117,74442,63079,0,8463,9122,9308,7928
A032500,케이엠더블유,20100820,8600,8600,8117,8388,103298,60038,-10700,8635,9199,9291,7911
A032500,케이엠더블유,20100819,8417,8736,8417,8465,59202,54282,0,8794,9236,9268,7891
A032500,케이엠더블유,20100818,8813,8948,8494,8533,103056,44810,0,8898,9264,9236,7871
A032500,케이엠더블유,20100817,8910,9074,8794,8813,28568,47532,-3110,9027,9296,9202,7850
A032500,케이엠더블유,20100816,9296,9296,8890,8977,31802,49422,0,9141,9333,9171,7828
A032500,케이엠더블유,20100813,8987,9277,8987,9180,36337,49526,-4685,9196,9370,9147,7808
A032500,케이엠더블유,20100812,8919,9316,8919,8987,30675,49331,0,9200,9394,9126,7786
A032500,케이엠더블유,20100811,9470,9470,9161,9180,41931,49484,0,9238,9433,9109,7765
A032500,케이엠더블유,20100810,9422,9519,9296,9383,23425,52658,0,9238,9469,9088,7745
A032500,케이엠더블유,20100809,9190,9422,9190,9248,23170,54589,0,9188,9543,9058,7721
A032500,케이엠더블유,20100806,9180,9470,9035,9200,50185,50937,10000,9242,9612,9024,7700
A032500,케이엠더블유,20100805,9132,9538,9132,9180,38029,50620,0,9354,9689,8989,7673
A032500,케이엠더블유,20100804,9132,9383,9113,9180,25901,50868,0,9461,9744,8958,7645
A032500,케이엠더블유,20100803,9480,9664,9132,9132,107243,53306,7000,9606,9807,8929,7617
A032500,케이엠더블유,20100802,9664,10002,9519,9519,34361,50520,0,9695,9872,8898,7590
A032500,케이엠더블유,20100730,9712,10002,9654,9760,25301,49854,0,9724,9923,8861,7560
A032500,케이엠더블유,20100729,10002,10098,9712,9712,85445,52497,15000,9596,9964,8822,7528
A032500,케이엠더블유,20100728,9664,10050,9577,9905,87204,51015,0,9459,10008,8783,7499
A032500,케이엠더블유,20100727,9712,9905,9577,9577,58173,51060,5000,9314,9998,8737,7468
A032500,케이엠더블유,20100726,9306,9760,9171,9664,93097,53888,0,9310,10007,8701,7438
A032500,케이엠더블유,20100723,9093,9325,8939,9122,57743,52987,0,9319,10039,8659,7407
A032500,케이엠더블유,20100722,9229,9364,8890,9026,92773,56599,0,9426,10090,8618,7380
A032500,케이엠더블유,20100721,9480,9760,9006,9180,187320,52801,10000,9573,10153,8577,7359
A032500,케이엠더블유,20100720,9905,10002,9557,9557,66217,54497,0,9718,10192,8532,7336
A032500,케이엠더블유,20100719,9519,9905,9490,9712,63952,54428,2720,9981,10209,8481,7309
A032500,케이엠더블유,20100716,9808,9905,9480,9654,156892,54945,2000,10164,10174,8425,7283
A032500,케이엠더블유,20100715,10002,10533,9664,9760,385255,54613,5965,10379,10162,8366,7256
A032500,케이엠더블유,20100714,10920,10968,9277,9905,319733,56451,7060,10485,10147,8300,7230
A032500,케이엠더블유,20100713,10630,10968,10485,10872,119617,48364,0,10592,10087,8235,7200
A032500,케이엠더블유,20100712,10727,10727,10437,10630,75234,48364,8000,10505,9952,8156,7161
A032500,케이엠더블유,20100709,10340,10727,10002,10727,157687,50780,0,10485,9826,8079,7124
A032500,케이엠더블유,20100708,10533,10630,10243,10292,85493,48696,5000,10456,9710,8000,7084
A032500,케이엠더블유,20100707,10388,10678,10388,10437,71979,48713,0,10514,9622,7927,7046
A032500,케이엠더블유,20100706,10630,10630,10243,10437,78060,50963,-9,10369,9511,7853,7008
A032500,케이엠더블유,20100705,10920,10920,10195,10533,111190,50829,0,10234,9415,7777,6967
A032500,케이엠더블유,20100702,10533,11016,10388,10582,214363,52996,0,10186,9314,7700,6926
A032500,케이엠더블유,20100701,9664,10678,9664,10582,420521,55848,49600,10099,9191,7619,6885
A032500,케이엠더블유,20100630,9567,9808,9345,9712,126102,58950,5520,10041,9054,7537,6843
A032500,케이엠더블유,20100629,10437,10437,9654,9760,186747,50320,19750,10089,8930,7473,6810
A032500,케이엠더블유,20100628,10243,10340,9953,10292,99049,56829,0,10118,8795,7411,6776
A032500,케이엠더블유,20100625,10147,10727,10098,10147,160945,51418,0,9863,8636,7342,6738
A032500,케이엠더블유,20100624,9953,10582,9760,10292,318364,53161,15000,9716,8478,7277,6700
A032500,케이엠더블유,20100623,10050,10243,9654,9953,342728,53787,10000,9549,8290,7208,6659
A032500,케이엠더블유,20100622,9035,10292,8832,9905,661492,53917,75329,9298,8119,7147,6620
A032500,케이엠더블유,20100621,9374,9480,8987,9016,302534,54181,0,8950,7972,7086,6583
A032500,케이엠더블유,20100618,9567,9615,9383,9412,291571,49222,-5000,8771,7897,7040,6554
A032500,케이엠더블유,20100617,8629,9586,8620,9461,616499,68725,20500,8570,7822,6991,6523
A032500,케이엠더블유,20100616,8311,8784,8311,8697,398350,70095,952,8384,7748,6940,6494
A032500,케이엠더블유,20100615,8011,8282,7924,8166,126197,66879,16428,8289,7707,6901,6465
A032500,케이엠더블유,20100614,8581,8581,8117,8117,179316,57155,28250,8359,7678,6870,6439
A032500,케이엠더블유,20100611,8600,8649,8079,8407,144921,56471,14340,8438,7634,6837,6414
A032500,케이엠더블유,20100610,8224,8591,8224,8533,106191,58403,6151,8382,7569,6801,6388
A032500,케이엠더블유,20100609,8765,8765,8224,8224,64203,48351,0,8243,7506,6761,6361
A032500,케이엠더블유,20100608,8513,8823,8465,8513,132027,47326,18000,8042,7469,6726,6336
A032500,케이엠더블유,20100607,7827,8871,7798,8513,349721,47540,25461,7752,7406,6688,6308
A032500,케이엠더블유,20100604,8079,8127,7798,8127,110217,47888,0,7472,7345,6650,6279
A032500,케이엠더블유,20100603,7296,7972,7296,7837,221228,49524,1400,7246,7312,6618,6252
A032500,케이엠더블유,20100601,7228,7518,7170,7219,120775,47632,0,6985,7288,6587,6227
A032500,케이엠더블유,20100531,7219,7238,7016,7064,44719,47263,0,6847,7283,6566,6206
A032500,케이엠더블유,20100528,7103,7315,6996,7112,88287,47211,0,6826,7301,6549,6184
A032500,케이엠더블유,20100527,6513,6996,6387,6996,99653,52070,0,6907,7303,6531,6163
A032500,케이엠더블유,20100526,6465,6697,6329,6532,162039,51029,0,7091,7285,6514,6142
A032500,케이엠더블유,20100525,6774,6909,6213,6532,145300,46913,980,7379,7287,6506,6125
A032500,케이엠더블유,20100524,7392,7566,6909,6958,139831,48973,0,7651,7284,6497,6107
A032500,케이엠더블유,20100520,7972,8021,7296,7518,141738,46405,0,7775,7262,6485,6087
A032500,케이엠더블유,20100519,8475,8890,7731,7914,568535,46234,0,7721,7204,6469,6063
A032500,케이엠더블유,20100518,8011,8117,7547,7972,178629,49076,0,7557,7113,6445,6037
A032500,케이엠더블유,20100517,7673,7953,7586,7895,356080,64548,0,7420,7006,6421,6010
A032500,케이엠더블유,20100514,7180,7615,7180,7576,127514,65654,0,7336,6911,6401,5985
A032500,케이엠더블유,20100513,6967,7286,6958,7248,103790,64084,0,7271,6837,6385,5962
A032500,케이엠더블유,20100512,7344,7441,7054,7093,74733,51034,0,7280,6776,6377,5942
A032500,케이엠더블유,20100511,7460,7489,7199,7286,118615,56094,0,7354,6720,6356,5923
A032500,케이엠더블유,20100510,7112,7499,7112,7479,139893,58647,0,7367,6653,6333,5904
A032500,케이엠더블유,20100507,6958,7470,6948,7248,169729,54048,0,7298,6579,6305,5883
A032500,케이엠더블유,20100506,7344,7421,7112,7296,123259,52533,0,7331,6510,6282,5861
A032500,케이엠더블유,20100504,7528,7779,7286,7460,233279,46789,0,7302,6442,6258,5838
A032500,케이엠더블유,20100503,7161,7421,7161,7354,178431,46434,0,7139,6353,6234,5813
A032500,케이엠더블유,20100430,7547,7827,7035,7132,711483,46781,0,6981,6268,6215,5789
A032500,케이엠더블유,20100429,7296,7528,7054,7412,340621,46968,0,6851,6206,6199,5767
A032500,케이엠더블유,20100428,6513,7267,6474,7151,400885,46434,0,6671,6139,6176,5742
A032500,케이엠더블유,20100427,6619,6658,6436,6648,93804,51647,0,6515,6088,6156,5721
A032500,케이엠더블유,20100426,6552,6706,6407,6561,91972,52591,0,6403,6067,6143,5705
A032500,케이엠더블유,20100423,6619,6726,6426,6484,139240,52406,0,6256,6048,6141,5694
A032500,케이엠더블유,20100422,6426,6571,6320,6513,108099,56232,0,6157,6039,6141,5683
A032500,케이엠더블유,20100421,6184,6465,6184,6368,166044,56596,0,6076,6026,6137,5666
A032500,케이엠더블유,20100420,5904,6136,5885,6088,53510,53251,0,6007,6019,6140,5649
A032500,케이엠더블유,20100419,5846,6011,5817,5827,33963,49565,0,5985,6038,6146,5637
A032500,케이엠더블유,20100416,6213,6213,5991,5991,25703,48155,420,6009,6065,6159,5627
A032500,케이엠더블유,20100415,6020,6184,6020,6107,30748,48245,0,6009,6084,6165,5617
A032500,케이엠더블유,20100414,5972,6078,5972,6020,26826,48567,0,5960,6095,6166,5606
A032500,케이엠더블유,20100413,5943,6252,5943,5982,44311,45807,0,5945,6100,6168,5597
A032500,케이엠더블유,20100412,5991,6107,5875,5943,27419,45707,0,5885,6112,6168,5588
A032500,케이엠더블유,20100409,5875,5991,5827,5991,45681,46198,0,5827,6123,6166,5580
A032500,케이엠더블유,20100408,5856,6001,5846,5866,35838,45872,0,5808,6131,6163,5573
A032500,케이엠더블유,20100407,5788,6001,5653,5943,75091,46896,280,5848,6148,6157,5567
A032500,케이엠더블유,20100406,5585,5682,5537,5682,39357,46210,140,5887,6164,6151,5561
A032500,케이엠더블유,20100405,5808,5875,5286,5653,108696,45940,0,5993,6188,6152,5557
A032500,케이엠더블유,20100402,6078,6126,5846,5895,62847,45705,0,6101,6206,6149,5554
A032500,케이엠더블유,20100401,6097,6233,6068,6068,56603,45632,0,6180,6208,6147,5548
A032500,케이엠더블유,20100331,6165,6310,6136,6136,32418,45908,0,6217,6206,6141,5541
A032500,케이엠더블유,20100330,6281,6320,6184,6213,40567,46102,0,6237,6202,6134,5534
A032500,케이엠더블유,20100329,6242,6416,6184,6194,61179,46018,0,6289,6191,6123,5526
A032500,케이엠더블유,20100326,6252,6387,6184,6291,93374,46998,-30,6324,6184,6109,5519
A032500,케이엠더블유,20100325,6204,6310,6088,6252,58633,49015,0,6339,6168,6092,5511
A032500,케이엠더블유,20100324,6503,6561,6233,6233,91339,46021,0,6354,6167,6080,5504
A032500,케이엠더블유,20100323,6387,6648,6387,6474,170989,46154,0,6331,6184,6068,5498
A032500,케이엠더블유,20100322,6368,6503,6329,6368,61913,46154,0,6283,6184,6055,5490
A032500,케이엠더블유,20100319,6281,6474,6281,6368,132073,46879,-280,6240,6192,6048,5483
A032500,케이엠더블유,20100318,6194,6436,6194,6329,198604,47925,0,6198,6210,6029,5475
A032500,케이엠더블유,20100317,6242,6262,6117,6117,53389,47404,0,6171,6222,6008,5469
A032500,케이엠더블유,20100316,6097,6233,6059,6233,47311,49276,0,6202,6254,5991,5467
A032500,케이엠더블유,20100315,6242,6426,6155,6155,84198,46284,0,6188,6237,5976,5463
A032500,케이엠더블유,20100312,6155,6271,6126,6155,53621,46607,0,6159,6223,5961,5459
A032500,케이엠더블유,20100311,6300,6358,6136,6194,73651,46475,0,6115,6204,5945,5456
A032500,케이엠더블유,20100310,6242,6542,6233,6271,225076,46284,0,6082,6187,5929,5452
A032500,케이엠더블유,20100309,6097,6252,6078,6165,83688,49067,0,6038,6169,5908,5448
A032500,케이엠더블유,20100308,5962,6030,5943,6011,71431,49174,0,6005,6160,5886,5444
A032500,케이엠더블유,20100305,6068,6088,5914,5933,46276,46304,0,6012,6172,5867,5443
A032500,케이엠더블유,20100304,6068,6155,5972,6030,107353,46374,0,6020,6183,5846,5443
A032500,케이엠더블유,20100303,6117,6281,5943,6049,268029,46715,-2538,6061,6182,5820,5442
A032500,케이엠더블유,20100302,6068,6233,5991,6001,68153,46433,0,6165,6177,5794,5441
A032500,케이엠더블유,20100226,5972,6117,5904,6049,53402,50590,0,6260,6171,5769,5442
A032500,케이엠더블유,20100225,6291,6445,5943,5972,142663,45183,0,6356,6192,5743,5445
A032500,케이엠더블유,20100224,6426,6455,6233,6233,212012,45252,-1860,6505,6217,5716,5448
A032500,케이엠더블유,20100223,6397,6619,6233,6571,312377,50278,0,6573,6217,5689,5448
A032500,케이엠더블유,20100222,6610,6716,6281,6474,384414,52783,0,6611,6219,5658,5440
A032500,케이엠더블유,20100219,6774,7383,6532,6532,2029047,44766,-66800,6494,6215,5629,5436
A032500,케이엠더블유,20100218,6610,6735,6503,6716,374630,44089,-280,6364,6220,5600,5431
A032500,케이엠더블유,20100217,6774,6871,6416,6571,649412,44468,-140,6177,6201,5568,5425
A032500,케이엠더블유,20100216,6088,6764,6088,6764,1046018,46564,0,6034,6181,5539,5421
A032500,케이엠더블유,20100212,5875,6078,5769,5885,62889,45345,0,5860,6152,5506,5414
A032500,케이엠더블유,20100211,5779,5895,5779,5885,19974,43810,0,5881,6155,5490,5416
A032500,케이엠더블유,20100210,5982,5982,5750,5779,24534,43159,0,5955,6151,5475,5420
A032500,케이엠더블유,20100209,5866,5933,5692,5856,56675,43266,0,6030,6155,5462,5425
A032500,케이엠더블유,20100208,6136,6184,5798,5895,35976,43155,140,6059,6137,5441,5428
A032500,케이엠더블유,20100205,5827,6040,5827,5991,49492,44299,0,6070,6122,5418,5432
A032500,케이엠더블유,20100204,6165,6436,6165,6252,63961,43012,-140,6051,6107,5393,5436
A032500,케이엠더블유,20100203,6040,6175,6030,6155,66590,42915,15260,6094,6070,5363,5439
A032500,케이엠더블유,20100202,6078,6252,5895,6001,52853,43617,0,6156,6049,5335,5444
A032500,케이엠더블유,20100201,5759,5962,5701,5953,43896,43080,4260,6204,6035,5309,5449
A032500,케이엠더블유,20100129,6281,6281,5508,5895,122645,42585,368,6333,6025,5286,5457
A032500,케이엠더블유,20100128,6474,6629,6358,6465,83261,42469,552,6434,6007,5266,5465
A032500,케이엠더블유,20100127,6349,6465,6088,6465,74401,42573,920,6469,5952,5246,5469
A032500,케이엠더블유,20100126,6706,6716,6184,6242,119951,42350,13000,6443,5892,5224,5471
A032500,케이엠더블유,20100125,6378,6861,6281,6600,217422,42797,-34540,6426,5856,5195,5475
A032500,케이엠더블유,20100122,6571,6697,6194,6397,189603,43201,-276,6343,5801,5158,5477
A032500,케이엠더블유,20100121,6339,7054,6339,6639,512269,42452,-1264,6252,5766,5128,5480
A032500,케이엠더블유,20100120,6310,6687,6204,6339,209308,48028,42000,6086,5732,5096,5478
A032500,케이엠더블유,20100119,6126,6262,6049,6155,80774,42615,20000,5989,5677,5069,5479
A032500,케이엠더블유,20100118,5933,6223,5798,6184,98869,43571,0,5860,5623,5046,5482
A032500,케이엠더블유,20100115,5895,6088,5856,5943,157990,42350,25000,5740,5569,5025,5485
A032500,케이엠더블유,20100114,5856,5895,5663,5808,93882,45598,0,5692,5536,5007,5489
A032500,케이엠더블유,20100113,5508,6117,5508,5856,334593,45101,-12047,5632,5508,4995,5495
A032500,케이엠더블유,20100112,5537,5634,5460,5508,28192,46490,300,5606,5476,4983,5502
A032500,케이엠더블유,20100111,5885,5885,5585,5585,36551,46353,0,5651,5463,4977,5512
A032500,케이엠더블유,20100108,5605,5701,5508,5701,30688,49021,0,5684,5435,4970,5522
A032500,케이엠더블유,20100107,5682,5885,5508,5508,53619,45923,0,5651,5392,4963,5529
A032500,케이엠더블유,20100106,5556,5817,5547,5730,73412,49200,2411,5620,5358,4958,5539
A032500,케이엠더블유,20100105,5933,5933,5315,5730,39214,49410,0,5529,5306,4950,5546
A032500,케이엠더블유,20100104,5508,5885,5411,5750,54770,49726,0,5489,5244,4941,5554
A032500,케이엠더블유,20091230,5315,5643,5315,5537,60653,49154,200,5438,5182,4933,5562
A032500,케이엠더블유,20091229,5353,5373,5257,5353,30024,48512,3024,5469,5129,4928,5573
A032500,케이엠더블유,20091228,5460,5556,5276,5276,58143,45153,0,5591,5086,4928,5585
A032500,케이엠더블유,20091224,5653,5653,5421,5527,24955,42785,160,5583,5040,4929,5596
A032500,케이엠더블유,20091223,5624,5701,5315,5498,62880,42481,0,5492,4995,4927,5603
A032500,케이엠더블유,20091222,5962,5982,5692,5692,78008,41460,0,5413,4953,4928,5612
A032500,케이엠더블유,20091221,5315,6020,5295,5962,250967,41945,0,5334,4905,4925,5619
A032500,케이엠더블유,20091218,5034,5237,5034,5237,39166,46363,8363,5189,4847,4918,5624
A032500,케이엠더블유,20091217,5112,5170,4976,5073,36391,45379,1820,5185,4825,4921,5636
A032500,케이엠더블유,20091216,5228,5295,5054,5102,45705,43257,-660,5220,4813,4930,5648
A032500,케이엠더블유,20091215,5276,5431,5208,5295,80199,42849,0,5204,4799,4942,5657
A032500,케이엠더블유,20091214,5218,5257,5083,5237,33487,42760,0,5116,4780,4950,5667
A032500,케이엠더블유,20091211,5179,5353,5141,5218,57784,39827,690,5034,4767,4958,5679
A032500,케이엠더블유,20091210,5025,5315,5025,5247,59933,42036,0,4925,4754,4967,5692
A032500,케이엠더블유,20091209,4754,5402,4754,5025,118001,42236,0,4777,4723,4974,5700
A032500,케이엠더블유,20091208,4827,4918,4788,4851,34918,43620,0,4670,4698,4987,5710
A032500,케이엠더블유,20091207,4677,4827,4672,4827,27952,43557,0,4599,4679,5002,5722
A032500,케이엠더블유,20091204,4459,4774,4459,4677,18086,41663,0,4529,4661,5020,5731
A032500,케이엠더블유,20091203,4561,4561,4459,4503,23600,40780,0,4465,4650,5040,5743
A032500,케이엠더블유,20091202,4638,4638,4450,4493,23535,41293,0,4490,4647,5063,5756
A032500,케이엠더블유,20091201,4411,4542,4411,4493,11051,41257,0,4525,4651,5089,5772
A032500,케이엠더블유,20091130,4406,4735,4406,4479,15850,39351,0,4574,4662,5115,5789
A032500,케이엠더블유,20091127,4629,4725,4348,4358,44560,39005,0,4636,4700,5146,5807
A032500,케이엠더블유,20091126,4648,4716,4590,4629,10631,39498,0,4724,4740,5180,5827
A032500,케이엠더블유,20091125,4691,4764,4522,4667,29542,39559,0,4765,4732,5206,5846
A032500,케이엠더블유,20091124,4803,4832,4716,4735,34353,38920,0,4796,4720,5223,5864
A032500,케이엠더블유,20091123,4841,4860,4764,4793,31523,38903,0,4833,4712,5243,5882
A032500,케이엠더블유,20091120,4827,4860,4788,4798,18242,39114,0,4869,4708,5262,5899
A032500,케이엠더블유,20091119,4720,5034,4720,4832,32350,38903,0,4901,4705,5282,5916
A032500,케이엠더블유,20091118,4918,4918,4749,4822,17544,38903,-969,4860,4703,5304,5935
A032500,케이엠더블유,20091117,4889,5015,4832,4918,23102,38969,0,4799,4706,5322,5955
A032500,케이엠더블유,20091116,4986,4986,4798,4976,34402,39104,0,4713,4706,5341,5973
A032500,케이엠더블유,20091113,4609,5054,4609,4957,62044,38878,0,4608,4710,5365,5988
A032500,케이엠더블유,20091112,4580,4701,4513,4629,26182,38878,0,4510,4719,5388,6006
A032500,케이엠더블유,20091111,4537,4590,4484,4513,27596,38878,0,4473,4744,5415,6026
A032500,케이엠더블유,20091110,4426,4508,4416,4488,27804,38878,0,4484,4778,5446,6050
A032500,케이엠더블유,20091109,4348,4484,4348,4455,22380,39428,0,4527,4817,5478,6075
A032500,케이엠더블유,20091106,4450,4537,4435,4464,30017,38893,0,4688,4855,5515,6104
A032500,케이엠더블유,20091105,4532,4566,4445,4445,46615,38878,0,4825,4894,5554,6134
A032500,케이엠더블유,20091104,4551,4672,4532,4566,66599,44280,0,4832,4932,5590,6166
A032500,케이엠더블유,20091103,5218,5392,4604,4706,210551,48333,0,4804,4967,5628,6195
A032500,케이엠더블유,20091102,5218,5411,5092,5257,250330,50959,0,4777,4995,5665,6222
A032500,케이엠더블유,20091030,4479,5150,4479,5150,214122,59055,0,4665,4997,5692,6247
A032500,케이엠더블유,20091029,4334,4479,4174,4479,53235,57259,0,4584,5007,5718,6273
A032500,케이엠더블유,20091028,4532,4638,4406,4426,47646,52248,0,4648,5053,5756,6304
A032500,케이엠더블유,20091027,4604,4687,4561,4575,57318,49641,0,4739,5110,5795,6339
A032500,케이엠더블유,20091026,4745,4793,4648,4696,36311,47094,0,4806,5157,5831,6374
A032500,케이엠더블유,20091023,4812,4870,4745,4745,53431,46846,0,4879,5198,5861,6409
A032500,케이엠더블유,20091022,4880,4909,4798,4798,59187,46846,0,4958,5232,5890,6444
A032500,케이엠더블유,20091021,4928,4967,4822,4880,80572,49538,0,5023,5274,5918,6479
A032500,케이엠더블유,20091020,5073,5112,4889,4909,82303,48334,0,5085,5321,5945,6512
A032500,케이엠더블유,20091019,5073,5112,5025,5063,34911,49565,0,5158,5363,5971,6548
A032500,케이엠더블유,20091016,5121,5189,5044,5141,36601,49527,0,5187,5397,5996,6580
A032500,케이엠더블유,20091015,5199,5237,5112,5121,45369,50018,0,5208,5427,6020,6602
A032500,케이엠더블유,20091014,5276,5402,5189,5189,20686,49858,0,5228,5455,6048,6629
A032500,케이엠더블유,20091013,5121,5334,5121,5276,35446,49851,0,5239,5485,6073,6658
A032500,케이엠더블유,20091012,5324,5373,5199,5208,35169,48119,0,5237,5510,6096,6689
A032500,케이엠더블유,20091009,5179,5266,5160,5247,42783,47163,214,5259,5545,6119,6716
A032500,케이엠더블유,20091008,5247,5276,5121,5218,47668,45929,0,5276,5577,6142,6740
A032500,케이엠더블유,20091007,5276,5363,5237,5247,25625,45693,0,5315,5609,6166,6764
A032500,케이엠더블유,20091006,5324,5392,5218,5266,37289,45899,0,5376,5648,6190,6788
A032500,케이엠더블유,20091005,5218,5421,5218,5315,23335,46624,0,5427,5690,6218,6808
A032500,케이엠더블유,20091001,5363,5508,5315,5334,33718,44949,0,5467,5741,6243,6828
A032500,케이엠더블유,20090930,5556,5605,5392,5411,48937,45547,0,5487,5794,6263,6852
A032500,케이엠더블유,20090929,5682,5788,5508,5556,38804,46869,0,5531,5832,6280,6878
A032500,케이엠더블유,20090928,5518,5634,5469,5518,37658,47630,0,5584,5838,6296,6903
A032500,케이엠더블유,20090925,5363,5547,5363,5518,45284,43979,0,5632,5858,6314,6928
A032500,케이엠더블유,20090924,5808,5808,5382,5431,58007,45047,0,5676,5880,6331,6950
A032500,케이엠더블유,20090923,5875,5895,5634,5634,41734,47390,0,5738,5910,6351,6975
A032500,케이엠더블유,20090922,5759,5943,5711,5817,76895,48506,0,5748,5933,6366,6998
A032500,케이엠더블유,20090921,5750,5885,5701,5759,43669,46290,0,5740,5938,6372,7010
A032500,케이엠더블유,20090918,5653,5837,5653,5740,46214,43975,0,5746,5955,6384,7020
A032500,케이엠더블유,20090917,5701,5769,5605,5740,54341,45192,0,5777,5986,6400,7030
A032500,케이엠더블유,20090916,5779,5827,5682,5682,63679,46431,0,5806,6017,6416,7036
A032500,케이엠더블유,20090915,5798,5904,5701,5779,35312,45347,0,5841,6045,6426,7041
A032500,케이엠더블유,20090914,5895,5972,5750,5788,41085,45528,0,5893,6075,6433,7045
A032500,케이엠더블유,20090911,5866,5972,5846,5895,33441,48745,0,5957,6108,6441,7047
A032500,케이엠더블유,20090910,5856,6040,5846,5885,32943,47335,-730,6045,6146,6442,7047
A032500,케이엠더블유,20090909,6117,6117,5846,5856,32733,46611,0,6146,6191,6446,7048
A032500,케이엠더블유,20090908,6107,6136,5953,6040,61415,47436,0,6210,6229,6450,7048
A032500,케이엠더블유,20090907,6329,6368,6088,6107,53690,49177,0,6134,6270,6456,7046
A032500,케이엠더블유,20090904,6465,6474,6088,6339,69861,49388,0,6099,6309,6462,7043
A032500,케이엠더블유,20090903,6465,6494,6291,6387,103639,48884,0,6022,6337,6467,7040
A032500,케이엠더블유,20090902,5547,6281,5498,6175,178716,53585,0,5949,6353,6473,7035
A032500,케이엠더블유,20090901,5885,5933,5643,5663,99166,43829,0,5935,6383,6486,7031
A032500,케이엠더블유,20090831,6030,6030,5837,5933,41394,43026,0,5985,6437,6505,7031
A032500,케이엠더블유,20090828,5943,6049,5837,5953,68812,42671,-3215,6016,6478,6521,7027
A032500,케이엠더블유,20090827,6223,6223,5856,6020,37347,41325,0,6101,6506,6537,7023
A032500,케이엠더블유,20090826,5933,6165,5846,6107,46617,42005,0,6167,6527,6550,7012
A032500,케이엠더블유,20090825,5991,6097,5885,5914,79533,37789,0,6194,6547,6566,7001
A032500,케이엠더블유,20090824,6426,6426,6078,6088,96796,37590,0,6287,6576,6587,6989
A032500,케이엠더블유,20090821,6426,6426,6165,6378,78820,37226,0,6358,6596,6604,6975
A032500,케이엠더블유,20090820,6242,6368,6213,6349,46073,38742,0,6416,6604,6612,6957
A032500,케이엠더블유,20090819,6407,6474,6242,6242,55947,37012,0,6503,6616,6623,6938
A032500,케이엠더블유,20090818,6329,6436,6271,6378,80998,36831,0,6577,6642,6637,6922
A032500,케이엠더블유,20090817,6697,6764,6426,6445,74108,36681,0,6674,6660,6653,6907
A032500,케이엠더블유,20090814,6813,6871,6639,6668,99859,40050,0,6763,6670,6672,6891
A032500,케이엠더블유,20090813,6619,6929,6619,6784,125733,40550,0,6807,6667,6693,6875
A032500,케이엠더블유,20090812,6861,6871,6590,6610,92555,37603,0,6791,6659,6714,6857
A032500,케이엠더블유,20090811,6871,6938,6793,6861,42151,40946,0,6824,6662,6742,6843
A032500,케이엠더블유,20090810,6861,6958,6803,6890,54241,40870,0,6801,6652,6762,6825
A032500,케이엠더블유,20090807,6706,6967,6629,6890,73799,41645,0,6776,6656,6780,6810
A032500,케이엠더블유,20090806,6764,6832,6619,6706,37571,38057,0,6698,6650,6802,6797
A032500,케이엠더블유,20090805,6706,6861,6687,6774,43059,40313,369,6646,6642,6828,6787
A032500,케이엠더블유,20090804,6929,6929,6619,6745,59025,38468,0,6594,6625,6853,6780
A032500,케이엠더블유,20090803,6455,6803,6445,6764,70043,41039,0,6542,6613,6882,6772
A032500,케이엠더블유,20090731,6445,6542,6368,6503,43199,36502,0,6488,6605,6916,6764
A032500,케이엠더블유,20090730,6494,6494,6387,6445,51641,36710,0,6494,6607,6957,6759
A032500,케이엠더블유,20090729,6503,6600,6474,6513,56416,36320,0,6525,6615,6998,6755
A032500,케이엠더블유,20090728,6416,6523,6397,6484,55858,35864,0,6575,6617,7040,6752
A032500,케이엠더블유,20090727,6532,6600,6426,6494,56331,36067,0,6625,6602,7079,6747
A032500,케이엠더블유,20090724,6639,6639,6465,6532,86913,35726,0,6652,6601,7125,6742
A032500,케이엠더블유,20090723,6764,6822,6600,6600,71929,35726,0,6669,6611,7164,6738
A032500,케이엠더블유,20090722,6861,6861,6706,6764,51652,39296,0,6673,6615,7184,6732
A032500,케이엠더블유,20090721,6677,6832,6677,6735,65932,36921,0,6654,6591,7211,6727
A032500,케이엠더블유,20090720,6648,6687,6581,6629,64325,35726,0,6641,6565,7243,6719
A032500,케이엠더블유,20090717,6619,6745,6590,6619,36267,35640,0,6708,6545,7283,6711
A032500,케이엠더블유,20090716,6735,6861,6610,6619,47027,35640,0,6737,6514,7312,6704
A032500,케이엠더블유,20090715,6832,6861,6619,6668,58771,35654,0,6726,6487,7339,6696
A032500,케이엠더블유,20090714,7161,7392,6668,6668,207930,35662,0,6677,6459,7361,6688
A032500,케이엠더블유,20090713,7731,7731,6871,6967,371497,35506,-10,6646,6444,7386,6680
A032500,케이엠더블유,20090710,6561,6764,6436,6764,60062,37229,0,6573,6420,7398,6672
A032500,케이엠더블유,20090709,6677,6764,6455,6561,65283,38959,0,6526,6414,7414,6670
A032500,케이엠더블유,20090708,6503,6532,6368,6426,48207,39994,0,6536,6425,7441,6666
A032500,케이엠더블유,20090707,6600,6697,6484,6513,59839,42252,0,6561,6451,7476,6660
A032500,케이엠더블유,20090706,6532,6735,6474,6600,42364,44764,0,6496,6464,7511,6660
A032500,케이엠더블유,20090703,6474,6561,6426,6532,23737,46122,0,6472,6479,7542,6659
A032500,케이엠더블유,20090702,6561,6706,6503,6610,29328,45076,0,6509,6498,7570,6655
A032500,케이엠더블유,20090701,6078,6571,6078,6552,42538,46946,0,6527,6509,7600,6653
A032500,케이엠더블유,20090630,6561,6706,6088,6184,54836,47894,0,6470,6534,7629,6653
A032500,케이엠더블유,20090629,6793,6793,6484,6484,46742,52021,0,6478,6585,7647,6656
A032500,케이엠더블유,20090626,6697,6919,6687,6716,104663,55783,10,6428,6614,7655,6658
A032500,케이엠더블유,20090625,6329,6764,6329,6697,103856,62132,0,6283,6622,7659,6660
A032500,케이엠더블유,20090624,6349,6349,6136,6271,34464,52443,0,6161,6638,7657,6660
A032500,케이엠더블유,20090623,6078,6329,6078,6223,52523,56638,0,6126,6678,7657,0
A032500,케이엠더블유,20090622,6088,6233,5914,6233,61521,55415,0,6157,6735,7657,0
A032500,케이엠더블유,20090619,6107,6184,5972,5991,70245,45144,-4300,6206,6802,7654,0
A032500,케이엠더블유,20090618,6097,6271,6088,6088,65659,46771,0,6337,6898,7652,0
A032500,케이엠더블유,20090617,6329,6358,6078,6097,128977,40706,0,6474,6997,7650,0
A032500,케이엠더블유,20090616,6397,6474,6300,6378,77523,44092,0,6646,7106,7647,0
A032500,케이엠더블유,20090615,6590,6648,6474,6474,107120,39775,0,6726,7189,7637,0
A032500,케이엠더블유,20090612,6784,6842,6581,6648,98995,64503,0,6811,7265,7624,0
A032500,케이엠더블유,20090611,7035,7035,6735,6774,78193,80581,0,6861,7344,7614,0
A032500,케이엠더블유,20090610,6880,6958,6774,6958,50945,105972,0,6875,7418,7597,0
A032500,케이엠더블유,20090609,6929,7132,6774,6774,89345,104347,0,6894,7482,7576,0
A032500,케이엠더블유,20090608,6929,6987,6861,6900,62409,111449,0,6977,7570,7557,0
A032500,케이엠더블유,20090605,7006,7006,6784,6900,59154,118273,0,7012,7665,7534,0
A032500,케이엠더블유,20090604,7064,7122,6842,6842,68894,116684,0,7008,7767,7509,0
A032500,케이엠더블유,20090603,7257,7257,7016,7054,64712,119413,0,7043,7871,7474,0
A032500,케이엠더블유,20090602,7151,7334,7112,7190,88798,124332,0,7045,7968,7435,0
A032500,케이엠더블유,20090601,6909,7103,6880,7074,78992,125409,0,7079,8052,7390,0
A032500,케이엠더블유,20090529,7112,7122,6861,6880,76131,141610,0,7178,8160,7346,0
A032500,케이엠더블유,20090528,6851,7112,6832,7016,103818,137286,0,7385,8260,7302,0
A032500,케이엠더블유,20090527,7499,7566,7064,7064,117257,138952,0,7597,8299,7254,0
A032500,케이엠더블유,20090526,7566,7634,7296,7363,127216,138952,0,7837,8364,7207,0
A032500,케이엠더블유,20090525,7827,7963,6764,7566,144335,138952,0,7974,8428,7161,0
A032500,케이엠더블유,20090522,8079,8156,7885,7914,165882,145316,0,8059,8502,7110,0
A032500,케이엠더블유,20090521,8349,8552,8050,8079,214402,133952,0,8121,8524,7056,0
A032500,케이엠더블유,20090520,8069,8446,8069,8262,185632,153136,0,8158,8531,7000,0
A032500,케이엠더블유,20090519,8117,8214,8040,8050,123156,136962,0,8154,8520,6944,0
A032500,케이엠더블유,20090518,8175,8214,7953,7992,112170,139485,0,8249,8523,6888,0
A032500,케이엠더블유,20090515,8349,8436,8166,8224,129155,143559,0,8409,8509,6840,0
A032500,케이엠더블유,20090514,8117,8523,8030,8262,147807,145498,-23,8552,8485,6792,0
A032500,케이엠더블유,20090513,8600,8629,8050,8243,268724,160690,0,8688,8479,6746,0
A032500,케이엠더블유,20090512,8600,8687,8465,8523,203956,160690,-14040,8836,8493,6707,0
A032500,케이엠더블유,20090511,9084,9113,8794,8794,162149,178439,0,8904,8498,6662,0
A032500,케이엠더블유,20090508,8813,9026,8774,8939,129643,182721,0,8995,8484,6613,0
A032500,케이엠더블유,20090507,9142,9161,8726,8939,257096,178439,-460,8983,8445,6561,0
A032500,케이엠더블유,20090506,8939,9422,8939,8987,329599,170239,0,8753,8421,6512,0
A032500,케이엠더블유,20090504,9035,9374,8794,8861,336776,170239,0,8630,8386,6464,0
A032500,케이엠더블유,20090430,9664,9664,9113,9248,789702,170249,-23540,8585,8306,6415,0
A032500,케이엠더블유,20090429,7798,8881,7682,8881,346182,195910,-8000,8543,8191,6359,0
A032500,케이엠더블유,20090428,8369,8639,7779,7789,287684,175254,-9500,8438,8095,6312,0
A032500,케이엠더블유,20090427,8755,8842,8272,8369,281930,173791,0,8525,8033,6281,0
A032500,케이엠더블유,20090424,9190,9422,8456,8639,435291,178403,-6000,8459,7928,6242,0
A032500,케이엠더블유,20090423,8649,9567,8610,9035,856901,205186,47040,8355,7807,6195,0
A032500,케이엠더블유,20090422,8552,8552,8243,8359,320090,200160,4040,8090,7658,6139,0
A032500,케이엠더블유,20090421,7779,8301,7740,8224,318276,206957,0,7965,7536,6096,0
A032500,케이엠더블유,20090420,8204,8204,7731,8040,142471,191982,0,7951,7422,6052,0
A032500,케이엠더블유,20090417,7924,8224,7644,8117,404062,200719,0,8048,7316,6014,0
A032500,케이엠더블유,20090416,7943,8137,7663,7711,228490,185016,-3772,8148,7198,5975,0
A032500,케이엠더블유,20090415,8001,8349,7470,7731,395319,164128,0,8307,7097,5947,0
A032500,케이엠더블유,20090414,8610,8668,8117,8156,403523,167180,0,8396,7012,5925,0
A032500,케이엠더블유,20090413,8726,8774,8427,8523,342601,163090,0,8454,6893,5892,0
A032500,케이엠더블유,20090410,8668,8890,8388,8620,340168,155260,0,8405,6752,5844,0
A032500,케이엠더블유,20090409,8330,8678,8262,8504,374184,153146,0,8137,6602,5809,0
A032500,케이엠더블유,20090408,8272,8678,8117,8175,374538,141851,0,7823,6453,5775,0
A032500,케이엠더블유,20090407,8311,9064,7914,8446,1274178,139876,-3500,7580,6316,5740,0
A032500,케이엠더블유,20090406,7199,8359,7161,8282,1875144,147398,-13500,7201,6131,5705,0
A032500,케이엠더블유,20090403,7064,7344,6726,7276,665800,148496,0,6801,5951,5677,0
A032500,케이엠더블유,20090402,7132,7141,6745,6938,493720,133018,-30354,6588,5812,5665,0
A032500,케이엠더블유,20090401,6571,7199,6571,6958,828495,130025,-1710,6411,5688,5662,0
A032500,케이엠더블유,20090331,6291,6706,6291,6552,376227,137772,-3000,6204,5552,5662,0
A032500,케이엠더블유,20090330,6300,6668,6040,6281,577984,142307,0,6084,5429,5664,0
A032500,케이엠더블유,20090327,6088,6416,5982,6213,428919,155981,-3000,6009,5329,0,0
A032500,케이엠더블유,20090326,6078,6126,5924,6049,233453,155796,-2000,5920,5248,0,0
A032500,케이엠더블유,20090325,5895,5991,5721,5924,188098,140159,0,5848,5170,0,0
A032500,케이엠더블유,20090324,6088,6088,5904,5953,110966,134081,-2000,5870,5110,0,0
A032500,케이엠더블유,20090323,5750,6020,5750,5904,75151,138043,0,5833,5047,0,0
A032500,케이엠더블유,20090320,5885,5885,5711,5769,89286,138894,0,5792,4998,0,0
A032500,케이엠더블유,20090319,6078,6184,5653,5692,195018,130288,-20000,5763,4944,0,0
A032500,케이엠더블유,20090318,6223,6571,5962,6030,728694,130288,-608,5730,4915,0,0
A032500,케이엠더블유,20090317,5837,5895,5585,5769,201052,124204,-11110,5612,4881,0,0
A032500,케이엠더블유,20090316,5701,6136,5682,5701,665515,115241,0,5405,4866,0,0
A032500,케이엠더블유,20090313,5711,5740,5508,5624,203611,101810,20000,5203,4875,0,0
A032500,케이엠더블유,20090312,5431,6068,5218,5527,689884,78735,40000,4978,4887,0,0
A032500,케이엠더블유,20090311,4957,5440,4841,5440,302634,83691,10500,4761,4901,0,0
A032500,케이엠더블유,20090310,4687,4764,4561,4735,46554,77244,0,4523,4922,0,0
A032500,케이엠더블유,20090309,4561,4687,4561,4687,38513,77074,0,4394,4984,0,0
A032500,케이엠더블유,20090306,4232,4580,4232,4503,82812,74511,0,4314,5055,0,0
A032500,케이엠더블유,20090305,4358,4735,4358,4440,94825,66863,-6500,4332,5125,0,0
A032500,케이엠더블유,20090304,4087,4339,4068,4252,77667,63073,0,4342,5197,0,0
A032500,케이엠더블유,20090303,3913,4194,3899,4087,86764,51414,0,4433,5289,0,0
A032500,케이엠더블유,20090302,4464,4571,4203,4290,67861,46544,0,4555,5380,0,0
A032500,케이엠더블유,20090227,4445,4696,4445,4590,53402,50782,0,4683,5469,0,0
A032500,케이엠더블유,20090226,4658,4880,4455,4493,86776,41897,0,4702,5529,0,0
A032500,케이엠더블유,20090225,4851,4880,4687,4706,78309,52666,0,4826,5589,0,0
A032500,케이엠더블유,20090224,4677,4783,4522,4696,86335,58645,-2952,4953,5643,0,0
A032500,케이엠더블유,20090223,4542,4928,4493,4928,153266,59836,-966,5110,5688,0,0
A032500,케이엠더블유,20090220,4947,5073,4542,4687,180823,52101,-1405,5299,5727,0,0
A032500,케이엠더블유,20090219,5411,5508,5073,5112,153383,61495,0,5537,5783,0,0
A032500,케이엠더블유,20090218,5315,5392,5121,5344,161017,77466,0,5674,5828,0,0
A032500,케이엠더블유,20090217,5856,5895,5460,5479,185516,80312,0,5779,5882,0,0
A032500,케이엠더블유,20090216,6040,6049,5846,5875,146465,97636,-19,5875,5916,0,0
A032500,케이엠더블유,20090213,5537,5933,5537,5875,203204,103003,0,5925,5904,0,0
A032500,케이엠더블유,20090212,5895,5962,5769,5798,137219,95509,0,5929,5939,0,0
A032500,케이엠더블유,20090211,5798,5885,5653,5866,175401,110137,0,5947,5970,0,0
A032500,케이엠더블유,20090210,6146,6223,5856,5962,227076,127949,0,5991,5980,0,0
A032500,케이엠더블유,20090209,5991,6252,5991,6126,361700,156422,-4500,5980,6001,0,0
A032500,케이엠더블유,20090206,6030,6040,5866,5895,162445,148927,1000,5970,6025,0,0
A032500,케이엠더블유,20090205,6097,6320,5798,5885,256699,153080,0,5947,6059,0,0
A032500,케이엠더블유,20090204,6001,6136,5924,6088,226696,155718,19747,5908,6100,0,0
A032500,케이엠더블유,20090203,6117,6184,5895,5904,246802,144552,-1472,5848,6144,0,0
A032500,케이엠더블유,20090202,6242,6513,6068,6078,620654,149842,0,5788,6183,0,0
A032500,케이엠더블유,20090130,5537,5788,5537,5779,119633,155371,0,5715,0,0,0
A032500,케이엠더블유,20090129,5846,5943,5692,5692,105242,140866,-20,5719,0,0,0
A032500,케이엠더블유,20090128,5692,5866,5692,5788,124969,146799,0,5783,0,0,0
A032500,케이엠더블유,20090123,5556,5740,5402,5605,154850,141841,-289,5910,0,0,0
A032500,케이엠더블유,20090122,6040,6097,5692,5711,169912,145653,0,6020,0,0,0
A032500,케이엠더블유,20090121,5460,5943,5334,5798,295436,162266,-873,6007,0,0,0
A032500,케이엠더블유,20090120,6764,6958,5904,6011,592454,141476,115,6161,0,0,0
A032500,케이엠더블유,20090119,6349,6561,6204,6426,319393,171133,0,6244,0,0,0
A032500,케이엠더블유,20090116,5895,6310,5750,6155,399608,166492,0,6171,0,0,0
A032500,케이엠더블유,20090115,6262,6368,5643,5643,399105,143355,-10042,6217,0,0,0
A032500,케이엠더블유,20090114,6474,6803,6339,6571,465464,158439,-38,6407,0,0,0
A032500,케이엠더블유,20090113,6011,6426,5798,6426,399495,159283,0,6409,0,0,0
A032500,케이엠더블유,20090112,6233,6358,6040,6059,260737,145410,-15,6467,0,0,0
A032500,케이엠더블유,20090109,6610,6755,6387,6387,321463,136353,0,6648,0,0,0
A032500,케이엠더블유,20090108,6397,6842,6368,6590,499097,131603,1710,6704,0,0,0
A032500,케이엠더블유,20090107,6716,6880,6503,6581,792161,120069,0,0,0,0,0
A032500,케이엠더블유,20090106,7035,7074,6648,6716,731374,136094,0,0,0,0,0
A032500,케이엠더블유,20090105,6822,7460,6639,6967,1497127,136474,-25,0,0,0,0
A032500,케이엠더블유,20090102,6938,7132,6552,6668,762766,130594,12,0,0,0,0
