stockCode,stackName,date,startPrice,highPrice,lowPrice,finalPrice,amountTrade,amounForeigner,amountAgencyBuy,days5MovAvr,days20MovAvr,days60MovAvr,days120MovAvr
A036120,SCI평가정보,20190129,2110,2155,2075,2090,259463,197456,0,2123,2045,2106,2554
A036120,SCI평가정보,20190128,2175,2180,2130,2130,189496,236035,0,2127,2041,2107,2564
A036120,SCI평가정보,20190125,2125,2195,2120,2150,386303,226270,0,2128,2034,2106,2576
A036120,SCI평가정보,20190124,2125,2270,2115,2125,905910,196030,0,2126,2030,2104,2588
A036120,SCI평가정보,20190123,2110,2140,2065,2120,157698,149914,0,2124,2032,2100,2598
A036120,SCI평가정보,20190122,2120,2140,2085,2110,287670,131986,0,2098,2035,2100,2609
A036120,SCI평가정보,20190121,2125,2150,2090,2135,430411,105172,0,2078,2042,2101,2621
A036120,SCI평가정보,20190118,2115,2145,2065,2140,698688,116611,-1000,2048,2046,2104,2629
A036120,SCI평가정보,20190117,2015,2310,2015,2115,4293215,69669,1000,2019,2052,2106,2637
A036120,SCI평가정보,20190116,2020,2020,1985,1990,132900,204129,0,1996,2037,2112,2647
A036120,SCI평가정보,20190115,1985,2030,1985,2010,118835,196911,0,1993,2032,2118,2658
A036120,SCI평가정보,20190114,1980,1990,1935,1985,143352,179695,-31,1980,2029,2125,2671
A036120,SCI평가정보,20190111,1980,2020,1975,1995,230186,165643,-36212,1983,2022,2132,2684
A036120,SCI평가정보,20190110,1985,2060,1980,2000,285107,144693,-6035,1975,2014,2147,2693
A036120,SCI평가정보,20190109,1980,1990,1945,1975,135826,152436,0,1967,2008,2161,2701
A036120,SCI평가정보,20190108,2020,2020,1935,1945,168673,126883,-31,1967,2008,2173,2710
A036120,SCI평가정보,20190107,2025,2030,1980,2000,183278,132981,0,1978,2010,2184,2719
A036120,SCI평가정보,20190104,1985,1985,1860,1955,226406,139224,42247,1977,2013,2198,2728
A036120,SCI평가정보,20190103,2000,2060,1940,1960,300366,179149,0,2000,2022,2216,2737
A036120,SCI평가정보,20190102,2035,2035,1970,1975,197115,189539,0,2043,2032,2233,2745
A036120,SCI평가정보,20181228,1970,2030,1970,2000,234166,199578,0,2083,2040,2250,2754
A036120,SCI평가정보,20181227,2075,2180,1995,1995,476642,118049,0,2130,2048,2269,2762
A036120,SCI평가정보,20181226,2045,2095,2025,2070,380960,121875,0,2177,2057,2289,2771
A036120,SCI평가정보,20181224,2175,2300,2085,2175,1192759,86550,0,2214,2062,2308,2778
A036120,SCI평가정보,20181221,2525,2630,2170,2175,3452651,49438,0,2143,2062,2326,2784
A036120,SCI평가정보,20181220,2295,2590,2200,2235,5065708,48372,-601,2087,2062,2343,2789
A036120,SCI평가정보,20181219,2310,2370,2175,2230,2184256,86391,-899,2027,2059,2360,2796
A036120,SCI평가정보,20181218,1910,2365,1910,2255,5521963,186896,-8500,1952,2060,2376,2802
A036120,SCI평가정보,20181217,1900,1900,1820,1820,69900,460295,31,1866,2061,2393,2809
A036120,SCI평가정보,20181214,1930,1940,1855,1895,41347,471547,0,1880,2086,2418,2821
A036120,SCI평가정보,20181213,1845,1955,1845,1935,80619,474324,0,1895,2103,2443,2831
A036120,SCI평가정보,20181212,1820,1855,1800,1855,38243,467929,0,1906,2116,2467,2841
A036120,SCI평가정보,20181211,1890,1890,1800,1825,88337,458003,31,1946,2137,2491,2851
A036120,SCI평가정보,20181210,1940,1965,1855,1890,73891,433235,0,2008,2156,2516,2862
A036120,SCI평가정보,20181207,1965,2000,1940,1970,45070,432043,0,2061,2172,2539,2875
A036120,SCI평가정보,20181206,2050,2070,1920,1990,134002,431224,0,2093,2187,2562,2887
A036120,SCI평가정보,20181205,2105,2105,2045,2055,97017,445517,0,2128,2204,2583,2899
A036120,SCI평가정보,20181204,2150,2150,2105,2135,68008,457528,0,2153,2214,2605,2912
A036120,SCI평가정보,20181203,2170,2170,2120,2155,39539,455963,0,2162,2222,2626,2925
A036120,SCI평가정보,20181130,2195,2195,2120,2130,53292,456530,0,2166,2230,2645,2938
A036120,SCI평가정보,20181129,2235,2235,2150,2165,86652,463831,0,2171,2235,2664,2951
A036120,SCI평가정보,20181128,2190,2210,2140,2180,90507,459662,0,2174,2233,2684,2964
A036120,SCI평가정보,20181127,2155,2190,2155,2180,87427,453174,0,2189,2228,2703,2976
A036120,SCI평가정보,20181126,2200,2200,2145,2175,65811,447687,0,2209,2220,2722,2989
A036120,SCI평가정보,20181123,2160,2225,2155,2155,67083,433053,0,2237,2206,2739,3005
A036120,SCI평가정보,20181122,2225,2265,2170,2180,120104,439670,0,2254,2204,2757,3016
A036120,SCI평가정보,20181121,2255,2255,2175,2255,105735,453856,0,2258,2204,2774,3028
A036120,SCI평가정보,20181120,2250,2290,2215,2280,101473,460373,0,2259,2204,2792,3040
A036120,SCI평가정보,20181119,2280,2315,2245,2315,147879,459581,0,2246,2206,2807,3052
A036120,SCI평가정보,20181116,2200,2250,2170,2240,73249,429699,0,2226,2213,2820,3064
A036120,SCI평가정보,20181115,2230,2230,2150,2200,80745,411405,0,2231,2220,2835,3078
A036120,SCI평가정보,20181114,2150,2280,2150,2260,110061,409790,0,2258,2229,2850,3092
A036120,SCI평가정보,20181113,2135,2220,2135,2215,68976,385107,0,2256,2236,2863,3105
A036120,SCI평가정보,20181112,2285,2285,2215,2215,70463,371770,0,2272,2270,2877,3118
A036120,SCI평가정보,20181109,2295,2315,2250,2265,85364,378305,0,2292,2302,2893,3131
A036120,SCI평가정보,20181108,2330,2360,2275,2335,157616,391985,0,2283,2323,2910,3143
A036120,SCI평가정보,20181107,2295,2345,2150,2250,283202,369429,0,2243,2338,2926,3156
A036120,SCI평가정보,20181106,2300,2360,2245,2295,332596,382224,0,2210,2366,2944,3170
A036120,SCI평가정보,20181105,2220,2490,2185,2315,1338589,412976,0,2151,2402,2963,3182
A036120,SCI평가정보,20181102,2180,2235,2160,2220,362313,491013,0,2068,2436,2981,3194
A036120,SCI평가정보,20181101,2065,2190,2065,2135,156158,479278,0,2046,2477,3001,3210
A036120,SCI평가정보,20181031,2000,2125,1980,2085,180610,456146,0,2056,2525,3022,3226
A036120,SCI평가정보,20181030,1760,2150,1760,2000,621434,429192,0,2093,2581,3046,3242
A036120,SCI평가정보,20181029,2030,2120,1900,1900,206947,334331,0,2155,2643,3071,3260
A036120,SCI평가정보,20181026,2185,2235,2025,2110,144102,256131,0,2266,2708,3095,3280
A036120,SCI평가정보,20181025,2200,2225,2115,2185,226671,227007,-2500,2319,2765,3119,3299
A036120,SCI평가정보,20181024,2325,2370,2235,2270,200452,157695,0,2358,2816,3141,3319
A036120,SCI평가정보,20181023,2520,2530,2305,2310,457082,133013,0,2386,2864,3154,3343
A036120,SCI평가정보,20181022,2360,2455,2355,2455,367799,244770,0,2504,2912,3168,3358
A036120,SCI평가정보,20181019,2360,2400,2290,2375,287203,166723,0,2581,2954,3181,3373
A036120,SCI평가정보,20181018,2435,2440,2350,2380,511297,130928,0,2644,3005,3198,3388
A036120,SCI평가정보,20181017,2870,2915,2295,2410,2225226,99243,0,2697,3054,3216,3402
A036120,SCI평가정보,20181016,2785,2990,2765,2900,278769,71201,0,2775,3100,3237,3417
A036120,SCI평가정보,20181015,2665,2850,2665,2840,269855,66424,-1000,2799,3122,3239,3427
A036120,SCI평가정보,20181012,2465,2790,2465,2690,288642,100728,0,2831,3144,3242,3436
A036120,SCI평가정보,20181011,2630,2755,2410,2645,218447,98035,0,2899,3175,3247,3447
A036120,SCI평가정보,20181010,2970,3080,2795,2800,165684,42121,0,2990,3206,3253,3452
A036120,SCI평가정보,20181008,3000,3080,2995,3020,90097,38868,0,3070,3234,3258,3454
A036120,SCI평가정보,20181005,2970,3120,2960,3000,139825,49684,0,3115,3252,3258,3455
A036120,SCI평가정보,20181004,3100,3110,3005,3030,127120,49418,0,3155,3268,3258,3456
A036120,SCI평가정보,20181002,3200,3230,3095,3100,191064,44335,0,3197,3282,3257,3458
A036120,SCI평가정보,20181001,3260,3280,3180,3200,208343,66836,0,3219,3293,3256,3460
A036120,SCI평가정보,20180928,3220,3320,3220,3245,259218,113314,0,3226,3299,3253,3464
A036120,SCI평가정보,20180927,3220,3240,3185,3200,177428,119709,0,3228,3304,3247,3468
A036120,SCI평가정보,20180921,3280,3280,3235,3240,167324,121201,0,3250,3304,3242,3473
A036120,SCI평가정보,20180920,3255,3330,3200,3210,263481,113214,0,3280,3304,3236,3477
A036120,SCI평가정보,20180919,3265,3295,3235,3235,236507,135338,0,3312,3303,3232,3481
A036120,SCI평가정보,20180918,3310,3310,3225,3255,203539,151872,0,3330,3307,3228,3487
A036120,SCI평가정보,20180917,3370,3430,3290,3310,473222,163307,0,3346,3303,3226,3492
A036120,SCI평가정보,20180914,3420,3540,3355,3390,1440822,185802,0,3340,3293,3224,3495
A036120,SCI평가정보,20180913,3320,3445,3300,3370,348365,330750,0,3324,3280,3219,3499
A036120,SCI평가정보,20180912,3355,3380,3295,3325,357802,275813,0,3301,3265,3215,3505
A036120,SCI평가정보,20180911,3290,3340,3270,3335,226296,257264,0,3311,3252,3211,3512
A036120,SCI평가정보,20180910,3340,3340,3250,3280,232355,188613,0,3321,3238,3208,3517
A036120,SCI평가정보,20180907,3270,3335,3225,3310,344679,179835,3500,3327,3234,3210,3524
A036120,SCI평가정보,20180906,3310,3335,3245,3255,533010,118534,0,3326,3230,3212,3532
A036120,SCI평가정보,20180905,3445,3520,3370,3375,1150423,129544,0,3340,3234,3216,3540
A036120,SCI평가정보,20180904,3320,3450,3320,3385,849148,195049,0,3329,3233,3218,3547
A036120,SCI평가정보,20180903,3365,3385,3310,3310,402603,112016,0,3319,3234,3224,3554
A036120,SCI평가정보,20180831,3310,3350,3280,3305,313221,102891,0,3299,3238,3231,3561
A036120,SCI평가정보,20180830,3355,3365,3300,3325,359308,55984,0,3284,3244,3238,3567
A036120,SCI평가정보,20180829,3435,3480,3320,3320,1065120,15166,0,3259,3247,3243,3574
A036120,SCI평가정보,20180828,3270,3435,3240,3335,1365492,78225,0,3257,3258,3249,3583
A036120,SCI평가정보,20180827,3225,3260,3200,3210,253082,47067,0,3227,3267,3257,3596
A036120,SCI평가정보,20180824,3200,3290,3200,3230,366271,55650,0,3206,3274,3270,3609
A036120,SCI평가정보,20180823,3245,3295,3200,3200,512157,37388,0,3188,3288,3275,3623
A036120,SCI평가정보,20180822,3200,3510,3180,3310,4353138,34156,0,3161,3303,3282,3638
A036120,SCI평가정보,20180821,3090,3250,3080,3185,253148,115297,0,3112,3292,3289,3653
A036120,SCI평가정보,20180820,3180,3180,3105,3105,202390,91292,0,3087,3290,3298,3669
A036120,SCI평가정보,20180817,3070,3175,3065,3140,266725,107969,0,3104,3296,3309,3686
A036120,SCI평가정보,20180816,3080,3140,3010,3065,310358,60191,1,3124,3308,3321,3704
A036120,SCI평가정보,20180814,3075,3130,3025,3065,229188,57508,0,3174,3330,3335,3720
A036120,SCI평가정보,20180813,3180,3180,3030,3060,421543,51770,0,3234,3359,3347,3736
A036120,SCI평가정보,20180810,3260,3285,3170,3190,323460,26396,0,3302,3356,3359,3752
A036120,SCI평가정보,20180809,3260,3290,3195,3240,485303,36829,0,3343,3347,3368,3768
A036120,SCI평가정보,20180808,3335,3420,3315,3315,462601,19343,0,3379,3334,3376,3781
A036120,SCI평가정보,20180807,3365,3390,3325,3365,456084,18666,0,3393,3320,3386,3794
A036120,SCI평가정보,20180806,3450,3550,3390,3400,1207081,16520,0,3430,3307,3396,3807
A036120,SCI평가정보,20180803,3430,3445,3350,3395,530297,55435,0,3452,3288,3402,3819
A036120,SCI평가정보,20180802,3420,3490,3350,3420,1003943,94577,0,3441,3268,3408,3831
A036120,SCI평가정보,20180801,3420,3440,3340,3385,1574210,45065,0,3460,3246,3419,3847
A036120,SCI평가정보,20180731,3540,3565,3445,3550,1535386,59395,0,3483,3228,3431,3864
A036120,SCI평가정보,20180730,3335,3815,3325,3510,9161631,89187,0,3393,3201,3437,3880
A036120,SCI평가정보,20180727,3385,3445,3330,3340,1613149,56255,-1000,3317,3171,3448,3897
A036120,SCI평가정보,20180726,3415,3515,3330,3515,3460620,133958,0,3297,3148,3465,3920
A036120,SCI평가정보,20180725,3275,4030,3270,3500,17245424,101828,1002,3268,3115,3479,3941
A036120,SCI평가정보,20180724,3205,3280,2980,3100,1162782,36677,0,3268,3090,3497,3966
A036120,SCI평가정보,20180723,3205,3375,3120,3130,1024366,56542,0,3380,3086,3532,3995
A036120,SCI평가정보,20180720,3375,3535,3200,3240,1651161,27713,0,3353,3084,3548,4022
A036120,SCI평가정보,20180719,3580,3585,3300,3370,1285440,33655,0,3308,3084,3564,4036
A036120,SCI평가정보,20180718,3625,3970,3380,3500,7721596,36651,0,3231,3069,3578,4040
A036120,SCI평가정보,20180717,3075,3735,3025,3660,13167552,34203,0,3136,3050,3588,4043
A036120,SCI평가정보,20180716,3020,3070,2970,2995,140718,36454,0,3025,3022,3596,4047
A036120,SCI평가정보,20180713,2985,3045,2950,3015,175576,60486,0,3032,3031,3615,4055
A036120,SCI평가정보,20180712,3025,3050,2980,2985,194996,40869,0,3024,3050,3630,4068
A036120,SCI평가정보,20180711,3030,3265,3000,3025,965894,47553,0,3024,3072,3648,4081
A036120,SCI평가정보,20180710,3060,3150,3010,3105,396054,47049,0,3024,3094,3650,4085
A036120,SCI평가정보,20180709,2985,3180,2985,3030,910445,68426,0,3005,3115,3651,4088
A036120,SCI평가정보,20180706,3025,3025,2895,2975,287854,25073,0,2983,3150,3651,4103
A036120,SCI평가정보,20180705,3050,3080,2950,2985,327136,64805,0,2961,3187,3654,4120
A036120,SCI평가정보,20180704,3055,3110,2930,3025,734132,59360,0,2938,3223,3659,4142
A036120,SCI평가정보,20180703,2975,3130,2830,3010,1189434,46218,0,2930,3255,3665,4165
A036120,SCI평가정보,20180702,3095,3290,2900,2920,1548180,14312,0,2934,3288,3676,4190
A036120,SCI평가정보,20180629,2840,2925,2810,2865,152975,73523,0,2970,3332,3688,4213
A036120,SCI평가정보,20180628,2930,3015,2860,2870,223675,27039,0,3042,3390,3704,4237
A036120,SCI평가정보,20180627,3015,3070,2985,2985,326110,34342,0,3083,3421,3718,4257
A036120,SCI평가정보,20180626,3080,3095,3000,3030,282891,30327,0,3108,3455,3730,4276
A036120,SCI평가정보,20180625,3155,3185,3060,3100,459812,92767,0,3125,3488,3745,4285
A036120,SCI평가정보,20180622,3045,3680,3030,3225,4407489,70185,0,3139,3519,3758,4293
A036120,SCI평가정보,20180621,3120,3145,3040,3075,289419,100894,0,3171,3546,3765,4307
A036120,SCI평가정보,20180620,3050,3475,3050,3110,2173429,108694,2000,3245,3587,3779,4336
A036120,SCI평가정보,20180619,3275,3290,3035,3115,303078,99314,-1,3316,3625,3794,4370
A036120,SCI평가정보,20180618,3385,3395,3080,3170,545916,56520,0,3397,3661,3812,4402
A036120,SCI평가정보,20180615,3480,3540,3350,3385,441244,40301,0,3507,3689,3825,4433
A036120,SCI평가정보,20180614,3480,3550,3360,3445,326399,29802,0,3575,3707,3838,4449
A036120,SCI평가정보,20180612,3560,3570,3420,3465,403347,17074,0,3626,3722,3850,4457
A036120,SCI평가정보,20180611,3600,3625,3490,3520,660039,15418,0,3667,3742,3864,4456
A036120,SCI평가정보,20180608,3695,3810,3645,3720,477445,115908,0,3695,3766,3875,4459
A036120,SCI평가정보,20180607,3700,3790,3625,3725,632496,133993,0,3713,3767,3884,4466
A036120,SCI평가정보,20180605,3670,3790,3610,3700,386458,60701,0,3770,3769,3890,4478
A036120,SCI평가정보,20180604,3660,3930,3660,3670,1306429,15846,0,3730,3789,3897,4490
A036120,SCI평가정보,20180601,3765,3805,3650,3660,694251,18170,0,3730,3810,3905,4493
A036120,SCI평가정보,20180531,3960,3960,3730,3810,1734663,3267,-102885,3735,3824,3918,4496
A036120,SCI평가정보,20180530,3670,4275,3605,4010,8266330,124066,102885,3717,3841,3935,4491
A036120,SCI평가정보,20180529,3655,3655,3480,3500,561576,122654,0,3667,3858,3949,4477
A036120,SCI평가정보,20180528,3650,3775,3620,3670,430644,158413,0,3747,3901,3970,4463
A036120,SCI평가정보,20180525,3840,3850,3655,3685,514610,55674,0,3786,3945,3993,4444
A036120,SCI평가정보,20180524,3700,3815,3680,3720,321003,86724,0,3816,4023,4017,4423
A036120,SCI평가정보,20180523,3850,3890,3730,3760,400316,52586,0,3820,4039,4039,4401
A036120,SCI평가정보,20180521,3935,3975,3865,3900,340294,109616,0,3816,4064,4064,4378
A036120,SCI평가정보,20180518,3845,3960,3785,3865,477314,100624,1,3784,4079,4086,4355
A036120,SCI평가정보,20180517,3745,3950,3655,3835,1108067,112830,0,3786,4090,4105,4332
A036120,SCI평가정보,20180516,3805,4065,3690,3740,2161358,16489,0,3816,4106,4125,4309
A036120,SCI평가정보,20180515,3785,3875,3710,3740,369908,117872,0,3819,4125,4145,4287
A036120,SCI평가정보,20180514,3700,3840,3685,3740,723570,159689,0,3823,4133,4169,4264
A036120,SCI평가정보,20180511,3900,4000,3875,3875,543031,71128,0,3895,4150,4186,4242
A036120,SCI평가정보,20180510,3765,4075,3750,3985,1651711,121205,0,3940,4114,4202,4219
A036120,SCI평가정보,20180509,3770,3865,3570,3755,716155,79702,0,3927,4072,4219,4195
A036120,SCI평가정보,20180508,4030,4060,3760,3760,917961,18911,0,4007,4037,4237,4173
A036120,SCI평가정보,20180504,4370,4400,4080,4100,1300683,18454,0,4124,4006,4254,4151
A036120,SCI평가정보,20180503,3960,4400,3960,4100,3640191,24565,0,4178,3964,4276,4125
A036120,SCI평가정보,20180502,4005,4080,3840,3920,1254677,52269,0,4268,3930,4297,4100
A036120,SCI평가정보,20180430,4300,4370,4115,4155,1524500,34781,0,4534,3918,4323,4077
A036120,SCI평가정보,20180427,4415,4920,4340,4345,6044156,35736,0,4511,3892,4347,4051
A036120,SCI평가정보,20180426,4450,4635,4295,4370,2721932,205437,-28584,4493,3864,4376,4024
A036120,SCI평가정보,20180425,5440,5600,4530,4550,15195507,213341,26584,4458,3832,4403,3997
A036120,SCI평가정보,20180424,4030,5250,4030,5250,11325300,547482,0,4364,3789,4436,3968
A036120,SCI평가정보,20180423,4300,4305,3990,4040,813647,746980,0,4145,3725,4458,3934
A036120,SCI평가정보,20180420,4295,4445,4210,4255,1903790,709163,0,4163,3716,4497,3909
A036120,SCI평가정보,20180419,4135,4490,4125,4195,4260217,760254,0,4093,3686,4508,3883
A036120,SCI평가정보,20180418,4155,4220,3995,4080,1542519,899802,-50939,4070,3672,4501,3857
A036120,SCI평가정보,20180417,4200,4350,3990,4155,2722220,886725,-2266,3882,3669,4498,3832
A036120,SCI평가정보,20180416,4040,4550,3975,4130,5966488,841067,-44246,3680,3669,4497,3807
A036120,SCI평가정보,20180413,4300,4720,3875,3905,8155491,957496,-1,3468,3661,4494,3782
A036120,SCI평가정보,20180412,3145,4080,3135,4080,9943690,1249581,97451,3312,3674,4506,3758
A036120,SCI평가정보,20180411,3120,3225,3105,3140,293983,1406563,0,3150,3680,4514,3733
A036120,SCI평가정보,20180410,3095,3300,2915,3145,1408346,1397764,0,3204,3737,4521,3717
A036120,SCI평가정보,20180409,3150,3235,3050,3070,451020,1341930,0,3311,3789,4525,3700
A036120,SCI평가정보,20180406,3285,3400,3115,3125,666231,1337536,0,3425,3846,4554,3684
A036120,SCI평가정보,20180405,3375,3455,3235,3270,585133,1338409,0,3560,3897,4586,3667
A036120,SCI평가정보,20180404,3710,3780,3395,3410,627132,1200134,0,3649,3939,4626,3649
A036120,SCI평가정보,20180403,3670,3740,3555,3680,406109,1252695,0,3707,3974,4664,3630
A036120,SCI평가정보,20180402,3900,3945,3620,3640,463105,1237079,0,3764,4012,4703,3609
A036120,SCI평가정보,20180330,3710,3830,3665,3800,339652,1334465,0,3808,4073,4737,3588
A036120,SCI평가정보,20180329,3740,3940,3680,3715,440117,1226311,0,3781,4124,4770,3566
A036120,SCI평가정보,20180328,3860,3950,3660,3700,575594,1178203,1,3820,4179,4796,3545
A036120,SCI평가정보,20180327,3880,4055,3760,3965,459258,1255228,0,3884,4244,4823,3523
A036120,SCI평가정보,20180326,3690,4250,3690,3860,1652681,1106699,0,3921,4304,4825,3500
A036120,SCI평가정보,20180323,3820,3980,3665,3665,453938,1036555,0,3942,4363,4828,3477
A036120,SCI평가정보,20180322,4000,4115,3815,3910,811230,990617,0,4044,4441,4848,3456
A036120,SCI평가정보,20180321,4235,4290,3990,4020,989881,824124,0,4099,4507,4893,3433
A036120,SCI평가정보,20180320,4085,4695,4075,4150,5864123,818833,0,4153,4556,4946,3409
A036120,SCI평가정보,20180319,4200,4225,3950,3965,407851,927268,0,4161,4601,4992,3384
A036120,SCI평가정보,20180316,4235,4245,3930,4175,424010,929630,-1,4211,4650,5041,3361
A036120,SCI평가정보,20180315,4290,4290,4150,4185,333894,808216,-1,4203,4699,5060,3336
A036120,SCI평가정보,20180314,4200,4370,4200,4290,441395,746310,0,4189,4727,5064,3310
A036120,SCI평가정보,20180313,4230,4255,4180,4190,305545,681033,0,4152,4756,5048,3284
A036120,SCI평가정보,20180312,4190,4295,4140,4215,390002,628125,0,4204,4796,5042,3259
A036120,SCI평가정보,20180309,4115,4240,4070,4135,446257,571387,0,4330,4827,5048,3234
A036120,SCI평가정보,20180308,4030,4270,4020,4115,638785,467135,0,4469,4861,5065,3210
A036120,SCI평가정보,20180307,4400,4400,4030,4105,959619,366342,0,4607,4924,5083,3185
A036120,SCI평가정보,20180306,4600,4680,4160,4450,2052078,217269,0,4788,4987,5082,3160
A036120,SCI평가정보,20180305,4750,4985,4750,4845,521920,181630,-1,4928,5038,5075,3133
A036120,SCI평가정보,20180302,4770,4900,4690,4830,475336,152732,-1,4969,5075,5046,3102
A036120,SCI평가정보,20180228,5030,5080,4775,4805,775940,50977,-1,5047,5140,5005,3071
A036120,SCI평가정보,20180227,5160,5210,5000,5010,614264,74265,-2,5132,5200,4956,3041
A036120,SCI평가정보,20180226,5000,5180,4970,5150,751139,66133,-3,5130,5274,4896,3009
A036120,SCI평가정보,20180223,5200,5220,5050,5050,706466,77049,-3,5110,5346,4828,2975
A036120,SCI평가정보,20180222,5150,5280,5070,5220,1128134,107393,-4,5090,5412,4762,2942
A036120,SCI평가정보,20180221,5360,5780,5190,5230,6718504,84274,-6,5076,5396,4693,2908
A036120,SCI평가정보,20180220,5080,5110,4880,5000,1187083,101276,-7,4981,5324,4624,2873
A036120,SCI평가정보,20180219,5240,5250,4990,5050,1211879,107800,-10,4952,5270,4558,2841
A036120,SCI평가정보,20180214,5030,5290,4855,4950,2943108,123246,-3177,4942,5221,4492,2808
A036120,SCI평가정보,20180213,4835,5880,4770,5150,14666622,157748,3003,4920,5172,4428,2776
A036120,SCI평가정보,20180212,4990,5090,4755,4755,1061198,108270,4,4852,5146,4360,2743
A036120,SCI평가정보,20180209,4800,5240,4795,4855,1962616,107950,6,4975,5137,4299,2712
A036120,SCI평가정보,20180208,4950,5190,4900,5000,1368765,126779,0,5078,5070,4236,2682
A036120,SCI평가정보,20180207,5090,5470,4785,4840,4653089,114122,4,5174,4989,4171,2649
A036120,SCI평가정보,20180206,5170,5200,4540,4810,2230780,115046,0,5322,4988,4109,2619
A036120,SCI평가정보,20180205,5140,5810,5120,5370,3019093,121369,0,5584,5002,4047,2588
A036120,SCI평가정보,20180202,5180,5800,5130,5370,4410256,70710,0,5710,5016,3975,2553
A036120,SCI평가정보,20180201,5680,6110,5150,5480,8442431,34011,10001,5936,5032,3904,2518
A036120,SCI평가정보,20180131,5880,5890,5320,5580,4714582,34616,-2,6160,5058,3830,2483
A036120,SCI평가정보,20180130,6150,6940,5930,6120,11243919,26236,1,6318,5062,3756,2446
A036120,SCI평가정보,20180129,6520,6590,5620,6000,11364814,32048,0,6074,5045,3672,2405
A036120,SCI평가정보,20180126,6400,7220,6330,6500,12777088,41033,-2503,5628,5009,3590,2365
A036120,SCI평가정보,20180125,6400,7900,6100,6600,36589439,41491,2503,5115,4950,3501,2321
A036120,SCI평가정보,20180124,5230,6370,4990,6370,31989188,77690,-2,4608,4826,3409,2275
A036120,SCI평가정보,20180123,3940,4900,3855,4900,21002852,190037,-2002,4128,4710,3322,2232
A036120,SCI평가정보,20180122,3940,3965,3605,3770,1515873,191792,0,4075,4707,3258,2202
A036120,SCI평가정보,20180119,4080,4170,3725,3935,2732068,207052,0,4234,4848,3214,2181
A036120,SCI평가정보,20180118,4190,4350,3950,4065,3861919,179583,-1,4150,5013,3167,2158
A036120,SCI평가정보,20180117,4100,4400,3695,3970,4388865,179646,0,4014,5155,3117,2135
A036120,SCI평가정보,20180116,4790,4985,4315,4635,8950062,180049,2,4186,5302,3069,2112
A036120,SCI평가정보,20180115,3675,4565,3575,4565,9563299,184306,9,4273,5335,3010,2083
A036120,SCI평가정보,20180112,3690,4055,3080,3515,6840163,191714,0,4490,5326,2952,2055
A036120,SCI평가정보,20180111,4150,4165,3385,3385,5874145,160102,1,4927,5320,2912,2036
A036120,SCI평가정보,20180110,5140,5320,4630,4830,5424379,72437,0,5450,5342,2875,2019
A036120,SCI평가정보,20180109,5600,5630,4750,5070,5201297,72437,0,5618,5327,2813,1989
A036120,SCI평가정보,20180108,5810,6090,5500,5650,6604622,72826,0,5758,5332,2747,1957
A036120,SCI평가정보,20180105,6240,6270,5470,5700,6096634,71826,0,5684,5311,2672,1920
A036120,SCI평가정보,20180104,5870,6420,5780,6000,13004329,81059,2000,5610,5227,2596,1883
A036120,SCI평가정보,20180103,5930,6060,5360,5670,10094098,80383,-4237,5230,5129,2515,1843
A036120,SCI평가정보,20180102,5220,6270,5200,5770,15331252,80383,0,4906,5000,2440,1806
A036120,SCI평가정보,20171228,5330,6700,4965,5280,37061198,80383,4237,4722,4831,2363,1768
A036120,SCI평가정보,20171227,4265,5330,4175,5330,16737524,83008,0,4982,4659,2294,1734
A036120,SCI평가정보,20171226,4160,4635,3745,4100,13667674,86294,1,5366,4463,2224,1699
A036120,SCI평가정보,20171222,4690,5290,3900,4050,14194578,83128,1,5926,4312,2174,1675
A036120,SCI평가정보,20171221,6560,6700,4740,4850,17254507,98094,1,6496,4164,2126,1651
A036120,SCI평가정보,20171220,6570,8420,6100,6580,24585308,100008,2,6588,3976,2064,1621
A036120,SCI평가정보,20171219,7930,8900,6780,7250,20395569,106508,2,6150,3700,1974,1576
A036120,SCI평가정보,20171218,6900,6900,6900,6900,0,142508,0,5376,3391,1872,1526
A036120,SCI평가정보,20171215,5590,6900,5300,6900,26100472,175508,0,4763,3101,1776,1479
A036120,SCI평가정보,20171214,5100,5700,4850,5310,34666286,175508,4,4287,2810,1681,1432
A036120,SCI평가정보,20171213,3525,4390,3050,4390,51232912,162688,0,4259,2599,1611,1398
A036120,SCI평가정보,20171212,3790,4030,3220,3380,19891794,86298,5,4427,2434,1557,1372
A036120,SCI평가정보,20171211,3670,4435,3220,3835,20452057,83049,6,4557,2320,1520,1354
A036120,SCI평가정보,20171208,5210,6100,4330,4520,16771869,81856,8,4596,2183,1476,1333
A036120,SCI평가정보,20171207,6300,6790,4195,5170,27166284,95775,150,4312,2011,1421,1305
A036120,SCI평가정보,20171206,4720,5230,4710,5230,3365696,98427,0,3755,1806,1354,1272
A036120,SCI평가정보,20171205,4030,4030,4030,4030,0,105019,0,3076,1599,1286,1238
A036120,SCI평가정보,20171204,3355,4030,3350,4030,21417486,105019,0,2553,1452,1238,1214
A036120,SCI평가정보,20171201,3100,3100,2865,3100,19652223,259693,-12400,1965,1304,1190,1190
A036120,SCI평가정보,20171130,2385,2385,2385,2385,793543,482536,700,1562,1204,1158,1174
A036120,SCI평가정보,20171129,1835,1835,1835,1835,441718,482536,700,1303,1140,1138,1164
A036120,SCI평가정보,20171128,1260,1415,1260,1415,587091,482536,0,1147,1104,1126,1158
A036120,SCI평가정보,20171127,1095,1100,1080,1090,79745,483897,0,1079,1088,1122,1156
A036120,SCI평가정보,20171124,1100,1115,1080,1085,110195,477486,0,1080,1090,1122,1157
A036120,SCI평가정보,20171123,1035,1105,1035,1090,232274,466300,0,1079,1091,1122,1158
A036120,SCI평가정보,20171122,1070,1085,1050,1055,156423,459296,0,1079,1092,1123,1158
A036120,SCI평가정보,20171121,1095,1095,1055,1075,190195,450268,0,1087,1094,1123,1159
A036120,SCI평가정보,20171120,1080,1095,1080,1095,71292,453618,0,1091,1095,1124,1160
A036120,SCI평가정보,20171117,1080,1090,1070,1080,157184,442958,0,1091,1096,1124,1161
A036120,SCI평가정보,20171116,1085,1100,1075,1090,107293,437903,7000,1092,1096,1125,1162
A036120,SCI평가정보,20171115,1080,1100,1075,1095,51952,436339,-6,1089,1096,1125,1163
A036120,SCI평가정보,20171114,1105,1105,1075,1095,105169,436814,16,1086,1096,1126,1164
A036120,SCI평가정보,20171113,1095,1100,1075,1095,68614,440998,0,1085,1098,1126,1164
A036120,SCI평가정보,20171110,1090,1095,1070,1085,48684,436859,0,1082,1098,1127,1165
A036120,SCI평가정보,20171109,1085,1115,1070,1075,59463,441349,0,1085,1101,1129,1166
A036120,SCI평가정보,20171108,1095,1095,1060,1080,103255,440827,0,1090,1104,1130,1166
A036120,SCI평가정보,20171107,1090,1095,1070,1090,29257,442174,0,1094,1107,1132,1167
A036120,SCI평가정보,20171106,1105,1105,1070,1080,92778,443041,0,1099,1110,1133,1168
A036120,SCI평가정보,20171103,1105,1105,1085,1100,40923,447936,0,1106,1113,1135,1169
A036120,SCI평가정보,20171102,1105,1105,1075,1100,62766,450424,0,1107,1116,1136,1169
A036120,SCI평가정보,20171101,1115,1120,1090,1100,36328,445932,0,1108,1117,1138,1170
A036120,SCI평가정보,20171031,1110,1120,1100,1115,24146,446355,0,1109,1118,1140,1170
A036120,SCI평가정보,20171030,1115,1115,1100,1115,18940,449180,0,1106,1119,1141,1171
A036120,SCI평가정보,20171027,1110,1120,1090,1105,77236,445768,0,1103,1120,1142,1172
A036120,SCI평가정보,20171026,1105,1105,1085,1105,35883,429584,0,1101,1122,1144,1173
A036120,SCI평가정보,20171025,1095,1105,1070,1105,116890,428889,0,1097,1124,1146,1173
A036120,SCI평가정보,20171024,1100,1115,1075,1100,165853,428393,0,1096,1127,1148,1174
A036120,SCI평가정보,20171023,1115,1115,1075,1100,77662,424379,0,1100,1130,1150,1174
A036120,SCI평가정보,20171020,1085,1100,1075,1095,53194,426020,0,1103,1132,1152,1175
A036120,SCI평가정보,20171019,1100,1110,1070,1085,92899,426474,2000,1111,1136,1154,1176
A036120,SCI평가정보,20171018,1120,1120,1085,1100,141979,427882,-11700,1121,1139,1156,1177
A036120,SCI평가정보,20171017,1115,1125,1105,1120,101215,431118,-7531,1128,1142,1159,1177
A036120,SCI평가정보,20171016,1135,1135,1110,1115,80817,431619,1000,1133,1144,1160,1178
A036120,SCI평가정보,20171013,1140,1145,1120,1135,118140,434549,-12332,1139,1148,1163,1178
A036120,SCI평가정보,20171012,1140,1150,1130,1135,125614,443058,-5782,1143,1151,1164,1179
A036120,SCI평가정보,20171011,1145,1150,1130,1135,51124,445245,0,1141,1152,1166,1180
A036120,SCI평가정보,20171010,1150,1160,1135,1145,57962,447352,-492,1141,1153,1167,1180
A036120,SCI평가정보,20170929,1160,1170,1140,1145,53236,450346,-5587,1137,1152,1169,1181
A036120,SCI평가정보,20170928,1150,1170,1140,1155,55064,451569,0,1134,1153,1170,1181
A036120,SCI평가정보,20170927,1140,1155,1125,1125,48859,449649,-848,1131,1153,1172,1181
A036120,SCI평가정보,20170926,1090,1145,1090,1135,83854,445548,-2152,1138,1156,1173,1180
A036120,SCI평가정보,20170925,1115,1145,1105,1125,155150,445303,0,1143,1156,1174,1180
A036120,SCI평가정보,20170922,1165,1165,1105,1130,91934,455308,0,1150,1157,1175,1180
A036120,SCI평가정보,20170921,1165,1165,1130,1140,98991,462691,2000,1152,1157,1176,1179
A036120,SCI평가정보,20170920,1160,1180,1145,1160,90385,466764,0,1157,1155,1177,1179
A036120,SCI평가정보,20170919,1165,1190,1145,1160,63781,469094,0,1157,1152,1178,1179
A036120,SCI평가정보,20170918,1160,1205,1145,1160,60738,472425,0,1154,1149,1179,1178
A036120,SCI평가정보,20170915,1170,1170,1140,1140,60141,480146,0,1156,1146,1180,1177
A036120,SCI평가정보,20170914,1150,1165,1150,1165,34504,483649,0,1165,1145,1181,1177
A036120,SCI평가정보,20170913,1145,1170,1145,1160,64153,479368,0,1174,1143,1183,1176
A036120,SCI평가정보,20170912,1175,1195,1145,1145,91268,475753,0,1174,1141,1185,1176
A036120,SCI평가정보,20170911,1180,1205,1170,1170,65833,467566,0,1174,1140,1187,1177
A036120,SCI평가정보,20170908,1210,1220,1185,1185,73198,461162,0,1166,1138,1188,1178
A036120,SCI평가정보,20170907,1165,1220,1145,1210,223643,462210,0,1161,1136,1189,1179
A036120,SCI평가정보,20170906,1135,1245,1135,1160,605906,455075,0,1151,1134,1189,1180
A036120,SCI평가정보,20170905,1145,1150,1130,1145,34305,479857,0,1154,1134,1190,1181
A036120,SCI평가정보,20170904,1150,1150,1125,1130,45221,482480,1000,1155,1135,1190,1183
A036120,SCI평가정보,20170901,1165,1175,1150,1160,41104,483204,0,1156,1138,1190,1185
A036120,SCI평가정보,20170831,1155,1185,1145,1160,91658,483551,-3267,1150,1139,1190,1186
A036120,SCI평가정보,20170830,1150,1180,1140,1175,118321,490759,-5382,1139,1140,1190,1187
A036120,SCI평가정보,20170829,1120,1150,1110,1150,99955,501996,0,1124,1142,1190,1188
A036120,SCI평가정보,20170828,1130,1145,1120,1135,76472,503118,0,1112,1144,1191,1190
A036120,SCI평가정보,20170825,1100,1130,1100,1130,105541,507724,0,1107,1146,1191,1192
A036120,SCI평가정보,20170824,1115,1115,1085,1105,38836,507186,0,1105,1148,1192,1195
A036120,SCI평가정보,20170823,1100,1125,1060,1100,111565,506815,0,1107,1154,1193,1198
A036120,SCI평가정보,20170822,1115,1115,1075,1090,119379,513562,3249,1111,1160,1194,1201
A036120,SCI평가정보,20170821,1120,1120,1090,1110,46714,515466,0,1117,1168,1195,1204
A036120,SCI평가정보,20170818,1125,1125,1095,1120,57251,511751,0,1123,1174,1197,1207
A036120,SCI평가정보,20170817,1130,1130,1095,1115,38666,509545,0,1129,1179,1198,1211
A036120,SCI평가정보,20170816,1135,1135,1100,1120,54046,510072,0,1138,1184,1200,1215
A036120,SCI평가정보,20170814,1160,1160,1115,1120,34736,513256,3200,1147,1190,1201,1218
A036120,SCI평가정보,20170811,1160,1160,1105,1140,64899,521366,0,1156,1195,1202,1222
A036120,SCI평가정보,20170810,1175,1175,1130,1150,96169,529817,1600,1165,1199,1202,1226
A036120,SCI평가정보,20170809,1155,1170,1150,1160,82336,542455,0,1171,1204,1202,1230
A036120,SCI평가정보,20170808,1165,1185,1155,1165,65308,545393,0,1178,1208,1202,1235
A036120,SCI평가정보,20170807,1180,1190,1160,1165,79474,548696,0,1188,1211,1202,1240
A036120,SCI평가정보,20170804,1185,1185,1165,1185,45533,547589,0,1193,1214,1202,1245
A036120,SCI평가정보,20170803,1190,1195,1165,1180,103555,554879,0,1190,1217,1202,1248
A036120,SCI평가정보,20170802,1215,1215,1180,1195,200683,564980,800,1188,1219,1202,1250
A036120,SCI평가정보,20170801,1160,1275,1160,1215,632685,556474,-2000,1192,1222,1202,1253
A036120,SCI평가정보,20170731,1175,1200,1150,1190,117144,579783,0,1195,1220,1201,1255
A036120,SCI평가정보,20170728,1160,1230,1155,1170,556448,598475,0,1204,1220,1201,1258
A036120,SCI평가정보,20170727,1215,1215,1135,1170,423072,647383,1400,1217,1221,1201,1261
A036120,SCI평가정보,20170726,1230,1240,1200,1215,92758,618558,0,1229,1223,1202,1263
A036120,SCI평가정보,20170725,1240,1240,1225,1230,82185,621925,0,1230,1223,1202,1264
A036120,SCI평가정보,20170724,1245,1250,1215,1235,166905,617529,0,1228,1222,1201,1264
A036120,SCI평가정보,20170721,1225,1240,1220,1235,101308,596957,0,1226,1220,1200,1264
A036120,SCI평가정보,20170720,1235,1240,1220,1230,128147,587780,0,1225,1220,1199,1264
A036120,SCI평가정보,20170719,1225,1225,1205,1220,90329,572818,0,1228,1220,1198,1264
A036120,SCI평가정보,20170718,1235,1235,1210,1220,108839,567728,0,1230,1222,1198,1264
A036120,SCI평가정보,20170717,1230,1230,1215,1225,31283,568935,0,1232,1224,1197,1264
A036120,SCI평가정보,20170714,1245,1245,1225,1230,69493,570351,0,1233,1226,1196,1264
A036120,SCI평가정보,20170713,1230,1250,1215,1245,140652,575834,0,1235,1227,1195,1264
A036120,SCI평가정보,20170712,1230,1245,1215,1230,103092,570959,0,1232,1226,1194,1264
A036120,SCI평가정보,20170711,1225,1245,1210,1230,167123,564296,0,1236,1227,1194,1265
A036120,SCI평가정보,20170710,1255,1255,1220,1230,89386,560777,0,1226,1224,1193,1265
A036120,SCI평가정보,20170707,1230,1255,1215,1240,129409,561355,0,1218,1220,1193,1266
A036120,SCI평가정보,20170706,1250,1265,1220,1230,278216,552411,0,1208,1217,1194,1267
A036120,SCI평가정보,20170705,1180,1270,1170,1250,653046,546213,0,1203,1213,1192,1267
A036120,SCI평가정보,20170704,1180,1220,1170,1180,56541,545560,0,1196,1209,1189,1267
A036120,SCI평가정보,20170703,1185,1205,1175,1190,58218,550785,0,1202,1208,1188,1268
A036120,SCI평가정보,20170630,1220,1220,1145,1190,136486,542024,0,1205,1207,1187,1268
A036120,SCI평가정보,20170629,1230,1230,1195,1205,71761,538713,0,1212,1206,1185,1268
A036120,SCI평가정보,20170628,1225,1230,1205,1215,88348,538821,0,1216,1204,1183,1268
A036120,SCI평가정보,20170627,1230,1230,1200,1210,79260,526737,0,1224,1202,1181,1268
A036120,SCI평가정보,20170626,1250,1250,1200,1205,82732,514548,700,1236,1200,1179,1268
A036120,SCI평가정보,20170623,1225,1265,1220,1225,100140,522003,0,1248,1198,1177,1268
A036120,SCI평가정보,20170622,1255,1265,1225,1225,136492,505282,0,1252,1196,1175,1268
A036120,SCI평가정보,20170621,1270,1295,1250,1255,281039,492147,-136,1253,1195,1172,1268
A036120,SCI평가정보,20170620,1265,1330,1200,1270,1051233,509069,0,1252,1193,1169,1268
A036120,SCI평가정보,20170619,1260,1285,1235,1265,358121,557280,0,1232,1190,1168,1267
A036120,SCI평가정보,20170616,1240,1245,1225,1245,207708,585136,-621,1210,1185,1167,1267
A036120,SCI평가정보,20170615,1250,1250,1225,1230,245175,562918,0,1196,1180,1167,1266
A036120,SCI평가정보,20170614,1170,1275,1160,1250,1664845,547637,-6279,1181,1177,1169,1266
A036120,SCI평가정보,20170613,1160,1185,1150,1170,108682,467573,0,1163,1172,1170,1266
A036120,SCI평가정보,20170612,1165,1175,1150,1155,76835,456399,-3356,1163,1173,1173,1265
A036120,SCI평가정보,20170609,1155,1190,1150,1175,282775,460875,-43472,1166,1173,1177,1265
A036120,SCI평가정보,20170608,1155,1165,1145,1155,99844,472186,-3944,1166,1174,1180,1265
A036120,SCI평가정보,20170607,1170,1175,1150,1160,71564,491819,-1732,1167,1174,1182,1264
A036120,SCI평가정보,20170605,1170,1175,1160,1170,43970,503068,0,1171,1176,1184,1264
A036120,SCI평가정보,20170602,1165,1175,1160,1170,78299,502104,0,1169,1176,1186,1263
A036120,SCI평가정보,20170601,1160,1180,1160,1175,104389,494901,0,1169,1176,1190,1262
A036120,SCI평가정보,20170531,1180,1195,1155,1160,112777,487384,0,1171,1176,1193,1262
A036120,SCI평가정보,20170530,1165,1185,1155,1180,86915,485114,0,1179,1180,1198,1261
A036120,SCI평가정보,20170529,1170,1185,1155,1160,123069,467437,0,1187,1180,1202,1261
A036120,SCI평가정보,20170526,1200,1200,1170,1170,57990,461901,0,1196,1181,1207,1260
A036120,SCI평가정보,20170525,1215,1215,1175,1185,150588,462320,0,1194,1181,1212,1260
A036120,SCI평가정보,20170524,1215,1230,1185,1200,151801,465843,0,1189,1180,1218,1260
A036120,SCI평가정보,20170523,1225,1250,1210,1220,259399,474851,0,1181,1179,1224,1260
A036120,SCI평가정보,20170522,1160,1230,1160,1205,659504,478021,0,1169,1178,1230,1259
A036120,SCI평가정보,20170519,1145,1170,1145,1160,63132,456894,0,1163,1176,1236,1258
A036120,SCI평가정보,20170518,1155,1180,1140,1160,133733,455311,0,1164,1178,1242,1258
A036120,SCI평가정보,20170517,1155,1170,1150,1160,143808,442435,0,1168,1178,1249,1259
A036120,SCI평가정보,20170516,1165,1175,1155,1160,151725,429017,0,1171,1180,1258,1259
A036120,SCI평가정보,20170515,1170,1185,1165,1175,74335,439078,0,1175,1182,1268,1260
A036120,SCI평가정보,20170512,1175,1180,1165,1165,56905,436022,0,1175,1184,1278,1260
A036120,SCI평가정보,20170511,1175,1190,1165,1180,73518,437892,0,1175,1185,1287,1260
A036120,SCI평가정보,20170510,1190,1190,1165,1175,104332,430243,0,1178,1190,1293,1260
A036120,SCI평가정보,20170508,1180,1185,1165,1180,127328,417328,0,1187,1187,1298,1260
A036120,SCI평가정보,20170504,1155,1185,1150,1175,75672,401444,0,1188,1183,1303,1260
A036120,SCI평가정보,20170502,1190,1210,1165,1165,152450,386909,0,1191,1180,1309,1259
A036120,SCI평가정보,20170428,1220,1225,1185,1195,244274,417360,0,1191,1178,1315,1259
A036120,SCI평가정보,20170427,1180,1220,1175,1220,248566,464621,0,1187,1172,1320,1259
A036120,SCI평가정보,20170426,1210,1215,1175,1185,183497,459755,0,1178,1165,1323,1258
A036120,SCI평가정보,20170425,1185,1225,1165,1190,525547,484503,0,1179,1160,1326,1257
A036120,SCI평가정보,20170424,1190,1190,1160,1165,155064,454257,0,1176,1156,1327,1256
A036120,SCI평가정보,20170421,1170,1190,1150,1175,197490,473985,1,1180,1152,1328,1256
A036120,SCI평가정보,20170420,1200,1200,1155,1175,178636,474920,0,1177,1148,1328,1255
A036120,SCI평가정보,20170419,1185,1195,1145,1190,246948,492527,1,1183,1142,1330,1255
A036120,SCI평가정보,20170418,1200,1200,1120,1175,218809,462950,0,1186,1136,1330,1255
A036120,SCI평가정보,20170417,1160,1190,1160,1185,155839,443282,0,1192,1138,1331,1255
A036120,SCI평가정보,20170414,1200,1200,1145,1160,335800,426585,0,1195,1138,1332,1256
A036120,SCI평가정보,20170413,1235,1235,1185,1205,563925,441991,2,1218,1143,1334,1256
A036120,SCI평가정보,20170412,1205,1265,1180,1205,884526,476253,0,1199,1149,1334,1256
A036120,SCI평가정보,20170411,1210,1230,1165,1205,985116,509589,0,1180,1155,1336,1257
A036120,SCI평가정보,20170410,1240,1250,1180,1200,1370523,572430,0,1163,1163,1337,1257
A036120,SCI평가정보,20170407,1120,1385,1115,1275,11147861,641350,1,1144,1172,1339,1258
A036120,SCI평가정보,20170406,1110,1125,1095,1110,137811,642685,0,1107,1177,1340,1258
A036120,SCI평가정보,20170405,1135,1135,1100,1110,221052,651044,0,1099,1186,1343,1259
A036120,SCI평가정보,20170404,1110,1150,1080,1120,553450,652731,-2142,1097,1194,1346,1261
A036120,SCI평가정보,20170403,1100,1105,1060,1105,228837,692016,0,1093,1203,1348,1262
A036120,SCI평가정보,20170331,1065,1100,1055,1090,267881,669986,0,1089,1217,1350,1264
A036120,SCI평가정보,20170330,1095,1095,1045,1070,274715,651691,0,1090,1231,1352,1266
A036120,SCI평가정보,20170329,1100,1130,1090,1100,254478,636452,0,1087,1248,1354,1269
A036120,SCI평가정보,20170328,1080,1135,1050,1100,540041,673872,0,1082,1267,1355,1271
A036120,SCI평가정보,20170327,1105,1165,1045,1085,1031369,651148,-2,1103,1284,1357,1274
A036120,SCI평가정보,20170324,1065,1105,1030,1095,363353,768320,1,1124,1304,1359,1277
A036120,SCI평가정보,20170323,1070,1080,1025,1055,572987,774342,0,1158,1324,1361,1280
A036120,SCI평가정보,20170322,1200,1215,1065,1075,1488531,748081,0,1212,1350,1364,1282
A036120,SCI평가정보,20170321,1190,1220,1170,1205,364037,713858,0,1261,1376,1366,1285
A036120,SCI평가정보,20170320,1265,1280,1175,1190,743648,691865,0,1293,1394,1366,1287
A036120,SCI평가정보,20170317,1345,1350,1265,1265,303821,657915,-2,1332,1411,1366,1289
A036120,SCI평가정보,20170316,1320,1345,1300,1325,183375,649284,0,1354,1427,1366,1290
A036120,SCI평가정보,20170315,1360,1380,1300,1320,293013,623279,0,1344,1445,1363,1291
A036120,SCI평가정보,20170314,1385,1385,1340,1365,244576,629064,0,1335,1467,1361,1292
A036120,SCI평가정보,20170313,1400,1440,1360,1385,585340,617996,1,1322,1487,1358,1296
A036120,SCI평가정보,20170310,1275,1480,1215,1375,1547087,653716,1,1322,1504,1353,1299
A036120,SCI평가정보,20170309,1280,1300,1250,1275,283187,759142,0,1323,1512,1349,1301
A036120,SCI평가정보,20170308,1315,1315,1250,1275,484846,724862,0,1350,1522,1346,1304
A036120,SCI평가정보,20170307,1385,1420,1280,1300,967677,694085,-891,1391,1533,1343,1306
A036120,SCI평가정보,20170306,1410,1430,1345,1385,117501,619630,0,1417,1544,1340,1309
A036120,SCI평가정보,20170303,1400,1460,1375,1380,272698,587798,0,1437,1551,1335,1311
A036120,SCI평가정보,20170302,1460,1475,1400,1410,283110,576972,1078,1461,1557,1330,1313
A036120,SCI평가정보,20170228,1480,1485,1410,1480,403034,589046,0,1492,1557,1325,1315
A036120,SCI평가정보,20170227,1455,1485,1375,1430,402134,656704,0,1516,1550,1319,1316
A036120,SCI평가정보,20170224,1480,1530,1445,1485,542614,591173,-20644,1542,1542,1314,1317
A036120,SCI평가정보,20170223,1535,1595,1500,1500,347395,589021,0,1552,1528,1308,1317
A036120,SCI평가정보,20170222,1615,1615,1535,1565,346467,544478,0,1571,1513,1302,1318
A036120,SCI평가정보,20170221,1540,1655,1520,1600,994267,541021,0,1595,1497,1296,1318
A036120,SCI평가정보,20170220,1540,1670,1530,1560,1028659,555467,0,1627,1479,1288,1317
A036120,SCI평가정보,20170217,1560,1580,1485,1535,949030,612524,0,1667,1463,1280,1317
A036120,SCI평가정보,20170216,1675,1675,1540,1595,1530602,620762,0,1705,1449,1275,1317
A036120,SCI평가정보,20170215,1795,1795,1680,1685,1076193,575167,0,1694,1430,1268,1317
A036120,SCI평가정보,20170214,1785,1840,1670,1760,1317700,612897,0,1649,1408,1260,1316
A036120,SCI평가정보,20170213,1725,1880,1690,1760,3019373,537590,0,1597,1384,1252,1316
A036120,SCI평가정보,20170210,1510,1805,1495,1725,8562043,548751,0,1550,1361,1243,1316
A036120,SCI평가정보,20170209,1480,1600,1430,1540,1229871,543751,-2263,1511,1341,1234,1316
A036120,SCI평가정보,20170208,1545,1545,1430,1460,705196,573861,-11368,1503,1330,1227,1316
A036120,SCI평가정보,20170207,1525,1535,1405,1500,611169,549912,0,1493,1322,1222,1318
A036120,SCI평가정보,20170206,1555,1650,1455,1525,1905736,529444,0,1461,1311,1216,1319
A036120,SCI평가정보,20170203,1510,1585,1470,1530,1650022,541004,0,1411,1298,1210,1320
A036120,SCI평가정보,20170202,1450,1685,1400,1500,4558110,496896,0,1345,1282,1203,1321
A036120,SCI평가정보,20170201,1375,1435,1325,1410,1212080,505921,0,1283,1266,1197,1321
A036120,SCI평가정보,20170131,1345,1420,1305,1340,1454447,486883,0,1251,1256,1192,1322
A036120,SCI평가정보,20170126,1225,1275,1170,1275,62735,529355,275,1230,1248,1188,1324
A036120,SCI평가정보,20170125,1215,1230,1185,1200,43114,528970,813,1224,1244,1185,1326
A036120,SCI평가정보,20170124,1260,1270,1160,1190,108891,534944,0,1234,1245,1183,1329
A036120,SCI평가정보,20170123,1285,1320,1245,1250,161424,536707,29483,1242,1246,1181,1332
A036120,SCI평가정보,20170120,1245,1265,1215,1235,60939,556761,0,1240,1245,1180,1335
A036120,SCI평가정보,20170119,1250,1265,1225,1245,27791,559097,0,1250,1243,1180,1337
A036120,SCI평가정보,20170118,1250,1270,1220,1250,47884,563944,11866,1258,1242,1179,1340
A036120,SCI평가정보,20170117,1260,1260,1210,1230,69065,562797,9918,1273,1240,1178,1343
A036120,SCI평가정보,20170116,1260,1305,1235,1240,92068,561487,10118,1290,1239,1178,1347
A036120,SCI평가정보,20170113,1320,1320,1265,1285,102688,565240,-2596,1304,1236,1178,1351
A036120,SCI평가정보,20170112,1330,1340,1280,1285,139083,558085,0,1302,1232,1178,1354
A036120,SCI평가정보,20170111,1320,1350,1305,1325,177042,562660,0,1300,1226,1177,1356
A036120,SCI평가정보,20170110,1310,1325,1285,1315,153893,569524,8280,1275,1215,1177,1358
A036120,SCI평가정보,20170109,1270,1385,1255,1310,889865,571877,-1,1251,1206,1176,1360
A036120,SCI평가정보,20170106,1280,1285,1240,1275,167541,587177,0,1228,1196,1176,1362
A036120,SCI평가정보,20170105,1205,1385,1200,1275,1095436,576995,1,1212,1187,1176,1364
A036120,SCI평가정보,20170104,1200,1200,1185,1200,38865,587815,0,1196,1177,1177,1366
A036120,SCI평가정보,20170103,1210,1210,1175,1195,48846,583194,0,1199,1172,1178,1368
A036120,SCI평가정보,20170102,1205,1210,1185,1195,26914,578227,1068,1203,1166,1180,1371
A036120,SCI평가정보,20161229,1195,1195,1160,1195,52530,516229,0,1207,1162,1184,1373
A036120,SCI평가정보,20161228,1225,1225,1175,1195,61976,520351,1637,1209,1158,1188,1375
A036120,SCI평가정보,20161227,1220,1230,1190,1215,51552,522117,0,1214,1155,1191,1376
A036120,SCI평가정보,20161226,1230,1230,1205,1215,61129,518856,-4995,1213,1152,1194,1377
A036120,SCI평가정보,20161223,1195,1235,1195,1215,55053,520583,0,1212,1148,1198,1378
A036120,SCI평가정보,20161222,1230,1235,1185,1205,62300,620517,1270,1207,1145,1201,1379
A036120,SCI평가정보,20161221,1225,1230,1190,1220,116597,616646,0,1204,1140,1204,1381
A036120,SCI평가정보,20161220,1210,1225,1190,1210,73585,613359,5920,1192,1136,1208,1382
A036120,SCI평가정보,20161219,1190,1210,1170,1210,57443,612992,0,1174,1136,1211,1382
A036120,SCI평가정보,20161216,1200,1200,1125,1190,81658,606698,0,1157,1135,1215,1383
A036120,SCI평가정보,20161215,1170,1190,1160,1190,54647,603272,0,1140,1136,1218,1384
A036120,SCI평가정보,20161214,1125,1170,1120,1160,98433,601040,0,1122,1139,1223,1385
A036120,SCI평가정보,20161213,1125,1140,1115,1120,73631,584073,0,1107,1142,1235,1387
A036120,SCI평가정보,20161212,1100,1130,1100,1125,70163,575402,0,1100,1144,1244,1389
A036120,SCI평가정보,20161209,1100,1125,1080,1105,74107,564244,0,1092,1147,1253,1390
A036120,SCI평가정보,20161208,1090,1100,1080,1100,52760,551568,0,1094,1149,1261,1392
A036120,SCI평가정보,20161207,1085,1095,1075,1085,48006,544136,0,1099,1152,1269,1394
A036120,SCI평가정보,20161206,1075,1110,1050,1085,150547,543250,0,1106,1153,1278,1397
A036120,SCI평가정보,20161205,1100,1110,1065,1085,52394,526158,0,1119,1157,1287,1399
A036120,SCI평가정보,20161202,1125,1130,1080,1115,42409,533301,0,1129,1160,1296,1402
A036120,SCI평가정보,20161201,1105,1140,1105,1125,46273,532830,0,1138,1159,1304,1405
A036120,SCI평가정보,20161130,1135,1150,1110,1120,54424,529990,0,1137,1157,1312,1408
A036120,SCI평가정보,20161129,1135,1160,1120,1150,48966,532494,0,1141,1155,1320,1411
A036120,SCI평가정보,20161128,1165,1165,1135,1135,57560,529401,0,1150,1153,1326,1414
A036120,SCI평가정보,20161125,1095,1165,1095,1160,66241,533606,0,1162,1150,1334,1416
A036120,SCI평가정보,20161124,1115,1140,1080,1120,60040,519820,0,1173,1152,1341,1419
A036120,SCI평가정보,20161123,1200,1200,1115,1140,105789,505847,0,1197,1156,1347,1422
A036120,SCI평가정보,20161122,1195,1220,1165,1195,104029,517808,0,1212,1159,1354,1425
A036120,SCI평가정보,20161121,1215,1215,1175,1195,86530,517538,0,1209,1160,1360,1427
A036120,SCI평가정보,20161118,1245,1260,1200,1215,170965,520357,0,1204,1161,1366,1430
A036120,SCI평가정보,20161117,1220,1250,1195,1240,184679,546250,0,1190,1162,1372,1433
A036120,SCI평가정보,20161116,1195,1215,1185,1215,122475,550172,0,1173,1163,1380,1435
A036120,SCI평가정보,20161115,1175,1185,1155,1180,89888,535181,0,1153,1165,1390,1436
A036120,SCI평가정보,20161114,1140,1170,1140,1170,76077,533809,1245,1150,1171,1399,1439
A036120,SCI평가정보,20161111,1155,1170,1100,1145,149980,510712,0,1143,1176,1406,1441
A036120,SCI평가정보,20161110,1130,1155,1115,1155,84765,496455,912,1136,1183,1414,1443
A036120,SCI평가정보,20161109,1160,1175,1050,1115,310330,494656,11178,1122,1190,1422,1445
A036120,SCI평가정보,20161108,1145,1170,1140,1165,77842,493963,0,1115,1200,1431,1447
A036120,SCI평가정보,20161107,1110,1140,1110,1135,138638,486396,0,1104,1206,1439,1449
A036120,SCI평가정보,20161104,1060,1135,1060,1110,120519,463838,-2,1092,1216,1446,1451
A036120,SCI평가정보,20161103,986,1110,986,1085,244208,447187,0,1107,1230,1452,1453
A036120,SCI평가정보,20161102,1100,1125,1050,1080,145616,382492,1,1130,1247,1460,1455
A036120,SCI평가정보,20161101,1075,1130,1065,1110,187408,344800,2,1155,1264,1467,1458
A036120,SCI평가정보,20161031,1185,1185,1075,1075,330364,266670,2146,1176,1279,1475,1461
A036120,SCI평가정보,20161028,1200,1205,1180,1185,80068,232950,4997,1206,1296,1483,1463
A036120,SCI평가정보,20161027,1190,1215,1185,1200,124705,244945,0,1216,1306,1489,1465
A036120,SCI평가정보,20161026,1215,1230,1180,1205,192746,224431,0,1228,1317,1495,1467
A036120,SCI평가정보,20161025,1220,1260,1205,1215,108351,206815,0,1237,1328,1500,1469
A036120,SCI평가정보,20161024,1235,1250,1215,1225,55796,195987,6220,1254,1338,1508,1471
A036120,SCI평가정보,20161021,1260,1260,1225,1235,83051,196944,0,1264,1348,1516,1473
A036120,SCI평가정보,20161020,1255,1275,1240,1260,95992,205090,0,1272,1356,1523,1475
A036120,SCI평가정보,20161019,1300,1300,1245,1250,222520,196263,0,1281,1368,1530,1477
A036120,SCI평가정보,20161018,1270,1305,1235,1300,254732,194664,0,1291,1399,1535,1479
A036120,SCI평가정보,20161017,1290,1295,1250,1275,139530,189733,0,1289,1418,1540,1480
A036120,SCI평가정보,20161014,1310,1315,1250,1275,265454,180323,0,1302,1436,1545,1481
A036120,SCI평가정보,20161013,1300,1310,1280,1305,140209,207599,0,1324,1452,1549,1483
A036120,SCI평가정보,20161012,1290,1330,1270,1300,177184,199566,0,1348,1466,1552,1484
A036120,SCI평가정보,20161011,1340,1345,1260,1290,597780,189449,0,1372,1482,1555,1485
A036120,SCI평가정보,20161010,1385,1385,1325,1340,392023,115116,0,1396,1498,1559,1486
A036120,SCI평가정보,20161007,1425,1425,1385,1385,216835,85422,0,1413,1513,1561,1487
A036120,SCI평가정보,20161006,1425,1430,1405,1425,297745,84253,0,1414,1524,1562,1488
A036120,SCI평가정보,20161005,1415,1430,1400,1420,299494,85550,0,1412,1533,1562,1488
A036120,SCI평가정보,20161004,1440,1450,1405,1410,610569,70806,0,1413,1540,1560,1488
A036120,SCI평가정보,20160930,1385,1455,1360,1425,1171656,75218,0,1413,1548,1559,1488
A036120,SCI평가정보,20160929,1415,1415,1385,1390,429293,74091,0,1413,1554,1558,1488
A036120,SCI평가정보,20160928,1430,1435,1405,1415,346011,70814,0,1415,1565,1558,1489
A036120,SCI평가정보,20160927,1400,1440,1400,1425,474098,70835,0,1430,1570,1557,1490
A036120,SCI평가정보,20160926,1430,1435,1395,1410,651342,77406,0,1520,1575,1555,1490
A036120,SCI평가정보,20160923,1415,1465,1395,1425,1156945,94446,0,1572,1582,1553,1492
A036120,SCI평가정보,20160922,1495,1495,1370,1400,2670307,118727,0,1616,1588,1551,1492
A036120,SCI평가정보,20160921,1840,1885,1465,1490,8218673,229027,0,1657,1598,1549,1493
A036120,SCI평가정보,20160920,1670,1875,1670,1875,2539596,379828,0,1672,1610,1547,1493
A036120,SCI평가정보,20160919,1660,1675,1630,1670,302844,241587,0,1621,1604,1539,1489
A036120,SCI평가정보,20160913,1620,1655,1590,1645,355666,231086,0,1613,1607,1533,1487
A036120,SCI평가정보,20160912,1520,1720,1500,1605,701128,250231,0,1610,1604,1528,1485
A036120,SCI평가정보,20160909,1625,1630,1550,1565,224226,276671,0,1611,1606,1523,1484
A036120,SCI평가정보,20160908,1630,1680,1590,1620,396999,275669,0,1617,1610,1520,1483
A036120,SCI평가정보,20160907,1645,1645,1585,1630,275721,302414,0,1605,1612,1516,1482
A036120,SCI평가정보,20160906,1620,1655,1600,1630,244520,323263,0,1592,1612,1511,1481
A036120,SCI평가정보,20160905,1600,1645,1580,1610,193372,355777,0,1578,1608,1507,1478
A036120,SCI평가정보,20160902,1560,1595,1535,1595,148222,371635,0,1577,1603,1505,1474
A036120,SCI평가정보,20160901,1565,1630,1550,1560,232003,346365,0,1559,1599,1503,1471
A036120,SCI평가정보,20160831,1585,1585,1515,1565,192959,382300,0,1554,1598,1502,1468
A036120,SCI평가정보,20160830,1640,1640,1555,1560,255288,394771,0,1552,1598,1500,1464
A036120,SCI평가정보,20160829,1515,1675,1490,1605,663602,393227,0,1550,1597,1499,1461
A036120,SCI평가정보,20160826,1565,1565,1500,1505,286816,408412,0,1549,1596,1497,1458
A036120,SCI평가정보,20160825,1590,1590,1510,1535,159429,426824,0,1593,1598,1497,1455
A036120,SCI평가정보,20160824,1550,1595,1540,1555,255955,439356,0,1638,1597,1496,1452
A036120,SCI평가정보,20160823,1580,1620,1530,1550,352098,449213,0,1672,1604,1495,1448
A036120,SCI평가정보,20160822,1710,1740,1555,1600,611350,448786,0,1679,1610,1495,1444
A036120,SCI평가정보,20160819,1755,1765,1690,1725,801077,471171,0,1685,1615,1493,1440
A036120,SCI평가정보,20160818,1755,1830,1695,1760,1585576,465704,0,1671,1611,1489,1435
A036120,SCI평가정보,20160817,1560,1980,1550,1725,4314840,472020,0,1651,1602,1483,1429
A036120,SCI평가정보,20160816,1645,1655,1580,1585,179288,462474,0,1630,1594,1479,1423
A036120,SCI평가정보,20160812,1690,1690,1615,1630,136533,459746,10,1623,1594,1476,1419
A036120,SCI평가정보,20160811,1675,1675,1610,1655,141829,493856,28,1601,1588,1472,1415
A036120,SCI평가정보,20160810,1620,1680,1600,1660,400473,520068,960,1573,1580,1468,1410
A036120,SCI평가정보,20160809,1560,1655,1550,1620,540416,497172,5873,1551,1572,1463,1404
A036120,SCI평가정보,20160808,1495,1565,1465,1550,169815,519412,32571,1536,1567,1459,1400
A036120,SCI평가정보,20160805,1505,1550,1480,1520,83876,501732,0,1537,1564,1456,1395
A036120,SCI평가정보,20160804,1555,1570,1515,1515,108624,505440,0,1549,1558,1453,1391
A036120,SCI평가정보,20160803,1580,1580,1530,1550,201977,515673,0,1553,1554,1451,1387
A036120,SCI평가정보,20160802,1550,1555,1515,1545,156791,537448,0,1549,1543,1449,1384
A036120,SCI평가정보,20160801,1570,1580,1500,1555,172723,530896,0,1576,1533,1447,1382
A036120,SCI평가정보,20160729,1570,1585,1445,1580,700176,548985,0,1603,1524,1444,1378
A036120,SCI평가정보,20160728,1555,1585,1530,1535,303723,518381,0,1626,1513,1442,1375
A036120,SCI평가정보,20160727,1735,1860,1530,1530,1645406,509399,0,1647,1503,1440,1372
A036120,SCI평가정보,20160726,1690,1715,1625,1680,212226,553191,0,1658,1494,1438,1369
A036120,SCI평가정보,20160725,1710,1720,1640,1690,333738,545673,0,1636,1474,1434,1366
A036120,SCI평가정보,20160722,1635,1720,1605,1695,583383,556033,0,1613,1454,1430,1364
A036120,SCI평가정보,20160721,1620,1670,1585,1640,799812,563717,0,1578,1434,1427,1361
A036120,SCI평가정보,20160720,1600,1600,1540,1585,258392,546258,0,1545,1420,1424,1359
A036120,SCI평가정보,20160719,1600,1620,1540,1570,390825,540474,0,1529,1409,1423,1358
A036120,SCI평가정보,20160718,1520,1580,1495,1575,573201,557141,0,1519,1398,1421,1356
A036120,SCI평가정보,20160715,1475,1540,1450,1520,373010,543250,0,1501,1386,1418,1354
A036120,SCI평가정보,20160714,1505,1505,1440,1475,250873,559328,0,1480,1376,1417,1353
A036120,SCI평가정보,20160713,1525,1525,1485,1505,198625,543963,0,1469,1370,1416,1353
A036120,SCI평가정보,20160712,1495,1520,1470,1520,468926,549689,0,1435,1364,1414,1353
A036120,SCI평가정보,20160711,1465,1525,1445,1485,617242,536235,0,1402,1355,1412,1353
A036120,SCI평가정보,20160708,1420,1455,1405,1415,107269,532177,0,1377,1350,1412,1353
A036120,SCI평가정보,20160707,1335,1455,1335,1420,347186,537273,0,1367,1354,1414,1353
A036120,SCI평가정보,20160706,1365,1365,1305,1335,126970,523946,0,1352,1356,1414,1354
A036120,SCI평가정보,20160705,1375,1375,1340,1355,116792,522178,0,1353,1364,1415,1356
A036120,SCI평가정보,20160704,1350,1415,1340,1360,217399,506387,0,1340,1371,1416,1358
A036120,SCI평가정보,20160701,1370,1375,1340,1365,82145,502625,0,1324,1376,1418,1360
A036120,SCI평가정보,20160630,1340,1375,1325,1345,155733,488244,0,1309,1382,1419,1362
A036120,SCI평가정보,20160629,1290,1345,1290,1340,124195,462612,0,1316,1389,1422,1365
A036120,SCI평가정보,20160628,1270,1295,1250,1290,69641,453656,0,1320,1396,1426,1368
A036120,SCI평가정보,20160627,1215,1295,1215,1280,186986,443442,0,1331,1406,1430,1371
A036120,SCI평가정보,20160624,1395,1395,1235,1290,336268,435602,0,1340,1420,1434,1375
A036120,SCI평가정보,20160623,1360,1470,1355,1380,495035,436915,0,1346,1430,1438,1378
A036120,SCI평가정보,20160622,1355,1380,1320,1360,80433,461896,0,1342,1436,1438,1382
A036120,SCI평가정보,20160621,1350,1350,1295,1345,190384,468477,0,1346,1438,1440,1385
A036120,SCI평가정보,20160620,1305,1340,1290,1325,104211,465996,0,1348,1444,1440,1389
A036120,SCI평가정보,20160617,1300,1355,1280,1320,299198,457033,0,1361,1448,1442,1393
A036120,SCI평가정보,20160616,1375,1395,1335,1360,214147,441340,0,1395,1452,1445,1396
A036120,SCI평가정보,20160615,1395,1395,1345,1380,91375,449470,0,1416,1456,1446,1399
A036120,SCI평가정보,20160614,1420,1420,1340,1355,249526,456652,0,1437,1454,1448,1401
A036120,SCI평가정보,20160613,1490,1500,1390,1390,487987,474162,0,1464,1454,1450,1402
A036120,SCI평가정보,20160610,1485,1510,1465,1490,244074,508347,0,1481,1453,1449,1404
A036120,SCI평가정보,20160609,1465,1495,1465,1465,171519,500115,0,1478,1448,1443,1405
A036120,SCI평가정보,20160608,1500,1510,1470,1485,198352,509317,0,1483,1444,1438,1406
A036120,SCI평가정보,20160607,1495,1520,1475,1490,167568,522015,0,1482,1440,1433,1407
A036120,SCI평가정보,20160603,1475,1490,1460,1475,172833,516271,0,1482,1436,1428,1409
A036120,SCI평가정보,20160602,1525,1525,1445,1475,238176,514166,0,1496,1431,1423,1410
A036120,SCI평가정보,20160601,1480,1510,1455,1490,157265,526461,0,1501,1430,1419,1412
A036120,SCI평가정보,20160531,1470,1485,1440,1480,284226,520249,0,1503,1426,1414,1413
A036120,SCI평가정보,20160530,1540,1565,1490,1490,265023,496367,0,1489,1424,1409,1415
A036120,SCI평가정보,20160527,1500,1545,1480,1545,500234,520548,0,1480,1422,1402,1418
A036120,SCI평가정보,20160526,1550,1560,1460,1500,680369,514424,0,1453,1418,1394,1419
A036120,SCI평가정보,20160525,1435,1510,1405,1500,715428,525341,0,1436,1418,1387,1421
A036120,SCI평가정보,20160524,1480,1480,1405,1410,303371,538990,0,1422,1416,1380,1423
A036120,SCI평가정보,20160523,1485,1520,1430,1445,575671,552330,0,1409,1420,1374,1425
A036120,SCI평가정보,20160520,1365,1415,1365,1410,276419,591386,0,1389,1421,1368,1428
A036120,SCI평가정보,20160519,1435,1435,1380,1415,214500,588620,0,1381,1421,1363,1430
A036120,SCI평가정보,20160518,1375,1530,1345,1430,1497964,576065,0,1376,1422,1357,1432
A036120,SCI평가정보,20160517,1365,1400,1315,1345,369941,621446,0,1366,1422,1351,1433
A036120,SCI평가정보,20160516,1370,1390,1340,1345,164668,614756,0,1380,1425,1346,1435
A036120,SCI평가정보,20160513,1355,1405,1350,1370,170203,602629,0,1392,1428,1340,1438
A036120,SCI평가정보,20160512,1400,1400,1350,1390,101768,586993,0,1395,1434,1334,1439
A036120,SCI평가정보,20160511,1420,1435,1370,1380,196962,597882,0,1409,1440,1328,1441
A036120,SCI평가정보,20160510,1405,1425,1385,1415,143719,593059,0,1413,1442,1324,1442
A036120,SCI평가정보,20160509,1385,1435,1380,1405,88939,591561,0,1418,1440,1320,1444
A036120,SCI평가정보,20160504,1425,1450,1385,1385,122633,585947,0,1427,1442,1317,1445
A036120,SCI평가정보,20160503,1420,1460,1395,1460,92238,581662,0,1442,1446,1313,1447
A036120,SCI평가정보,20160502,1410,1460,1390,1400,196844,563886,0,1449,1446,1309,1449
A036120,SCI평가정보,20160429,1450,1455,1410,1440,85557,538028,0,1464,1452,1304,1452
A036120,SCI평가정보,20160428,1440,1465,1415,1450,147838,542778,0,1475,1456,1300,1454
A036120,SCI평가정보,20160427,1500,1500,1395,1460,304485,518978,0,1477,1461,1299,1456
A036120,SCI평가정보,20160426,1480,1530,1470,1495,183561,485385,0,1467,1464,1298,1457
A036120,SCI평가정보,20160425,1530,1540,1460,1475,156590,490041,0,1456,1465,1296,1460
A036120,SCI평가정보,20160422,1470,1545,1445,1495,358119,507799,0,1443,1463,1294,1462
A036120,SCI평가정보,20160421,1410,1460,1410,1460,105131,537711,0,1426,1460,1292,1465
A036120,SCI평가정보,20160420,1440,1460,1400,1410,194315,519553,0,1414,1456,1291,1467
A036120,SCI평가정보,20160419,1410,1455,1410,1440,150088,504990,0,1432,1458,1290,1470
A036120,SCI평가정보,20160418,1440,1440,1380,1410,75035,492877,0,1444,1459,1290,1473
A036120,SCI평가정보,20160415,1415,1480,1385,1410,304276,512725,0,1448,1461,1291,1476
A036120,SCI평가정보,20160414,1370,1460,1235,1400,492282,487271,0,1443,1465,1292,1479
A036120,SCI평가정보,20160412,1500,1510,1465,1500,189170,465150,0,1452,1469,1294,1483
A036120,SCI평가정보,20160411,1425,1520,1425,1500,355969,484797,0,1442,1459,1294,1486
A036120,SCI평가정보,20160408,1395,1435,1345,1430,241359,519046,0,1434,1443,1293,1489
A036120,SCI평가정보,20160407,1455,1460,1355,1385,272692,491328,0,1451,1430,1294,1492
A036120,SCI평가정보,20160406,1450,1455,1405,1445,302603,478233,0,1481,1420,1297,1496
A036120,SCI평가정보,20160405,1485,1485,1430,1450,176718,485250,0,1500,1406,1299,1500
A036120,SCI평가정보,20160404,1490,1505,1420,1460,492529,456301,0,1514,1393,1301,1503
A036120,SCI평가정보,20160401,1505,1585,1470,1515,437218,425796,0,1527,1380,1304,1507
A036120,SCI평가정보,20160331,1540,1580,1525,1535,362370,425547,0,1510,1364,1307,1512
A036120,SCI평가정보,20160330,1540,1550,1505,1540,452185,442043,0,1492,1346,1310,1516
A036120,SCI평가정보,20160329,1540,1580,1495,1520,732173,426450,0,1459,1323,1312,1518
A036120,SCI평가정보,20160328,1550,1690,1465,1525,4484337,433116,0,1443,1300,1315,1517
A036120,SCI평가정보,20160325,1510,1570,1355,1430,1323815,521402,0,1432,1278,1319,1516
A036120,SCI평가정보,20160324,1420,1500,1400,1445,462532,579944,0,1435,1260,1325,1516
A036120,SCI평가정보,20160323,1405,1450,1360,1375,311188,584395,0,1445,1242,1331,1515
A036120,SCI평가정보,20160322,1465,1500,1405,1440,229256,566194,0,1466,1227,1338,1514
A036120,SCI평가정보,20160321,1415,1475,1400,1470,274323,590744,0,1438,1210,1344,1513
A036120,SCI평가정보,20160318,1560,1560,1425,1445,565517,585328,0,1378,1190,1348,1513
A036120,SCI평가정보,20160317,1505,1525,1440,1495,779847,619284,0,1324,1170,1352,1512
A036120,SCI평가정보,20160316,1340,1620,1315,1480,3877796,659196,0,1260,1147,1353,1509
A036120,SCI평가정보,20160315,1180,1410,1180,1300,2207978,735507,0,1200,1125,1355,1507
A036120,SCI평가정보,20160314,1180,1180,1155,1170,49631,793062,0,1178,1110,1360,1506
A036120,SCI평가정보,20160311,1185,1190,1155,1175,84601,788226,0,1183,1101,1367,1506
A036120,SCI평가정보,20160310,1190,1190,1160,1175,102735,787842,0,1187,1099,1374,1506
A036120,SCI평가정보,20160309,1185,1185,1155,1180,88262,791332,0,1189,1100,1381,1506
A036120,SCI평가정보,20160308,1215,1215,1165,1190,99673,789558,0,1166,1101,1389,1506
A036120,SCI평가정보,20160307,1215,1215,1165,1195,196778,797613,0,1141,1101,1397,1506
A036120,SCI평가정보,20160304,1200,1205,1150,1195,247776,813061,0,1119,1100,1405,1506
A036120,SCI평가정보,20160303,1080,1350,1055,1185,2603472,803108,0,1096,1098,1412,1506
A036120,SCI평가정보,20160302,1090,1090,1065,1065,115323,831206,0,1074,1098,1422,1508
A036120,SCI평가정보,20160229,1090,1090,1060,1065,67860,829329,0,1076,1113,1434,1509
A036120,SCI평가정보,20160226,1070,1090,1060,1085,73891,833519,0,1082,1129,1445,1510
A036120,SCI평가정보,20160225,1075,1095,1070,1080,66014,830442,0,1078,1144,1455,1510
A036120,SCI평가정보,20160224,1060,1095,1060,1075,35211,832005,0,1074,1160,1466,1510
A036120,SCI평가정보,20160223,1120,1120,1070,1075,48737,834286,0,1065,1175,1477,1511
A036120,SCI평가정보,20160222,1065,1095,1045,1095,109886,845872,0,1057,1190,1487,1511
A036120,SCI평가정보,20160219,1085,1085,1040,1065,77263,836303,0,1040,1203,1497,1511
A036120,SCI평가정보,20160218,1065,1065,1035,1060,93440,828542,0,1026,1222,1507,1511
A036120,SCI평가정보,20160217,1040,1075,1025,1030,158157,799305,0,1038,1241,1516,1510
A036120,SCI평가정보,20160216,1050,1050,1010,1035,206418,784677,0,1073,1263,1525,1511
A036120,SCI평가정보,20160215,993,1025,987,1010,299177,761999,0,1105,1288,1535,1512
A036120,SCI평가정보,20160212,1120,1120,986,993,354777,730775,0,1140,1313,1544,1514
A036120,SCI평가정보,20160211,1145,1170,1100,1120,177273,719274,0,1178,1335,1553,1516
A036120,SCI평가정보,20160205,1195,1240,1190,1205,102782,715575,0,1184,1355,1561,1517
A036120,SCI평가정보,20160204,1200,1200,1170,1195,90401,718597,0,1180,1370,1568,1517
A036120,SCI평가정보,20160203,1190,1225,1160,1185,142654,700343,0,1214,1390,1573,1519
A036120,SCI평가정보,20160202,1170,1210,1135,1185,201067,687896,0,1254,1410,1581,1521
A036120,SCI평가정보,20160201,1185,1195,1110,1150,374414,680530,0,1296,1432,1590,1521
A036120,SCI평가정보,20160129,1365,1390,1125,1185,1343378,651263,0,1343,1459,1600,1522
A036120,SCI평가정보,20160128,1385,1400,1365,1365,77394,639977,0,1382,1485,1608,1522
A036120,SCI평가정보,20160127,1395,1425,1365,1385,75070,640116,0,1384,1501,1613,1521
A036120,SCI평가정보,20160126,1385,1430,1360,1395,61246,643442,0,1377,1518,1617,1520
A036120,SCI평가정보,20160125,1400,1440,1385,1385,72156,634699,0,1387,1534,1624,1518
A036120,SCI평가정보,20160122,1435,1435,1365,1380,76748,617353,0,1398,1555,1630,1517
A036120,SCI평가정보,20160121,1340,1435,1340,1375,52415,611359,0,1419,1575,1637,1516
A036120,SCI평가정보,20160120,1445,1465,1305,1350,242440,604117,0,1448,1597,1644,1516
A036120,SCI평가정보,20160119,1430,1480,1430,1445,95804,585136,0,1482,1618,1651,1515
A036120,SCI평가정보,20160118,1485,1485,1430,1440,109587,573107,0,1480,1633,1655,1514
A036120,SCI평가정보,20160115,1520,1555,1470,1485,145688,575122,0,1494,1644,1661,1513
A036120,SCI평가정보,20160114,1515,1520,1470,1520,92316,593408,0,1499,1649,1667,1512
A036120,SCI평가정보,20160113,1460,1520,1435,1520,186050,585173,0,1512,1652,1672,1512
A036120,SCI평가정보,20160112,1510,1540,1420,1435,214881,532932,0,1529,1655,1678,1511
A036120,SCI평가정보,20160111,1550,1550,1495,1510,165087,504352,0,1567,1664,1685,1512
A036120,SCI평가정보,20160108,1550,1580,1490,1510,471951,502772,0,1602,1669,1690,1511
A036120,SCI평가정보,20160107,1605,1640,1560,1585,253629,453370,0,1639,1673,1696,1511
A036120,SCI평가정보,20160106,1625,1640,1570,1605,225142,441589,0,1660,1677,1701,1510
A036120,SCI평가정보,20160105,1640,1650,1595,1625,260382,425114,0,1682,1680,1705,1508
A036120,SCI평가정보,20160104,1695,1740,1640,1685,245789,428013,0,1704,1681,1710,1505
A036120,SCI평가정보,20151230,1725,1725,1670,1695,151620,411464,0,1726,1680,1717,1500
A036120,SCI평가정보,20151229,1730,1730,1650,1690,277502,413676,0,1744,1683,1722,1495
A036120,SCI평가정보,20151228,1730,1755,1685,1715,394856,409517,0,1769,1688,1724,1490
A036120,SCI평가정보,20151224,1770,1805,1695,1735,474583,466051,0,1781,1689,1719,1484
A036120,SCI평가정보,20151223,1800,1850,1650,1795,1689500,456368,0,1782,1687,1713,1479
A036120,SCI평가정보,20151222,1815,1825,1750,1785,473138,489107,0,1755,1682,1706,1474
A036120,SCI평가정보,20151221,1770,1820,1720,1815,343742,501247,0,1715,1680,1699,1469
A036120,SCI평가정보,20151218,1770,1795,1710,1775,583165,506413,0,1666,1675,1690,1464
A036120,SCI평가정보,20151217,1675,1750,1665,1740,522375,503999,0,1629,1670,1683,1459
A036120,SCI평가정보,20151216,1635,1660,1585,1660,271447,533547,0,1602,1666,1678,1454
A036120,SCI평가정보,20151215,1555,1610,1550,1585,162910,520104,0,1593,1662,1672,1450
A036120,SCI평가정보,20151214,1565,1600,1545,1570,178862,515624,-348,1595,1663,1666,1447
A036120,SCI평가정보,20151211,1635,1635,1570,1590,156584,528129,-8,1613,1665,1660,1443
A036120,SCI평가정보,20151210,1580,1655,1575,1605,252624,538600,-4,1626,1664,1653,1439
A036120,SCI평가정보,20151209,1590,1625,1565,1615,305113,559829,-16,1636,1661,1646,1435
A036120,SCI평가정보,20151208,1655,1675,1585,1595,502881,542665,0,1646,1659,1638,1431
A036120,SCI평가정보,20151207,1660,1680,1625,1660,188530,569216,-4,1677,1659,1631,1428
A036120,SCI평가정보,20151204,1685,1685,1605,1655,283588,576498,-2,1705,1654,1623,1423
A036120,SCI평가정보,20151203,1665,1680,1610,1655,296376,586935,0,1720,1654,1615,1419
A036120,SCI평가정보,20151202,1750,1770,1640,1665,639862,582308,0,1728,1657,1607,1416
A036120,SCI평가정보,20151201,1855,1855,1720,1750,447085,563347,0,1735,1660,1600,1412
A036120,SCI평가정보,20151130,1800,1890,1725,1800,1558021,586427,-119,1731,1658,1593,1409
A036120,SCI평가정보,20151127,1690,1755,1660,1730,273459,661023,0,1715,1649,1584,1405
A036120,SCI평가정보,20151126,1715,1715,1690,1695,169056,656152,0,1704,1645,1574,1402
A036120,SCI평가정보,20151125,1715,1735,1690,1700,236879,651917,0,1696,1650,1565,1399
A036120,SCI평가정보,20151124,1745,1750,1695,1730,237701,636457,0,1674,1651,1555,1396
A036120,SCI평가정보,20151123,1670,1740,1655,1720,360349,653016,0,1650,1655,1545,1393
A036120,SCI평가정보,20151120,1685,1745,1635,1675,396004,655013,0,1628,1660,1534,1389
A036120,SCI평가정보,20151119,1590,1660,1575,1655,285261,675003,0,1607,1664,1524,1386
A036120,SCI평가정보,20151118,1640,1640,1580,1590,135333,643658,0,1583,1668,1515,1383
A036120,SCI평가정보,20151117,1590,1685,1590,1610,305144,670800,0,1581,1678,1505,1380
A036120,SCI평가정보,20151116,1540,1690,1540,1610,485105,652673,0,1579,1688,1497,1376
A036120,SCI평가정보,20151113,1555,1580,1510,1570,217768,701531,0,1567,1700,1489,1373
A036120,SCI평가정보,20151112,1580,1600,1535,1535,227778,666076,-5,1585,1713,1483,1370
A036120,SCI평가정보,20151111,1525,1630,1525,1580,272434,647493,0,1622,1730,1478,1366
A036120,SCI평가정보,20151110,1525,1600,1525,1600,266993,611234,0,1649,1743,1473,1363
A036120,SCI평가정보,20151109,1660,1660,1550,1550,312390,545911,0,1671,1756,1467,1359
A036120,SCI평가정보,20151106,1700,1715,1625,1660,369559,496674,0,1686,1772,1464,1356
A036120,SCI평가정보,20151105,1715,1750,1675,1720,365257,493725,0,1684,1782,1460,1351
A036120,SCI평가정보,20151104,1725,1745,1650,1715,486931,452222,0,1699,1793,1452,1347
A036120,SCI평가정보,20151103,1620,1730,1505,1710,1319554,470783,0,1701,1810,1444,1343
A036120,SCI평가정보,20151102,1650,1675,1600,1625,303240,399537,-5,1720,1827,1436,1338
A036120,SCI평가정보,20151030,1755,1765,1580,1650,1420698,337956,0,1758,1835,1429,1334
A036120,SCI평가정보,20151029,1760,1800,1680,1795,521884,312174,0,1781,1822,1422,1331
A036120,SCI평가정보,20151028,1805,1810,1720,1725,475893,312260,0,1766,1802,1413,1326
A036120,SCI평가정보,20151027,1815,1825,1775,1805,313097,283982,0,1781,1786,1405,1321
A036120,SCI평가정보,20151026,1770,1840,1765,1815,526637,284129,0,1784,1762,1396,1316
A036120,SCI평가정보,20151023,1750,1775,1630,1765,817812,299458,0,1790,1735,1387,1311
A036120,SCI평가정보,20151022,1795,1800,1715,1720,734167,208617,0,1802,1716,1379,1306
A036120,SCI평가정보,20151021,1815,1850,1790,1800,565711,158146,0,1832,1700,1372,1301
A036120,SCI평가정보,20151020,1820,1890,1805,1820,715699,138167,0,1840,1675,1365,1296
A036120,SCI평가정보,20151019,1825,1910,1750,1845,1500983,96230,0,1847,1645,1358,1290
A036120,SCI평가정보,20151016,1855,1870,1790,1825,705785,153669,0,1854,1615,1351,1285
A036120,SCI평가정보,20151015,1800,1870,1730,1870,1554341,173531,0,1859,1582,1345,1279
A036120,SCI평가정보,20151014,1855,1930,1840,1840,1333185,20430,0,1876,1548,1338,1274
A036120,SCI평가정보,20151013,1850,1930,1835,1855,1264544,59784,0,1918,1514,1332,1269
A036120,SCI평가정보,20151012,1890,1910,1800,1880,1141754,101407,0,1957,1479,1326,1263
A036120,SCI평가정보,20151008,1905,1940,1790,1850,1877437,145715,0,1939,1444,1318,1257
A036120,SCI평가정보,20151007,1970,2000,1855,1955,3312300,72321,0,1845,1408,1310,1252
A036120,SCI평가정보,20151006,2000,2115,1900,2050,8499141,67195,43,1734,1372,1300,1246
A036120,SCI평가정보,20151005,2120,2325,1845,2050,24029851,123973,261,1604,1331,1283,1239
A036120,SCI평가정보,20151002,1455,1790,1455,1790,6398919,288550,0,1459,1295,1267,1233
A036120,SCI평가정보,20151001,1440,1440,1360,1380,318658,314345,0,1356,1268,1256,1229
A036120,SCI평가정보,20150930,1370,1470,1370,1400,728933,263718,0,1356,1256,1250,1229
A036120,SCI평가정보,20150925,1325,1430,1280,1400,617059,311586,0,1358,1242,1246,1229
A036120,SCI평가정보,20150924,1300,1340,1280,1325,374659,322467,0,1337,1228,1242,1228
A036120,SCI평가정보,20150923,1360,1380,1265,1275,918188,320735,0,1318,1217,1240,1228
A036120,SCI평가정보,20150922,1485,1485,1305,1380,1382519,329259,0,1310,1209,1238,1227
A036120,SCI평가정보,20150921,1300,1570,1300,1410,4965502,353513,0,1267,1194,1234,1226
A036120,SCI평가정보,20150918,1250,1330,1235,1295,715190,364279,206,1223,1176,1231,1225
A036120,SCI평가정보,20150917,1270,1310,1215,1230,626228,366643,0,1196,1163,1229,1224
A036120,SCI평가정보,20150916,1190,1340,1165,1235,611545,357925,0,1183,1157,1228,1224
A036120,SCI평가정보,20150915,1200,1200,1155,1165,214903,375019,0,1169,1151,1226,1224
A036120,SCI평가정보,20150914,1170,1230,1145,1190,282944,376091,0,1166,1154,1225,1225
A036120,SCI평가정보,20150911,1175,1185,1135,1160,170625,382049,0,1171,1157,1224,1226
A036120,SCI평가정보,20150910,1170,1175,1135,1165,93721,379249,0,1187,1162,1224,1227
A036120,SCI평가정보,20150909,1170,1180,1135,1165,156965,379291,0,1221,1168,1224,1227
A036120,SCI평가정보,20150908,1235,1235,1115,1150,358949,386701,0,1238,1176,1223,1227
A036120,SCI평가정보,20150907,1240,1240,1180,1215,340315,412068,0,1236,1189,1223,1226
A036120,SCI평가정보,20150904,1335,1380,1225,1240,719620,412196,0,1216,1191,1224,1224
A036120,SCI평가정보,20150903,1250,1480,1240,1335,2608564,417822,0,1191,1192,1225,1220
A036120,SCI평가정보,20150902,1100,1410,1095,1250,1551033,503849,0,1146,1186,1224,1216
A036120,SCI평가정보,20150901,1115,1170,1105,1140,313530,558768,0,1118,1184,1226,1213
A036120,SCI평가정보,20150831,1120,1130,1100,1115,151070,572884,0,1106,1188,1230,1211
A036120,SCI평가정보,20150828,1110,1150,1105,1115,192641,568900,0,1095,1195,1233,1209
A036120,SCI평가정보,20150827,1115,1170,1095,1110,198458,564075,0,1078,1202,1237,1207
A036120,SCI평가정보,20150826,1080,1110,1055,1110,188440,593753,0,1078,1209,1241,1205
A036120,SCI평가정보,20150825,1105,1105,1015,1080,134071,593484,0,1080,1218,1244,1203
A036120,SCI평가정보,20150824,972,1080,972,1060,177048,605152,0,1110,1227,1248,1201
A036120,SCI평가정보,20150821,1000,1080,998,1030,385131,596348,0,1146,1240,1251,1198
A036120,SCI평가정보,20150820,1070,1150,1070,1110,175083,582962,-2254,1194,1257,1254,1197
A036120,SCI평가정보,20150819,1170,1225,1055,1120,358807,578667,-23,1225,1271,1256,1194
A036120,SCI평가정보,20150818,1240,1270,1160,1230,325126,599980,0,1268,1286,1257,1192
A036120,SCI평가정보,20150817,1245,1260,1205,1240,270475,626135,0,1305,1298,1256,1188
A036120,SCI평가정보,20150813,1230,1300,1230,1270,237556,665280,0,1307,1310,1254,1185
A036120,SCI평가정보,20150812,1335,1365,1200,1265,441438,661180,0,1303,1321,1252,1181
A036120,SCI평가정보,20150811,1450,1450,1325,1335,621088,703007,0,1297,1330,1250,1178
A036120,SCI평가정보,20150810,1280,1445,1250,1415,1659064,749693,0,1272,1335,1248,1173
A036120,SCI평가정보,20150807,1225,1275,1225,1250,171337,822466,0,1230,1333,1243,1168
A036120,SCI평가정보,20150806,1215,1285,1215,1250,197728,834969,0,1232,1338,1242,1165
A036120,SCI평가정보,20150805,1220,1235,1185,1235,134883,862243,0,1235,1327,1241,1162
A036120,SCI평가정보,20150804,1195,1230,1170,1210,116303,837822,0,1235,1320,1240,1159
A036120,SCI평가정보,20150803,1235,1240,1190,1205,215672,813075,0,1251,1314,1240,1155
A036120,SCI평가정보,20150731,1295,1295,1220,1260,169768,808082,0,1264,1307,1239,1153
A036120,SCI평가정보,20150730,1235,1290,1230,1265,218435,830394,0,1277,1300,1238,1150
A036120,SCI평가정보,20150729,1270,1335,1225,1235,256613,848231,0,1296,1296,1236,1147
A036120,SCI평가정보,20150728,1230,1300,1150,1290,538917,903429,0,1328,1293,1235,1144
A036120,SCI평가정보,20150727,1350,1350,1240,1270,383913,881919,0,1352,1287,1234,1141
A036120,SCI평가정보,20150724,1360,1360,1300,1325,387869,857983,0,1391,1282,1233,1138
A036120,SCI평가정보,20150723,1420,1420,1320,1360,551304,825283,0,1424,1275,1230,1135
A036120,SCI평가정보,20150722,1450,1450,1375,1395,378632,772733,0,1449,1266,1227,1130
A036120,SCI평가정보,20150721,1475,1475,1360,1410,793871,735199,0,1460,1255,1223,1124
A036120,SCI평가정보,20150720,1535,1535,1450,1465,704990,665041,0,1464,1240,1219,1118
A036120,SCI평가정보,20150717,1490,1560,1450,1490,1650995,658006,0,1447,1223,1214,1112
A036120,SCI평가정보,20150716,1500,1585,1430,1485,3359531,655691,0,1418,1205,1210,1105
A036120,SCI평가정보,20150715,1435,1500,1395,1450,1971658,720823,0,1328,1188,1205,1099
A036120,SCI평가정보,20150714,1435,1515,1365,1430,2216230,666099,0,1255,1174,1201,1092
A036120,SCI평가정보,20150713,1435,1625,1330,1380,7919901,631949,0,1188,1159,1197,1087
A036120,SCI평가정보,20150710,1100,1345,1100,1345,990117,600544,0,1126,1147,1193,1081
A036120,SCI평가정보,20150709,1020,1070,1000,1035,299550,604568,0,1083,1143,1191,1075
A036120,SCI평가정보,20150708,1080,1105,1040,1085,216850,600509,0,1110,1155,1196,1072
A036120,SCI평가정보,20150707,1055,1095,1035,1095,621255,608144,0,1129,1167,1199,1068
A036120,SCI평가정보,20150706,1140,1145,1065,1070,200031,605029,0,1143,1180,1203,1064
A036120,SCI평가정보,20150703,1170,1170,1110,1130,306942,625349,0,1162,1194,1207,1061
A036120,SCI평가정보,20150702,1180,1195,1150,1170,131440,619329,0,1176,1204,1211,1056
A036120,SCI평가정보,20150701,1190,1210,1160,1180,165939,617393,0,1177,1214,1214,1052
A036120,SCI평가정보,20150630,1140,1180,1130,1165,153800,604310,0,1175,1222,1216,1047
A036120,SCI평가정보,20150629,1170,1200,1155,1165,144168,594345,0,1166,1227,1216,1042
A036120,SCI평가정보,20150626,1175,1230,1145,1200,247389,610825,0,1158,1234,1218,1038
A036120,SCI평가정보,20150625,1180,1180,1140,1175,177717,629177,-749,1143,1238,1219,1033
A036120,SCI평가정보,20150624,1100,1175,1095,1170,263802,626061,749,1139,1240,1220,1028
A036120,SCI평가정보,20150623,1125,1155,1075,1120,551666,610016,0,1135,1240,1221,1023
A036120,SCI평가정보,20150622,1135,1150,1100,1125,256301,617915,0,1139,1244,1223,1019
A036120,SCI평가정보,20150619,1185,1190,1105,1125,347080,570160,0,1143,1247,1225,1015
A036120,SCI평가정보,20150618,1150,1160,1040,1155,723234,585708,0,1170,1248,1227,1010
A036120,SCI평가정보,20150617,1135,1185,1095,1150,248531,579032,0,1195,1247,1230,1006
A036120,SCI평가정보,20150616,1150,1165,1070,1140,515997,597574,0,1228,1248,1230,1001
A036120,SCI평가정보,20150615,1230,1260,1125,1145,561958,559744,-1,1272,1249,1230,997
A036120,SCI평가정보,20150612,1280,1330,1245,1260,212653,518390,0,1313,1249,1229,992
A036120,SCI평가정보,20150611,1305,1310,1265,1280,184859,493105,0,1327,1244,1223,987
A036120,SCI평가정보,20150610,1360,1380,1310,1315,242304,459023,0,1345,1240,1216,981
A036120,SCI평가정보,20150609,1350,1380,1300,1360,274335,460309,0,1348,1233,1208,975
A036120,SCI평가정보,20150608,1355,1355,1280,1350,302929,471142,0,1332,1225,1200,969
A036120,SCI평가정보,20150605,1330,1365,1320,1330,242164,426719,0,1321,1217,1192,963
A036120,SCI평가정보,20150604,1300,1395,1300,1370,475876,439189,0,1313,1210,1184,957
A036120,SCI평가정보,20150603,1275,1380,1275,1330,577208,443867,0,1283,1198,1176,951
A036120,SCI평가정보,20150602,1295,1395,1250,1280,801121,445451,0,1251,1192,1169,946
A036120,SCI평가정보,20150601,1290,1320,1215,1295,501003,455287,0,1235,1189,1162,940
A036120,SCI평가정보,20150529,1230,1305,1195,1290,613554,466329,0,1212,1183,1154,935
A036120,SCI평가정보,20150528,1180,1220,1140,1220,205884,478279,0,1182,1176,1146,929
A036120,SCI평가정보,20150527,1230,1230,1130,1170,207388,468722,0,1166,1174,1139,925
A036120,SCI평가정보,20150526,1200,1215,1175,1200,230827,482883,0,1164,1174,1133,920
A036120,SCI평가정보,20150522,1140,1240,1140,1180,614727,478324,0,1158,1172,1127,916
A036120,SCI평가정보,20150521,1150,1155,1080,1140,351444,507840,0,1150,1172,1121,911
A036120,SCI평가정보,20150520,1165,1170,1130,1140,202830,456121,0,1155,1177,1116,907
A036120,SCI평가정보,20150519,1170,1170,1140,1160,197620,447110,-769,1168,1180,1110,902
A036120,SCI평가정보,20150518,1160,1170,1100,1170,240930,441434,769,1169,1181,1105,898
A036120,SCI평가정보,20150515,1165,1180,1135,1140,255779,439109,0,1175,1182,1099,893
A036120,SCI평가정보,20150514,1210,1210,1155,1165,235194,411236,0,1185,1184,1094,889
A036120,SCI평가정보,20150513,1185,1215,1145,1205,161066,414256,0,1188,1187,1089,884
A036120,SCI평가정보,20150512,1205,1210,1150,1165,152073,397957,0,1175,1191,1083,879
A036120,SCI평가정보,20150511,1190,1225,1180,1200,159162,372838,0,1182,1197,1077,875
A036120,SCI평가정보,20150508,1175,1205,1130,1190,201543,373225,0,1187,1203,1071,870
A036120,SCI평가정보,20150507,1125,1180,1125,1180,155541,326920,0,1186,1211,1066,865
A036120,SCI평가정보,20150506,1225,1225,1100,1140,472165,333762,-2276,1181,1221,1061,861
A036120,SCI평가정보,20150504,1230,1245,1150,1200,336320,364255,0,1187,1229,1058,856
A036120,SCI평가정보,20150430,1210,1330,1190,1225,1270964,394527,0,1179,1234,1053,851
A036120,SCI평가정보,20150429,1160,1230,1155,1185,511822,480655,0,1166,1232,1048,846
A036120,SCI평가정보,20150428,1185,1210,1155,1155,317272,492247,0,1166,1236,1044,841
A036120,SCI평가정보,20150427,1185,1190,1130,1170,296331,481109,0,1185,1242,1039,837
A036120,SCI평가정보,20150424,1175,1200,1125,1160,449003,425927,0,1190,1246,1033,833
A036120,SCI평가정보,20150423,1200,1210,1145,1160,301586,359550,0,1195,1248,1025,829
A036120,SCI평가정보,20150422,1290,1290,1125,1185,677886,357683,0,1199,1253,1018,825
A036120,SCI평가정보,20150421,1240,1275,1200,1250,739219,352828,0,1199,1257,1009,820
A036120,SCI평가정보,20150420,1195,1235,1145,1195,424256,334763,0,1194,1257,1000,815
A036120,SCI평가정보,20150417,1185,1230,1175,1185,600601,301874,0,1212,1263,992,810
A036120,SCI평가정보,20150416,1185,1205,1125,1180,682194,330444,0,1232,1262,984,804
A036120,SCI평가정보,20150415,1250,1250,1155,1185,1245932,222053,0,1261,1260,977,799
A036120,SCI평가정보,20150414,1290,1325,1200,1225,939946,89990,0,1292,1254,968,794
A036120,SCI평가정보,20150413,1320,1330,1265,1285,472439,83213,0,1323,1238,959,789
A036120,SCI평가정보,20150410,1350,1365,1275,1285,722400,81321,0,1326,1217,948,783
A036120,SCI평가정보,20150409,1325,1390,1300,1325,809420,77397,0,1328,1195,937,777
A036120,SCI평가정보,20150408,1360,1400,1285,1340,1158773,63064,0,1304,1172,926,771
A036120,SCI평가정보,20150407,1320,1420,1230,1380,914409,80884,0,1285,1148,914,765
A036120,SCI평가정보,20150406,1295,1365,1250,1300,777175,92019,0,1267,1122,901,758
A036120,SCI평가정보,20150403,1225,1295,1180,1295,842387,143458,0,1257,1103,890,752
A036120,SCI평가정보,20150402,1220,1235,1170,1205,683841,138779,0,1238,1081,879,746
A036120,SCI평가정보,20150401,1270,1320,1215,1245,470415,74097,0,1249,1064,869,741
A036120,SCI평가정보,20150331,1250,1390,1230,1290,1037589,65182,0,1253,1042,858,736
A036120,SCI평가정보,20150330,1200,1275,1170,1250,582768,139707,0,1244,1018,846,730
A036120,SCI평가정보,20150327,1225,1245,1160,1200,884699,165242,0,1258,996,836,725
A036120,SCI평가정보,20150326,1295,1355,1185,1260,1641004,103655,0,1248,977,826,721
A036120,SCI평가정보,20150325,1245,1390,1230,1265,1709812,85391,0,1225,955,815,715
A036120,SCI평가정보,20150324,1400,1430,1220,1245,2620663,62456,0,1184,933,804,710
A036120,SCI평가정보,20150323,1130,1320,1075,1320,3760454,219811,0,1120,913,793,705
A036120,SCI평가정보,20150320,1125,1175,1100,1150,1599112,306804,0,1028,887,781,700
A036120,SCI평가정보,20150319,1080,1200,1030,1145,5764619,308049,0,968,871,772,695
A036120,SCI평가정보,20150318,925,1060,909,1060,4349601,421472,0,909,855,763,691
A036120,SCI평가정보,20150317,870,968,852,924,1613253,427277,0,869,844,756,688
A036120,SCI평가정보,20150316,850,861,834,860,382106,447887,0,857,841,750,685
A036120,SCI평가정보,20150313,868,868,833,849,333555,434350,0,868,840,746,683
A036120,SCI평가정보,20150312,854,867,846,852,349321,450299,0,871,840,742,681
A036120,SCI평가정보,20150311,863,863,843,858,381793,437015,0,871,838,738,680
A036120,SCI평가정보,20150310,914,930,863,868,609624,425025,0,864,840,735,678
A036120,SCI평가정보,20150309,855,961,843,914,2093032,467436,0,851,841,731,676
A036120,SCI평가정보,20150306,845,885,831,865,827216,499073,0,832,843,726,674
A036120,SCI평가정보,20150305,825,860,810,851,1034085,528065,0,823,845,722,672
A036120,SCI평가정보,20150304,801,821,787,820,391169,542155,0,815,848,719,670
A036120,SCI평가정보,20150303,823,823,802,805,273780,516347,0,817,853,716,668
A036120,SCI평가정보,20150302,816,835,812,819,179908,530959,0,823,858,713,667
A036120,SCI평가정보,20150227,809,835,805,818,160974,537873,0,821,856,710,665
A036120,SCI평가정보,20150226,839,839,801,813,137692,519998,0,823,849,708,664
A036120,SCI평가정보,20150225,850,853,831,832,131341,503107,0,825,845,705,663
A036120,SCI평가정보,20150224,804,869,804,835,587268,493562,0,827,837,701,661
A036120,SCI평가정보,20150223,830,830,799,808,185908,475100,0,833,829,697,659
A036120,SCI평가정보,20150217,821,828,790,826,314570,480258,0,839,825,694,658
A036120,SCI평가정보,20150216,850,859,809,825,262628,444981,0,842,820,691,657
A036120,SCI평가정보,20150213,872,880,827,839,213702,399001,0,842,815,687,655
A036120,SCI평가정보,20150212,833,868,826,867,326045,405754,0,854,807,684,654
A036120,SCI평가정보,20150211,826,845,806,838,579661,403566,450,858,798,680,653
A036120,SCI평가정보,20150210,843,843,803,843,461521,352402,0,878,788,676,651
A036120,SCI평가정보,20150209,880,894,800,823,920434,300809,0,892,776,673,650
A036120,SCI평가정보,20150206,879,903,866,900,756874,164631,0,911,767,669,648
A036120,SCI평가정보,20150205,944,956,876,887,1536881,94159,0,915,754,665,646
A036120,SCI평가정보,20150204,905,953,905,938,1246172,96979,0,917,741,660,645
A036120,SCI평가정보,20150203,924,944,891,910,2262177,40815,0,886,726,654,643
A036120,SCI평가정보,20150202,924,966,877,921,3716404,17436,0,841,710,649,641
A036120,SCI평가정보,20150130,900,936,861,918,4884507,1000,0,800,694,644,639
A036120,SCI평가정보,20150129,900,900,837,900,3747274,39137,0,753,678,639,637
A036120,SCI평가정보,20150128,682,783,679,783,2399754,52684,0,709,663,635,635
A036120,SCI평가정보,20150127,720,720,681,681,743802,117672,543,696,654,633,634
A036120,SCI평가정보,20150126,694,722,686,718,1080718,98927,0,704,651,633,634
A036120,SCI평가정보,20150123,661,690,661,682,886495,122216,678,706,645,632,635
A036120,SCI평가정보,20150122,730,730,647,679,1519801,80539,-1,706,641,631,635
A036120,SCI평가정보,20150121,718,722,686,719,1027989,77046,0,706,637,630,635
A036120,SCI평가정보,20150120,730,785,713,722,1883298,77324,0,690,631,627,635
A036120,SCI평가정보,20150119,683,757,681,730,2727181,58149,-912,669,626,625,635
A036120,SCI평가정보,20150116,670,699,663,680,519573,52265,0,649,620,622,634
A036120,SCI평가정보,20150115,636,715,629,680,1510262,51591,0,641,616,621,634
A036120,SCI평가정보,20150114,621,658,621,636,579773,49601,651,631,612,619,634
A036120,SCI평가정보,20150113,630,637,620,620,163367,48609,1756,631,610,618,635
A036120,SCI평가정보,20150112,644,649,629,629,310096,50463,3,628,610,617,635
A036120,SCI평가정보,20150109,623,655,621,641,437051,58587,0,621,610,617,636
A036120,SCI평가정보,20150108,646,646,624,627,317643,57180,0,613,610,616,637
A036120,SCI평가정보,20150107,629,691,616,640,1879373,44322,0,608,610,615,637
A036120,SCI평가정보,20150106,603,609,594,602,109908,58308,0,601,610,614,638
A036120,SCI평가정보,20150105,601,606,589,597,32875,22723,0,601,612,614,639
A036120,SCI평가정보,20150102,600,611,591,601,34864,24980,0,602,614,614,640
A036120,SCI평가정보,20141230,600,604,597,600,44372,28659,-190,603,616,614,641
A036120,SCI평가정보,20141229,609,609,597,605,35314,31443,-16,605,618,615,642
A036120,SCI평가정보,20141226,595,610,585,604,88463,45292,-293,604,620,615,643
A036120,SCI평가정보,20141224,607,607,595,598,68735,41478,-143,604,623,615,644
A036120,SCI평가정보,20141223,609,617,598,607,43350,42902,0,607,625,616,644
A036120,SCI평가정보,20141222,601,618,599,609,11257,47299,0,607,626,617,645
A036120,SCI평가정보,20141219,604,615,596,600,40028,46506,-153,605,626,617,646
A036120,SCI평가정보,20141218,613,619,594,606,155551,45905,0,605,626,618,646
A036120,SCI평가정보,20141217,610,633,600,613,137683,48408,-809,606,627,618,647
A036120,SCI평가정보,20141216,608,615,592,606,31971,66128,-158,610,627,619,647
A036120,SCI평가정보,20141215,601,612,586,600,93755,63467,-132,616,628,619,648
A036120,SCI평가정보,20141212,610,618,595,600,157041,61143,-67,624,629,620,648
A036120,SCI평가정보,20141211,632,637,605,610,112313,70291,0,631,631,620,649
A036120,SCI평가정보,20141210,640,640,614,634,117076,72483,-638,636,632,621,650
A036120,SCI평가정보,20141209,640,644,616,637,100260,64391,0,637,632,621,650
A036120,SCI평가정보,20141208,645,655,625,640,98541,68006,0,639,630,621,651
A036120,SCI평가정보,20141205,641,641,625,633,103803,57061,0,638,629,621,651
A036120,SCI평가정보,20141204,642,644,631,638,47887,52014,0,641,627,621,652
A036120,SCI평가정보,20141203,650,656,639,639,123875,49524,0,646,626,621,652
A036120,SCI평가정보,20141202,670,671,642,647,275013,42634,0,645,624,621,653
A036120,SCI평가정보,20141201,642,654,625,634,172322,55033,0,642,623,621,653
A036120,SCI평가정보,20141128,659,675,635,645,172367,62615,0,635,624,621,652
A036120,SCI평가정보,20141127,642,680,638,665,614999,43964,0,628,625,621,652
A036120,SCI평가정보,20141126,627,690,622,636,622690,62057,0,620,624,620,652
A036120,SCI평가정보,20141125,598,628,598,628,116514,63404,0,617,626,620,653
A036120,SCI평가정보,20141124,593,624,593,603,74635,66755,0,615,628,621,653
A036120,SCI평가정보,20141121,620,639,609,610,38525,66099,0,618,626,622,654
A036120,SCI평가정보,20141120,623,628,607,624,65070,65890,0,623,624,622,655
A036120,SCI평가정보,20141119,620,631,608,618,101990,75387,0,625,621,623,656
A036120,SCI평가정보,20141118,611,634,611,619,62879,73586,0,627,619,624,657
A036120,SCI평가정보,20141117,640,649,605,620,61781,74591,0,625,618,624,659
A036120,SCI평가정보,20141114,635,644,611,634,89873,80985,0,623,616,626,660
A036120,SCI평가정보,20141113,632,644,618,634,93167,102073,0,618,613,626,660
A036120,SCI평가정보,20141112,610,642,610,630,99760,104828,0,611,611,626,660
A036120,SCI평가정보,20141111,615,615,602,609,51968,103029,108,608,608,627,660
A036120,SCI평가정보,20141110,608,626,602,609,70671,97833,0,611,607,628,660
A036120,SCI평가정보,20141107,603,637,583,607,77318,87922,0,620,605,629,660
A036120,SCI평가정보,20141106,618,629,580,602,109706,83399,0,630,604,631,660
A036120,SCI평가정보,20141105,622,629,607,615,79293,95180,0,640,604,633,661
A036120,SCI평가정보,20141104,654,662,608,622,178453,97515,0,652,604,634,661
A036120,SCI평가정보,20141103,648,684,645,654,347223,84402,0,659,604,635,661
A036120,SCI평가정보,20141031,655,700,647,655,359369,84402,0,642,601,635,660
A036120,SCI평가정보,20141030,683,683,637,652,480521,101246,-479,626,600,635,660
A036120,SCI평가정보,20141029,680,734,663,677,1986576,60551,2000,609,599,636,660
A036120,SCI평가정보,20141028,571,656,560,656,1864759,73924,0,590,597,638,659
A036120,SCI평가정보,20141027,571,590,566,571,19313,78433,0,577,598,639,659
A036120,SCI평가정보,20141024,574,593,570,572,109819,79274,0,580,600,641,660
A036120,SCI평가정보,20141023,583,592,571,571,35140,79176,0,580,603,643,660
A036120,SCI평가정보,20141022,580,592,576,579,68497,79863,0,582,606,645,661
A036120,SCI평가정보,20141021,583,592,580,590,28693,77567,0,583,609,646,661
A036120,SCI평가정보,20141020,565,590,565,587,41631,77892,0,580,612,648,662
A036120,SCI평가정보,20141017,579,590,572,575,33965,71605,0,578,614,650,663
A036120,SCI평가정보,20141016,586,586,574,579,36251,71303,0,581,617,652,664
A036120,SCI평가정보,20141015,588,589,580,582,46623,71863,0,586,620,653,665
A036120,SCI평가정보,20141014,560,587,560,579,72736,69002,0,591,623,655,666
A036120,SCI평가정보,20141013,588,604,560,576,97955,61486,0,598,626,658,666
A036120,SCI평가정보,20141010,609,609,583,590,70907,74893,0,605,629,660,667
A036120,SCI평가정보,20141008,600,610,600,605,57777,72976,0,612,631,662,668
A036120,SCI평가정보,20141007,615,621,601,607,68063,69755,0,618,633,664,669
A036120,SCI평가정보,20141006,602,617,599,613,117169,69186,0,625,634,666,670
A036120,SCI평가정보,20141002,620,624,606,612,81537,58998,0,636,636,668,670
A036120,SCI평가정보,20141001,639,639,615,625,110131,56900,0,638,636,670,671
A036120,SCI평가정보,20140930,654,654,626,633,40355,74610,0,639,637,671,671
A036120,SCI평가정보,20140929,658,658,631,643,127236,79972,0,638,637,672,672
A036120,SCI평가정보,20140926,629,665,619,665,96898,99009,0,637,638,673,672
A036120,SCI평가정보,20140925,638,638,620,625,78615,102166,0,634,637,673,672
A036120,SCI평가정보,20140924,630,665,613,631,128574,101820,0,635,638,674,673
A036120,SCI평가정보,20140923,640,640,626,626,90570,87695,0,636,640,675,674
A036120,SCI평가정보,20140922,640,652,637,639,44345,82793,0,639,641,675,674
A036120,SCI평가정보,20140919,632,650,631,649,205295,86029,0,639,642,676,675
A036120,SCI평가정보,20140918,636,648,630,631,178022,72951,0,636,643,676,676
A036120,SCI평가정보,20140917,635,641,629,635,81032,68415,0,638,646,677,677
A036120,SCI평가정보,20140916,650,650,635,639,66518,72150,0,638,648,678,677
A036120,SCI평가정보,20140915,638,670,637,640,99937,69034,0,636,649,679,677
A036120,SCI평가정보,20140912,647,648,634,636,61663,79448,0,637,650,680,677
A036120,SCI평가정보,20140911,639,645,636,638,77199,87536,0,637,652,681,677
A036120,SCI평가정보,20140905,637,642,627,636,90863,76542,0,634,654,681,677
A036120,SCI평가정보,20140904,650,652,610,628,221893,75129,411,635,657,682,677
A036120,SCI평가정보,20140903,638,653,620,646,256010,69342,0,637,662,684,678
A036120,SCI평가정보,20140902,625,637,618,635,140690,59281,0,637,663,684,678
A036120,SCI평가정보,20140901,640,648,618,625,174034,44436,0,640,665,684,679
A036120,SCI평가정보,20140829,650,656,636,639,67276,47283,0,646,667,684,680
A036120,SCI평가정보,20140828,659,659,640,641,101244,61506,0,651,669,684,680
A036120,SCI평가정보,20140827,640,660,640,647,123748,58191,0,654,672,684,681
A036120,SCI평가정보,20140826,655,685,557,650,319281,43532,0,656,680,685,681
A036120,SCI평가정보,20140825,656,667,638,655,368567,18175,0,660,682,686,681
A036120,SCI평가정보,20140822,660,669,652,661,115367,37649,0,668,684,687,681
A036120,SCI평가정보,20140821,660,669,653,655,139781,25125,0,668,685,688,682
A036120,SCI평가정보,20140820,668,674,659,659,180609,11953,0,668,686,689,683
A036120,SCI평가정보,20140819,695,695,662,668,218812,13566,0,669,688,691,683
A036120,SCI평가정보,20140818,665,705,665,697,385617,45625,0,670,689,694,684
A036120,SCI평가정보,20140814,650,664,650,660,99359,49243,0,667,689,694,685
A036120,SCI평가정보,20140813,666,666,654,656,174184,20003,0,675,690,694,687
A036120,SCI평가정보,20140812,668,674,660,665,223181,4712,0,690,692,693,689
A036120,SCI평가정보,20140811,680,680,665,673,295506,4443,0,690,693,693,691
A036120,SCI평가정보,20140808,700,700,670,681,476870,11919,0,690,695,692,692
A036120,SCI평가정보,20140807,728,728,686,700,967616,14136,0,688,696,691,692
A036120,SCI평가정보,20140806,666,751,666,731,2628848,19428,0,682,697,690,691
A036120,SCI평가정보,20140805,674,675,651,664,252014,6624,0,678,697,688,690
A036120,SCI평가정보,20140804,670,683,661,675,454026,15847,0,705,701,688,689
A036120,SCI평가정보,20140801,638,685,635,670,568386,25440,0,708,704,686,687
A036120,SCI평가정보,20140731,718,718,670,670,1126712,17942,0,712,706,686,686
A036120,SCI평가정보,20140730,828,838,712,713,6296803,23008,0,714,707,685,686
A036120,SCI평가정보,20140729,748,796,720,796,3606420,70342,0,709,706,684,684
A036120,SCI평가정보,20140728,692,700,673,693,216291,81453,0,688,701,681,682
A036120,SCI평가정보,20140725,680,690,671,690,121903,88621,0,688,700,680,681
A036120,SCI평가정보,20140724,690,690,678,680,98017,93327,0,687,700,679,679
A036120,SCI평가정보,20140723,700,700,686,686,97013,101994,0,687,699,678,678
A036120,SCI평가정보,20140722,682,698,682,693,77606,103104,0,689,698,677,677
A036120,SCI평가정보,20140721,691,698,684,691,56947,99947,0,690,697,677,675
A036120,SCI평가정보,20140718,669,699,665,684,191954,88085,503,693,696,676,675
A036120,SCI평가정보,20140717,708,708,677,683,181171,84064,0,698,696,676,673
A036120,SCI평가정보,20140716,705,705,672,694,168707,80965,0,702,696,676,672
A036120,SCI평가정보,20140715,699,707,695,700,182954,95315,0,710,696,676,671
A036120,SCI평가정보,20140714,709,715,701,704,152483,82619,0,719,696,676,670
A036120,SCI평가정보,20140711,693,714,692,708,166953,75077,0,726,695,675,668
A036120,SCI평가정보,20140710,725,730,706,706,248020,63333,0,727,694,675,667
A036120,SCI평가정보,20140709,756,756,730,731,278685,38573,0,724,693,675,666
A036120,SCI평가정보,20140708,747,747,725,746,349483,62256,0,716,692,674,664
A036120,SCI평가정보,20140707,720,740,700,740,651785,37404,0,705,689,673,662
A036120,SCI평가정보,20140704,699,749,695,710,1082175,69843,0,695,684,673,661
A036120,SCI평가정보,20140703,699,699,684,694,253602,49451,0,688,680,672,659
A036120,SCI평가정보,20140702,690,698,683,689,151739,54536,0,684,677,672,658
A036120,SCI평가정보,20140701,718,718,680,690,226167,65561,0,679,674,672,657
A036120,SCI평가정보,20140630,678,690,672,690,139059,72424,0,674,674,672,655
A036120,SCI평가정보,20140627,671,679,662,679,93078,73240,0,670,675,671,654
A036120,SCI평가정보,20140626,652,675,652,670,147006,73656,0,670,676,672,652
A036120,SCI평가정보,20140625,666,667,651,667,148033,64235,0,672,679,672,651
A036120,SCI평가정보,20140624,671,671,656,666,197895,58789,0,678,681,673,650
A036120,SCI평가정보,20140623,675,676,661,670,262581,43255,0,685,687,675,649
A036120,SCI평가정보,20140620,690,694,675,676,140353,39256,0,691,696,676,648
A036120,SCI평가정보,20140619,695,695,670,682,438661,49687,0,690,699,677,647
A036120,SCI평가정보,20140618,706,706,680,695,292338,18510,0,693,696,676,646
A036120,SCI평가정보,20140617,700,716,691,704,530140,19997,0,695,693,675,644
A036120,SCI평가정보,20140616,672,720,654,696,570047,11892,0,692,688,674,643
A036120,SCI평가정보,20140613,696,703,663,672,533151,13896,0,680,685,674,642
A036120,SCI평가정보,20140612,701,701,686,696,472598,32633,0,671,683,673,640
A036120,SCI평가정보,20140611,722,750,698,706,1734331,29223,0,659,680,672,639
A036120,SCI평가정보,20140610,635,729,627,690,4093498,3343,0,644,676,672,637
A036120,SCI평가정보,20140609,650,650,627,634,256263,31397,0,645,673,672,636
A036120,SCI평가정보,20140605,637,643,628,629,268899,28390,30,661,672,673,635
A036120,SCI평가정보,20140603,634,657,625,637,933096,37531,303,674,671,675,635
A036120,SCI평가정보,20140602,691,698,632,632,994065,2560,0,690,671,676,634
A036120,SCI평가정보,20140530,720,746,691,691,1948941,5912,0,709,671,678,633
A036120,SCI평가정보,20140529,701,719,679,714,1315662,49743,0,725,667,677,632
A036120,SCI평가정보,20140528,713,728,691,697,1171510,39462,0,751,663,676,630
A036120,SCI평가정보,20140527,735,745,688,718,1822346,43692,0,759,660,676,629
A036120,SCI평가정보,20140526,781,783,717,724,3239638,56282,0,744,656,676,628
A036120,SCI평가정보,20140523,869,937,770,770,12417070,41741,0,723,651,676,626
A036120,SCI평가정보,20140522,847,847,824,847,3232606,67520,0,693,646,676,625
A036120,SCI평가정보,20140521,675,737,671,737,1006112,68823,0,649,637,675,622
A036120,SCI평가정보,20140520,618,706,610,641,959002,68846,0,629,635,676,621
A036120,SCI평가정보,20140519,623,623,606,618,67090,91324,0,628,637,680,620
A036120,SCI평가정보,20140516,630,632,618,620,38178,86446,0,630,640,685,620
A036120,SCI평가정보,20140515,644,644,627,627,82366,88919,0,630,643,689,619
A036120,SCI평가정보,20140514,630,641,626,638,124879,99468,0,627,645,692,619
A036120,SCI평가정보,20140513,623,643,618,638,179048,107473,0,623,648,693,618
A036120,SCI평가정보,20140512,638,638,621,625,32042,98196,0,622,650,693,618
A036120,SCI평가정보,20140509,613,637,609,620,50746,99472,0,621,654,691,617
A036120,SCI평가정보,20140508,627,627,607,613,97331,94371,0,622,657,690,617
A036120,SCI평가정보,20140507,628,635,611,619,108210,93071,0,626,662,688,617
A036120,SCI평가정보,20140502,630,634,625,631,72068,93676,0,628,665,687,616
A036120,SCI평가정보,20140430,630,634,622,623,65355,96479,0,630,668,686,616
A036120,SCI평가정보,20140429,625,634,621,622,104214,92637,0,632,670,685,616
A036120,SCI평가정보,20140428,636,636,620,633,161825,83356,0,639,673,683,615
A036120,SCI평가정보,20140425,638,642,628,633,79959,85830,0,646,675,682,614
A036120,SCI평가정보,20140424,635,642,630,638,128167,80873,0,658,680,680,614
A036120,SCI평가정보,20140423,651,661,632,633,441854,73253,0,667,683,678,613
A036120,SCI평가정보,20140422,663,669,657,660,199140,86267,0,677,688,677,613
A036120,SCI평가정보,20140421,700,700,660,667,548160,63816,0,680,692,674,612
A036120,SCI평가정보,20140418,679,699,679,692,220100,75598,0,683,697,673,611
A036120,SCI평가정보,20140417,694,694,673,683,369602,51582,0,684,698,671,610
A036120,SCI평가정보,20140416,679,690,676,681,380147,70554,0,682,695,668,610
A036120,SCI평가정보,20140415,682,691,674,679,338611,62858,0,685,692,666,609
A036120,SCI평가정보,20140414,696,711,676,680,462672,33394,0,688,691,664,608
A036120,SCI평가정보,20140411,670,706,662,699,526431,73207,0,695,690,662,607
A036120,SCI평가정보,20140410,700,710,670,673,525425,28569,0,690,689,659,606
A036120,SCI평가정보,20140409,699,720,691,693,686302,15024,0,693,687,657,606
A036120,SCI평가정보,20140408,718,719,683,695,1144241,20652,0,688,685,654,605
A036120,SCI평가정보,20140407,680,759,673,715,2474191,8888,0,686,686,651,604
A036120,SCI평가정보,20140404,695,705,669,672,522673,34934,0,677,685,649,603
A036120,SCI평가정보,20140403,668,703,667,689,572231,38067,1110,686,688,646,602
A036120,SCI평가정보,20140402,689,689,665,668,427409,37792,0,689,689,644,601
A036120,SCI평가정보,20140401,675,690,660,685,343738,37792,0,701,692,642,600
A036120,SCI평가정보,20140331,727,727,666,671,798778,24168,0,712,690,639,599
A036120,SCI평가정보,20140328,712,724,701,718,556157,65906,0,733,688,637,599
A036120,SCI평가정보,20140327,730,737,696,703,671522,44676,0,732,687,633,598
A036120,SCI평가정보,20140326,745,795,728,729,2767173,24472,0,716,689,630,597
A036120,SCI평가정보,20140325,756,785,735,740,1332529,13948,0,696,690,627,596
A036120,SCI평가정보,20140324,740,809,733,774,5181059,1327,0,678,691,623,595
A036120,SCI평가정보,20140321,629,714,624,714,1957392,1327,0,657,691,619,594
A036120,SCI평가정보,20140320,639,639,618,621,304824,104034,0,647,696,616,593
A036120,SCI평가정보,20140319,664,670,616,632,921158,103953,0,650,708,615,593
A036120,SCI평가정보,20140318,666,682,630,651,390964,93195,0,656,721,613,593
A036120,SCI평가정보,20140317,642,678,636,666,285457,72908,0,666,732,612,593
A036120,SCI평가정보,20140314,626,669,623,663,378433,76519,0,672,739,609,592
A036120,SCI평가정보,20140313,663,676,620,637,479110,72703,0,689,742,607,592
A036120,SCI평가정보,20140312,699,699,665,665,564400,64481,0,702,741,605,592
A036120,SCI평가정보,20140311,701,713,670,698,797267,71211,0,715,734,603,591
A036120,SCI평가정보,20140310,750,751,677,695,1408042,60217,0,703,726,601,591
A036120,SCI평가정보,20140307,735,796,724,750,4799296,10610,0,692,718,598,590
A036120,SCI평가정보,20140306,732,735,665,701,3826192,10610,0,682,708,594,589
A036120,SCI평가정보,20140305,646,732,627,732,3911218,10610,0,689,701,591,589
A036120,SCI평가정보,20140304,633,670,624,637,951221,20048,0,692,692,588,588
A036120,SCI평가정보,20140303,701,709,632,639,1431009,10610,0,716,686,587,588
A036120,SCI평가정보,20140228,734,762,697,701,2230785,10610,0,745,682,585,588
A036120,SCI평가정보,20140227,754,754,721,737,878327,10610,0,767,673,583,587
A036120,SCI평가정보,20140226,760,775,732,745,1636861,10610,0,790,663,580,586
A036120,SCI평가정보,20140225,775,793,740,760,1376566,10610,0,822,652,577,585
A036120,SCI평가정보,20140224,820,820,761,783,2420278,15110,0,843,641,573,585
A036120,SCI평가정보,20140221,846,849,806,810,1677083,10610,0,849,631,570,583
A036120,SCI평가정보,20140220,875,881,815,852,2986725,10610,0,829,618,565,582
A036120,SCI평가정보,20140219,872,909,837,904,5672449,10610,0,781,603,561,580
A036120,SCI평가정보,20140218,900,934,831,867,12701529,10610,0,707,584,555,578
A036120,SCI평가정보,20140217,813,813,813,813,1822782,10610,0,641,568,550,577
A036120,SCI평가정보,20140214,707,707,707,707,990731,10610,0,587,555,546,576
A036120,SCI평가정보,20140213,531,615,527,615,282942,10610,0,554,547,544,575
A036120,SCI평가정보,20140212,531,541,526,535,13127,10610,0,544,543,543,576
A036120,SCI평가정보,20140211,538,562,531,534,7949,10610,0,545,543,544,577
A036120,SCI평가정보,20140210,538,546,531,543,1218,10610,0,545,543,545,578
A036120,SCI평가정보,20140207,565,579,524,541,28980,10610,0,545,543,545,579
A036120,SCI평가정보,20140206,545,577,540,567,13612,9562,0,544,543,546,580
A036120,SCI평가정보,20140205,534,546,520,540,28888,9562,0,536,542,546,581
A036120,SCI평가정보,20140204,545,578,516,534,32140,9562,0,535,541,546,581
A036120,SCI평가정보,20140203,549,580,533,543,119045,9562,0,534,541,547,582
A036120,SCI평가정보,20140129,524,536,521,535,20091,9562,0,543,540,547,583
A036120,SCI평가정보,20140128,534,540,522,526,32688,9562,0,545,539,548,584
A036120,SCI평가정보,20140127,528,538,513,536,21873,9562,0,549,538,549,585
A036120,SCI평가정보,20140124,575,575,530,531,122943,9562,0,550,538,549,586
A036120,SCI평가정보,20140123,550,594,525,585,281197,9562,0,553,538,550,586
A036120,SCI평가정보,20140122,551,559,534,548,4765,11000,0,546,535,550,587
A036120,SCI평가정보,20140121,533,547,525,547,13779,11000,0,544,535,550,587
A036120,SCI평가정보,20140120,551,594,521,538,17387,11000,0,542,535,551,588
A036120,SCI평가정보,20140117,552,562,545,547,975,11000,0,541,535,552,588
A036120,SCI평가정보,20140116,563,563,510,550,16434,11000,0,539,534,552,588
A036120,SCI평가정보,20140115,536,545,536,540,6702,11000,0,537,534,553,588
A036120,SCI평가정보,20140114,525,538,525,536,138,11000,0,538,533,554,588
A036120,SCI평가정보,20140113,564,564,531,531,13923,11000,0,539,533,554,589
A036120,SCI평가정보,20140110,549,559,529,540,3469,11000,0,539,533,555,589
A036120,SCI평가정보,20140109,545,564,538,540,1367,11000,0,537,533,556,589
A036120,SCI평가정보,20140108,540,555,511,545,36457,11000,0,535,532,557,589
A036120,SCI평가정보,20140107,535,540,528,540,4026,11000,0,527,532,557,589
A036120,SCI평가정보,20140106,537,538,522,531,439,11000,0,522,531,558,590
A036120,SCI평가정보,20140103,530,540,524,530,2667,0,0,521,532,559,590
A036120,SCI평가정보,20140102,502,528,497,528,15822,0,0,522,533,560,590
A036120,SCI평가정보,20131230,513,513,498,506,19534,0,0,523,534,561,590
A036120,SCI평가정보,20131227,549,549,504,513,24026,0,0,530,536,563,590
A036120,SCI평가정보,20131226,531,532,501,529,2455,0,0,536,538,564,591
A036120,SCI평가정보,20131224,532,534,507,534,7364,0,0,538,540,566,591
A036120,SCI평가정보,20131223,555,555,517,535,5844,0,0,538,541,567,591
A036120,SCI평가정보,20131220,541,541,515,540,28037,0,0,539,542,568,591
A036120,SCI평가정보,20131219,540,541,522,540,3875,0,0,536,543,570,591
A036120,SCI평가정보,20131218,544,544,521,541,816,0,0,536,544,571,591
A036120,SCI평가정보,20131217,538,542,520,536,20798,0,0,533,546,573,591
A036120,SCI평가정보,20131216,517,549,514,540,4788,0,0,534,548,574,591
A036120,SCI평가정보,20131213,530,542,518,522,10786,0,0,531,549,575,591
A036120,SCI평가정보,20131212,548,548,515,540,429,0,0,534,552,577,591
A036120,SCI평가정보,20131211,513,550,513,526,211,0,0,533,554,578,591
A036120,SCI평가정보,20131210,525,548,509,540,3004,0,0,537,556,580,591
A036120,SCI평가정보,20131209,538,539,499,527,46560,0,0,537,558,581,591
A036120,SCI평가정보,20131206,540,540,513,535,9783,0,0,542,560,582,591
A036120,SCI평가정보,20131205,547,547,530,535,13691,0,0,545,563,584,591
A036120,SCI평가정보,20131204,533,549,533,547,1455,0,0,549,565,586,591
A036120,SCI평가정보,20131203,545,548,523,543,49595,0,0,552,566,587,591
A036120,SCI평가정보,20131202,541,549,541,549,124,0,0,555,567,589,591
A036120,SCI평가정보,20131129,554,554,541,550,8813,0,0,557,567,590,591
A036120,SCI평가정보,20131128,558,558,554,558,13871,0,0,559,568,591,591
A036120,SCI평가정보,20131127,559,560,525,560,80700,0,0,560,569,593,591
A036120,SCI평가정보,20131126,558,567,538,560,21864,0,0,561,570,594,590
A036120,SCI평가정보,20131125,553,564,546,558,2854,0,0,564,571,596,590
A036120,SCI평가정보,20131122,561,564,551,561,7021,0,0,566,572,597,590
A036120,SCI평가정보,20131121,560,565,544,561,12362,0,0,570,572,599,589
A036120,SCI평가정보,20131120,575,575,554,565,2705,0,0,572,573,600,589
A036120,SCI평가정보,20131119,560,575,520,575,13963,0,0,574,574,602,588
A036120,SCI평가정보,20131118,585,585,560,570,10639,0,0,575,575,603,588
A036120,SCI평가정보,20131115,561,582,561,580,15106,0,0,576,576,605,587
A036120,SCI평가정보,20131114,579,579,563,571,3531,0,0,576,576,607,587
A036120,SCI평가정보,20131113,579,579,569,576,363,0,0,577,577,608,587
A036120,SCI평가정보,20131112,580,580,560,579,9642,0,0,576,577,610,586
A036120,SCI평가정보,20131111,595,595,573,576,270,0,0,572,577,611,586
A036120,SCI평가정보,20131108,576,585,576,580,2124,0,0,570,578,612,585
A036120,SCI평가정보,20131107,568,588,568,576,4497,0,0,568,578,614,585
A036120,SCI평가정보,20131106,573,573,540,568,4435,0,0,567,578,615,585
A036120,SCI평가정보,20131105,563,583,553,562,6167,0,0,567,579,616,585
A036120,SCI평가정보,20131104,561,569,561,563,717,0,0,572,580,618,584
A036120,SCI평가정보,20131101,580,580,561,569,12303,0,0,575,582,619,584
A036120,SCI평가정보,20131031,570,582,554,575,41,0,0,576,584,620,583
A036120,SCI평가정보,20131030,584,584,561,567,13843,0,0,576,586,621,583
A036120,SCI평가정보,20131029,595,595,543,584,997,0,0,579,587,622,583
A036120,SCI평가정보,20131028,590,590,560,580,5168,0,0,579,589,623,582
A036120,SCI평가정보,20131025,560,576,560,572,2132748,0,0,581,591,623,581
A036120,SCI평가정보,20131024,563,583,562,576,16550,0,0,584,594,624,581
A036120,SCI평가정보,20131023,584,589,574,583,5053,0,0,586,596,624,580
A036120,SCI평가정보,20131022,590,590,573,584,2473,0,0,585,598,624,580
A036120,SCI평가정보,20131021,573,610,573,590,42,0,0,586,600,624,579
A036120,SCI평가정보,20131018,581,590,568,589,1079,0,0,584,601,624,578
A036120,SCI평가정보,20131017,581,583,568,583,12614,0,0,583,603,623,577
A036120,SCI평가정보,20131016,585,614,540,581,9876,0,0,583,604,623,577
A036120,SCI평가정보,20131015,590,590,585,585,6265,0,0,586,606,623,576
A036120,SCI평가정보,20131014,540,585,540,584,9221,0,0,584,608,622,575
A036120,SCI평가정보,20131011,580,585,558,584,21150,0,0,589,609,622,575
A036120,SCI평가정보,20131010,590,591,562,580,7415,0,0,594,612,621,574
A036120,SCI평가정보,20131008,572,615,521,596,22600,0,0,598,614,621,573
A036120,SCI평가정보,20131007,613,615,572,576,20042,0,0,598,616,620,573
A036120,SCI평가정보,20131004,615,615,609,610,356,0,0,607,619,620,572
A036120,SCI평가정보,20131002,614,614,606,610,1502,0,0,609,620,619,571
A036120,SCI평가정보,20131001,606,606,565,596,42457,0,0,612,621,618,570
A036120,SCI평가정보,20130930,618,618,589,600,11878,0,0,618,624,617,569
A036120,SCI평가정보,20130927,630,630,610,618,9180,0,0,622,626,616,569
A036120,SCI평가정보,20130926,628,628,601,623,8206,0,0,622,628,615,568
A036120,SCI평가정보,20130925,630,630,610,624,4553,0,0,621,629,614,567
A036120,SCI평가정보,20130924,621,624,608,624,1808,0,0,621,630,612,566
A036120,SCI평가정보,20130923,620,635,596,621,3579,0,0,619,632,611,565
A036120,SCI평가정보,20130917,615,620,589,620,1544,0,0,619,634,610,564
A036120,SCI평가정보,20130916,626,638,562,617,7809,0,0,619,636,608,563
A036120,SCI평가정보,20130913,610,625,609,625,1218,0,0,618,639,607,562
A036120,SCI평가정보,20130912,638,639,613,613,4193,0,0,618,641,605,561
A036120,SCI평가정보,20130911,620,630,610,621,5008,0,0,623,644,604,560
A036120,SCI평가정보,20130910,609,629,609,620,5093,0,0,625,646,603,559
A036120,SCI평가정보,20130909,608,624,601,609,10138,0,0,627,648,601,559
A036120,SCI평가정보,20130906,645,656,618,627,5550,0,0,632,651,600,558
A036120,SCI평가정보,20130905,645,645,619,637,5609,0,0,633,652,599,557
A036120,SCI평가정보,20130904,628,633,608,632,11442,0,0,636,653,597,556
A036120,SCI평가정보,20130903,634,640,604,630,11915,0,0,639,654,595,555
A036120,SCI평가정보,20130902,637,640,595,634,23115,0,0,642,654,594,555
A036120,SCI평가정보,20130830,648,676,634,634,7306,0,0,646,655,592,554
A036120,SCI평가정보,20130829,684,684,630,648,7253,0,0,649,654,590,553
A036120,SCI평가정보,20130828,647,665,632,648,6300,0,0,650,655,588,552
A036120,SCI평가정보,20130827,648,658,645,647,37050,0,0,652,654,586,550
A036120,SCI평가정보,20130826,648,665,645,651,99113,0,0,656,652,584,549
A036120,SCI평가정보,20130823,635,674,635,652,40503,0,0,660,650,582,548
A036120,SCI평가정보,20130822,660,660,605,650,79130,0,0,664,648,580,547
A036120,SCI평가정보,20130821,653,683,653,661,48769,0,0,668,645,577,546
A036120,SCI평가정보,20130820,672,672,638,665,28051,0,0,668,641,575,544
A036120,SCI평가정보,20130819,673,684,668,672,23715,0,0,667,636,572,543
A036120,SCI평가정보,20130816,668,696,666,673,41909,0,0,665,631,570,541
A036120,SCI평가정보,20130814,659,670,659,669,92689,0,0,662,626,567,540
A036120,SCI평가정보,20130813,640,665,640,662,48185,0,0,659,621,565,539
A036120,SCI평가정보,20130812,661,668,621,658,21739,0,0,657,616,563,537
A036120,SCI평가정보,20130809,658,672,640,661,78982,0,0,653,611,560,536
A036120,SCI평가정보,20130808,651,661,609,658,76349,0,0,648,606,558,535
A036120,SCI평가정보,20130807,643,679,643,656,16009,0,0,642,601,557,533
A036120,SCI평가정보,20130806,601,670,601,650,16572,0,0,643,596,555,532
A036120,SCI평가정보,20130805,638,650,628,640,11219,0,0,639,591,553,531
A036120,SCI평가정보,20130802,611,642,611,638,20429,0,0,634,586,550,530
A036120,SCI평가정보,20130801,690,690,601,627,163693,0,0,627,582,549,529
A036120,SCI평가정보,20130731,635,667,615,658,77271,0,0,625,578,547,528
A036120,SCI평가정보,20130730,618,638,595,634,43263,0,0,611,572,545,526
A036120,SCI평가정보,20130729,600,612,598,612,109658,0,0,600,568,543,525
A036120,SCI평가정보,20130726,618,635,585,605,26726,0,0,591,565,541,524
A036120,SCI평가정보,20130725,586,630,585,618,143101,0,0,582,562,539,523
A036120,SCI평가정보,20130724,577,587,576,587,27496,0,0,573,558,537,523
A036120,SCI평가정보,20130723,541,576,541,576,81633,0,0,569,556,536,522
A036120,SCI평가정보,20130722,575,575,560,571,19046,0,0,567,554,535,521
A036120,SCI평가정보,20130719,572,572,560,560,50784,0,0,566,552,534,521
A036120,SCI평가정보,20130718,569,571,522,570,13769,0,0,566,551,533,520
A036120,SCI평가정보,20130717,568,570,565,570,19480,0,0,562,550,532,520
A036120,SCI평가정보,20130716,565,569,552,566,51514,0,0,559,548,530,519
A036120,SCI평가정보,20130715,560,568,549,565,31299,0,0,556,546,529,518
A036120,SCI평가정보,20130712,551,575,541,560,44879,0,0,553,544,528,518
A036120,SCI평가정보,20130711,549,555,517,551,40356,0,0,551,543,527,517
A036120,SCI평가정보,20130710,554,555,545,553,11272,0,0,551,543,527,517
A036120,SCI평가정보,20130709,545,553,545,552,60599,0,0,550,542,526,516
A036120,SCI평가정보,20130708,560,560,542,550,29212,0,0,550,542,525,516
A036120,SCI평가정보,20130705,554,555,544,551,11924,0,0,549,540,524,515
A036120,SCI평가정보,20130704,554,554,541,550,16955,0,0,549,539,523,515
A036120,SCI평가정보,20130703,551,557,539,549,36115,0,0,547,538,522,514
A036120,SCI평가정보,20130702,548,580,540,548,16230,0,0,546,537,522,514
A036120,SCI평가정보,20130701,551,551,537,549,13172,0,0,544,536,521,513
A036120,SCI평가정보,20130628,544,548,536,547,12969,0,0,541,535,520,513
A036120,SCI평가정보,20130627,543,550,531,544,1610,0,0,539,534,520,512
A036120,SCI평가정보,20130626,540,548,532,541,9770,0,0,538,532,519,512
A036120,SCI평가정보,20130625,531,540,526,538,43450,0,0,536,531,519,511
A036120,SCI평가정보,20130624,535,535,514,535,33597,0,0,535,530,518,511
A036120,SCI평가정보,20130621,537,539,530,535,52535,0,0,534,529,518,511
A036120,SCI평가정보,20130620,530,551,530,540,57074,0,0,535,528,518,510
A036120,SCI평가정보,20130619,525,549,525,534,7474,0,0,537,527,517,510
A036120,SCI평가정보,20130618,530,550,525,531,23377,0,0,537,526,517,509
A036120,SCI평가정보,20130617,537,552,520,530,75339,0,0,538,526,516,509
A036120,SCI평가정보,20130614,553,569,535,541,17060,0,0,537,525,516,509
A036120,SCI평가정보,20130613,531,568,531,547,153439,0,0,535,525,515,508
A036120,SCI평가정보,20130612,548,548,529,538,14506,0,0,531,526,515,508
A036120,SCI평가정보,20130611,535,535,527,532,14503,0,0,529,526,515,507
A036120,SCI평가정보,20130610,512,539,512,528,25292,0,0,529,526,515,507
A036120,SCI평가정보,20130607,520,533,514,528,28468,0,0,528,525,516,506
A036120,SCI평가정보,20130605,529,532,510,530,116926,0,0,527,525,516,506
A036120,SCI평가정보,20130604,530,534,500,529,60134,0,0,524,524,516,505
A036120,SCI평가정보,20130603,520,535,513,528,772,0,0,520,524,515,505
A036120,SCI평가정보,20130531,515,549,515,526,24617,0,0,517,523,515,505
A036120,SCI평가정보,20130530,510,526,510,522,61059,0,0,515,522,514,504
A036120,SCI평가정보,20130529,515,539,505,514,37095,0,0,514,522,514,504
A036120,SCI평가정보,20130528,510,513,506,512,2471,0,0,517,521,514,504
A036120,SCI평가정보,20130527,515,515,504,511,42214,0,0,519,521,514,503
A036120,SCI평가정보,20130524,518,519,507,515,28297,0,0,521,521,514,503
A036120,SCI평가정보,20130523,530,530,508,517,83483,0,0,521,520,513,502
A036120,SCI평가정보,20130522,520,533,520,529,2403,0,0,525,520,513,501
A036120,SCI평가정보,20130521,520,529,515,522,10696,0,0,531,518,512,501
A036120,SCI평가정보,20130520,517,530,515,520,30328,0,0,535,517,512,500
A036120,SCI평가정보,20130516,535,539,517,517,69896,0,0,536,516,512,499
A036120,SCI평가정보,20130515,570,570,532,537,73612,0,0,535,515,512,498
A036120,SCI평가정보,20130514,543,580,542,561,87417,0,0,534,513,511,498
A036120,SCI평가정보,20130513,523,550,520,541,78424,0,0,525,511,510,497
A036120,SCI평가정보,20130510,507,525,507,523,14058,0,0,521,508,510,496
A036120,SCI평가정보,20130509,534,539,515,515,34776,0,0,520,508,509,496
A036120,SCI평가정보,20130508,514,530,514,530,14672,0,0,518,507,509,495
A036120,SCI평가정보,20130507,516,530,514,516,4090,0,0,514,506,509,495
A036120,SCI평가정보,20130506,530,530,504,520,29269,0,0,513,505,508,494
A036120,SCI평가정보,20130503,515,535,511,517,6727,0,0,510,504,508,494
A036120,SCI평가정보,20130502,510,552,505,508,30596,0,0,508,503,508,494
A036120,SCI평가정보,20130430,560,560,505,508,49346,0,0,506,503,508,494
A036120,SCI평가정보,20130429,505,519,503,510,40255,0,0,506,503,508,493
A036120,SCI평가정보,20130426,505,509,501,506,1547,0,0,504,503,508,493
A036120,SCI평가정보,20130425,505,514,498,506,4106,0,0,502,504,508,493
A036120,SCI평가정보,20130424,501,515,500,501,38325,0,0,502,504,508,493
A036120,SCI평가정보,20130423,499,508,498,505,133018,0,0,502,505,508,492
A036120,SCI평가정보,20130422,499,502,495,500,65350,0,0,500,506,508,492
A036120,SCI평가정보,20130419,500,504,498,499,56275,0,0,501,506,508,492
A036120,SCI평가정보,20130418,505,505,499,503,21423,0,0,501,506,507,492
A036120,SCI평가정보,20130417,500,503,499,501,38256,0,0,502,507,507,492
A036120,SCI평가정보,20130416,500,504,497,498,118079,0,0,502,507,507,492
A036120,SCI평가정보,20130415,499,505,499,504,71521,0,0,503,508,507,492
A036120,SCI평가정보,20130412,500,515,499,500,38468,0,0,502,510,507,492
A036120,SCI평가정보,20130411,497,506,497,506,17061,0,0,503,511,507,492
A036120,SCI평가정보,20130410,496,502,492,501,42253,0,0,503,513,507,492
A036120,SCI평가정보,20130409,503,503,497,502,34274,0,0,503,518,507,492
A036120,SCI평가정보,20130408,500,509,489,500,45965,0,0,505,518,506,492
A036120,SCI평가정보,20130405,500,510,499,504,21494,0,0,506,518,506,492
A036120,SCI평가정보,20130404,504,510,499,506,49432,0,0,508,518,506,493
A036120,SCI평가정보,20130403,507,517,495,504,50064,0,0,510,518,506,493
A036120,SCI평가정보,20130402,505,515,504,511,43785,0,0,513,518,505,493
A036120,SCI평가정보,20130401,510,519,505,506,87567,0,0,515,517,505,493
A036120,SCI평가정보,20130329,506,523,500,514,48438,0,0,516,517,505,494
A036120,SCI평가정보,20130328,518,523,503,517,27435,0,0,514,516,504,494
A036120,SCI평가정보,20130327,518,532,509,518,23138,0,0,512,516,504,494
A036120,SCI평가정보,20130326,511,519,504,518,56430,0,0,512,515,503,494
A036120,SCI평가정보,20130325,511,518,501,511,24253,0,0,510,514,503,494
A036120,SCI평가정보,20130322,501,508,500,506,84284,0,0,515,513,502,495
A036120,SCI평가정보,20130321,506,514,505,508,41156,0,0,520,513,502,495
A036120,SCI평가정보,20130320,513,521,501,515,71462,0,0,528,513,502,495
A036120,SCI평가정보,20130319,530,538,508,508,182898,0,0,542,512,501,496
A036120,SCI평가정보,20130318,531,544,508,538,105816,0,0,543,512,501,496
A036120,SCI평가정보,20130315,548,551,521,530,131692,0,0,535,510,500,497
A036120,SCI평가정보,20130314,595,639,524,549,550504,0,0,530,509,499,497
A036120,SCI평가정보,20130313,510,586,510,586,921786,0,0,520,507,498,497
A036120,SCI평가정보,20130312,501,512,500,510,91289,0,0,504,503,496,497
A036120,SCI평가정보,20130311,515,515,500,500,20030,0,0,502,502,496,497
A036120,SCI평가정보,20130308,504,504,498,503,6569,0,0,503,502,495,498
A036120,SCI평가정보,20130307,504,504,499,503,7145,0,0,502,502,495,498
A036120,SCI평가정보,20130306,505,505,499,502,10139,0,0,502,502,495,499
A036120,SCI평가정보,20130305,498,503,498,503,34845,0,0,501,502,495,499
A036120,SCI평가정보,20130304,505,505,497,502,63605,0,0,501,503,494,499
A036120,SCI평가정보,20130228,506,506,500,500,8619,0,0,500,503,494,500
A036120,SCI평가정보,20130227,503,503,498,501,65579,0,0,500,503,493,500
A036120,SCI평가정보,20130226,498,505,497,500,14086,0,0,501,503,492,501
A036120,SCI평가정보,20130225,500,502,495,500,99925,0,0,502,503,491,501
A036120,SCI평가정보,20130222,501,503,497,500,44033,0,0,503,503,490,502
A036120,SCI평가정보,20130221,505,509,430,501,159050,0,0,504,503,489,503
A036120,SCI평가정보,20130220,505,505,500,505,36094,0,0,504,503,487,504
A036120,SCI평가정보,20130219,510,512,501,504,1985,0,0,504,503,486,504
A036120,SCI평가정보,20130218,505,507,500,504,38878,0,0,504,502,485,505
A036120,SCI평가정보,20130215,505,505,500,504,4402,0,0,504,502,484,506
A036120,SCI평가정보,20130214,509,509,500,502,34222,0,0,503,502,483,507
A036120,SCI평가정보,20130213,505,508,500,506,4385,0,0,503,501,483,508
A036120,SCI평가정보,20130212,505,509,497,506,49233,0,0,502,500,482,509
A036120,SCI평가정보,20130208,504,510,500,500,60927,0,0,502,500,481,510
A036120,SCI평가정보,20130207,505,509,502,502,85611,0,0,503,499,481,510
A036120,SCI평가정보,20130206,496,509,495,502,26892,0,0,504,499,481,511
A036120,SCI평가정보,20130205,500,510,496,500,12742,0,0,504,498,480,511
A036120,SCI평가정보,20130204,512,512,484,505,15148,0,0,506,497,480,511
A036120,SCI평가정보,20130201,509,509,500,507,14882,0,0,506,496,479,512
A036120,SCI평가정보,20130131,499,509,499,504,45983,0,0,504,495,479,512
A036120,SCI평가정보,20130130,500,510,498,505,89338,0,0,503,494,479,513
A036120,SCI평가정보,20130129,517,517,499,507,11494,0,0,501,493,478,513
A036120,SCI평가정보,20130128,517,517,497,505,26686,0,0,500,492,478,514
A036120,SCI평가정보,20130125,490,507,490,500,85040,0,0,498,492,477,515
A036120,SCI평가정보,20130124,483,504,483,497,25751,0,0,497,491,477,516
A036120,SCI평가정보,20130123,492,504,492,495,278518,0,0,497,491,476,517
A036120,SCI평가정보,20130122,488,503,488,502,36962,0,0,497,490,476,518
A036120,SCI평가정보,20130121,513,513,496,496,149406,0,0,494,489,476,519
A036120,SCI평가정보,20130118,489,497,489,494,129274,0,0,494,489,476,520
A036120,SCI평가정보,20130117,490,498,487,496,7360,0,0,493,488,476,522
A036120,SCI평가정보,20130116,490,496,487,496,49527,0,0,492,488,476,523
A036120,SCI평가정보,20130115,494,494,488,490,11685,0,0,491,487,477,524
A036120,SCI평가정보,20130114,491,500,481,492,9660,0,0,490,487,477,525
A036120,SCI평가정보,20130111,482,491,482,490,50685,0,0,489,486,477,526
A036120,SCI평가정보,20130110,490,492,486,490,17860,0,0,488,486,478,527
A036120,SCI평가정보,20130109,480,492,480,491,31367,0,0,487,485,478,528
A036120,SCI평가정보,20130108,480,488,477,485,4958,0,0,486,485,479,529
A036120,SCI평가정보,20130107,485,490,460,487,12056,0,0,486,485,480,530
A036120,SCI평가정보,20130104,494,494,480,487,8756,0,0,486,485,481,531
A036120,SCI평가정보,20130103,495,495,480,485,108429,0,0,486,485,481,532
A036120,SCI평가정보,20130102,487,496,481,484,141246,0,0,488,484,482,533
A036120,SCI평가정보,20121228,484,496,484,485,164864,0,0,488,483,483,533
A036120,SCI평가정보,20121227,480,497,480,488,67959,0,0,488,481,484,534
A036120,SCI평가정보,20121226,482,493,482,489,29295,0,0,487,478,485,535
A036120,SCI평가정보,20121224,496,496,481,492,12354,0,0,486,475,486,536
A036120,SCI평가정보,20121221,481,489,480,486,52581,0,0,484,472,487,537
A036120,SCI평가정보,20121220,480,486,480,485,81494,0,0,485,469,488,538
A036120,SCI평가정보,20121218,485,498,466,482,110712,0,0,484,466,489,539
A036120,SCI평가정보,20121217,499,499,476,485,14714,0,0,484,464,490,540
A036120,SCI평가정보,20121214,487,493,481,481,65631,0,0,484,462,491,541
A036120,SCI평가정보,20121213,480,491,480,491,97411,0,0,481,461,493,542
A036120,SCI평가정보,20121212,490,490,480,483,79480,1,0,480,459,495,542
A036120,SCI평가정보,20121211,490,490,472,482,48316,3996,0,483,459,496,543
A036120,SCI평가정보,20121210,465,499,430,482,71565,9052,0,483,458,497,544
A036120,SCI평가정보,20121207,490,490,462,465,222893,14558,0,484,458,499,545
A036120,SCI평가정보,20121206,496,499,485,489,84270,19213,0,483,458,501,546
A036120,SCI평가정보,20121205,490,498,476,496,118807,23806,0,478,458,501,547
A036120,SCI평가정보,20121204,487,495,467,481,87717,28300,0,468,457,502,547
A036120,SCI평가정보,20121203,467,493,467,487,191473,32486,0,459,457,503,548
A036120,SCI평가정보,20121130,460,468,458,464,63664,36387,0,448,456,504,549
A036120,SCI평가정보,20121129,445,464,439,460,82831,40692,0,440,458,505,550
A036120,SCI평가정보,20121128,442,475,439,446,94212,45255,0,433,458,507,551
A036120,SCI평가정보,20121127,429,441,424,439,305880,49209,0,431,459,509,552
A036120,SCI평가정보,20121126,425,438,419,430,67601,53356,0,430,461,512,553
A036120,SCI평가정보,20121123,421,429,412,423,64119,57339,0,434,464,515,554
A036120,SCI평가정보,20121122,426,439,420,425,101121,61245,0,440,467,517,555
A036120,SCI평가정보,20121121,436,450,425,438,182986,64598,0,447,470,520,556
A036120,SCI평가정보,20121120,445,460,430,436,151082,71849,0,453,472,523,557
A036120,SCI평가정보,20121119,455,470,441,448,79286,78915,0,460,475,526,558
A036120,SCI평가정보,20121116,443,464,443,452,75234,85416,0,466,478,529,559
A036120,SCI평가정보,20121115,479,479,439,460,52996,88254,0,470,480,532,559
A036120,SCI평가정보,20121114,475,475,460,470,37187,91043,0,474,483,534,560
A036120,SCI평가정보,20121113,476,476,468,472,45148,92344,0,476,485,536,560
A036120,SCI평가정보,20121112,475,477,464,475,63491,93154,0,477,488,539,560
A036120,SCI평가정보,20121109,483,483,464,475,79200,95068,0,478,489,540,560
A036120,SCI평가정보,20121108,477,477,466,477,28076,97183,0,480,492,541,561
A036120,SCI평가정보,20121107,472,489,472,479,142738,97469,0,479,494,542,561
A036120,SCI평가정보,20121106,482,494,474,480,38513,98889,0,478,497,543,561
A036120,SCI평가정보,20121105,494,494,469,479,78753,99812,0,477,500,544,561
A036120,SCI평가정보,20121102,473,500,464,486,59680,103774,0,477,503,545,562
A036120,SCI평가정보,20121101,474,475,467,471,59456,104509,0,477,506,546,562
A036120,SCI평가정보,20121031,473,481,460,474,31714,109576,0,479,510,548,562
A036120,SCI평가정보,20121030,480,481,462,473,172124,106199,0,481,513,550,563
A036120,SCI평가정보,20121029,499,499,474,481,59579,106737,0,487,516,552,564
A036120,SCI평가정보,20121026,485,491,474,487,51941,108911,0,490,519,554,564
A036120,SCI평가정보,20121025,485,493,480,480,35250,108174,0,493,522,557,564
A036120,SCI평가정보,20121024,490,501,480,485,152569,108775,0,500,525,559,564
A036120,SCI평가정보,20121023,504,504,495,500,49365,108227,0,507,528,562,564
A036120,SCI평가정보,20121022,498,503,490,500,28148,101350,0,510,531,565,564
A036120,SCI평가정보,20121019,505,519,499,500,70568,97938,0,512,534,567,564
A036120,SCI평가정보,20121018,520,530,499,516,57662,97973,0,518,539,569,564
A036120,SCI평가정보,20121017,525,535,512,518,110386,102129,0,520,542,571,563
A036120,SCI평가정보,20121016,512,525,511,515,61923,86358,0,522,544,573,563
A036120,SCI평가정보,20121015,530,534,510,512,207085,92764,0,526,546,575,563
A036120,SCI평가정보,20121012,528,532,523,528,157017,87228,0,531,549,576,562
A036120,SCI평가정보,20121011,535,535,523,525,106640,71302,0,535,551,577,562
A036120,SCI평가정보,20121010,542,542,528,532,129824,56885,0,539,552,578,561
A036120,SCI평가정보,20121009,527,539,527,535,199088,54190,0,541,553,580,561
A036120,SCI평가정보,20121008,553,553,532,534,188975,29550,0,542,553,581,561
A036120,SCI평가정보,20121005,555,555,535,549,173563,32558,0,543,554,582,560
A036120,SCI평가정보,20121004,541,560,522,546,809862,23116,0,542,553,583,559
A036120,SCI평가정보,20121002,547,553,536,541,143967,72717,0,540,553,584,559
A036120,SCI평가정보,20120928,554,554,533,539,164002,51083,0,542,555,584,558
A036120,SCI평가정보,20120927,545,545,528,540,82248,39968,0,546,558,586,557
A036120,SCI평가정보,20120926,537,545,527,543,187552,32573,0,551,561,587,557
A036120,SCI평가정보,20120925,544,559,525,537,571617,37262,0,562,563,587,556
A036120,SCI평가정보,20120924,541,570,540,549,401090,40841,0,571,566,588,556
A036120,SCI평가정보,20120921,556,575,550,561,477681,43889,0,571,568,589,555
A036120,SCI평가정보,20120920,596,600,557,563,920048,28419,0,570,571,590,555
A036120,SCI평가정보,20120919,614,667,585,602,3335691,10168,0,570,574,590,554
A036120,SCI평가정보,20120918,544,600,544,580,718490,65874,0,566,576,590,553
A036120,SCI평가정보,20120917,542,565,540,549,247277,57012,0,557,577,590,552
A036120,SCI평가정보,20120914,569,578,551,554,295133,30484,0,559,579,590,551
A036120,SCI평가정보,20120913,607,607,558,565,486798,38764,0,555,582,591,550
A036120,SCI평가정보,20120912,543,610,530,580,1190393,44107,0,551,582,591,549
A036120,SCI평가정보,20120911,556,556,535,538,303939,33755,0,543,580,591,548
A036120,SCI평가정보,20120910,536,583,532,556,715417,31588,0,545,580,592,548
A036120,SCI평가정보,20120907,550,550,527,535,316860,18722,0,549,578,592,547
A036120,SCI평가정보,20120906,543,572,531,547,309602,9782,0,562,579,593,546
A036120,SCI평가정보,20120905,550,557,530,537,274363,1280,0,573,580,593,546
A036120,SCI평가정보,20120904,570,570,540,550,400726,20854,0,582,580,594,545
A036120,SCI평가정보,20120903,596,613,518,576,532388,21582,0,592,582,594,544
A036120,SCI평가정보,20120831,639,679,598,602,1169723,5613,0,595,582,594,543
A036120,SCI평가정보,20120830,590,649,583,598,808028,8064,0,596,582,594,542
A036120,SCI평가정보,20120829,600,600,580,585,284426,20503,0,603,583,593,541
A036120,SCI평가정보,20120828,573,609,573,600,353311,19178,0,612,585,593,540
A036120,SCI평가정보,20120827,601,613,576,589,357872,17736,0,612,587,592,539
A036120,SCI평가정보,20120824,641,641,601,608,670883,20585,0,615,589,591,538
A036120,SCI평가정보,20120823,630,695,619,631,2165696,2896,0,616,593,590,537
A036120,SCI평가정보,20120822,606,694,606,630,1610480,7459,0,600,593,589,536
A036120,SCI평가정보,20120821,588,617,578,604,550247,10289,0,582,593,587,535
A036120,SCI평가정보,20120820,629,645,581,602,885284,3595,0,568,595,586,534
A036120,SCI평가정보,20120817,568,620,558,615,1218366,6720,0,555,596,584,534
A036120,SCI평가정보,20120816,560,560,536,547,137276,20529,-5,540,596,582,533
A036120,SCI평가정보,20120814,534,553,531,544,162118,20185,0,543,598,581,533
A036120,SCI평가정보,20120813,534,544,526,534,119790,19336,-5,546,601,580,533
A036120,SCI평가정보,20120810,535,557,521,534,443187,19800,0,553,604,580,532
A036120,SCI평가정보,20120809,555,564,539,543,391393,18466,0,562,607,579,532
A036120,SCI평가정보,20120808,619,619,557,561,1466107,3682,0,577,610,579,532
A036120,SCI평가정보,20120807,565,592,553,557,537638,16238,0,587,612,578,531
A036120,SCI평가정보,20120806,580,584,561,570,435165,9392,0,601,614,577,531
A036120,SCI평가정보,20120803,707,707,561,580,9097914,2137,0,614,616,576,530
A036120,SCI평가정보,20120802,612,636,595,615,371282,8351,0,625,617,576,529
A036120,SCI평가정보,20120801,627,630,607,612,206205,0,0,638,616,575,528
A036120,SCI평가정보,20120731,638,646,601,627,219473,0,0,643,615,573,527
A036120,SCI평가정보,20120730,643,717,624,638,1371410,0,0,645,614,571,526
A036120,SCI평가정보,20120727,686,686,620,631,281281,0,0,643,612,568,525
A036120,SCI평가정보,20120726,644,693,638,682,669440,0,0,644,610,566,524
A036120,SCI평가정보,20120725,644,644,610,637,43406,0,0,627,606,563,522
A036120,SCI평가정보,20120724,631,640,620,635,171326,0,0,619,603,560,521
A036120,SCI평가정보,20120723,636,645,597,631,283481,0,0,611,600,558,519
A036120,SCI평가정보,20120720,601,637,590,635,296772,0,0,606,598,555,518
A036120,SCI평가정보,20120719,619,649,595,597,119407,0,0,598,595,553,517
A036120,SCI평가정보,20120718,596,600,580,595,79516,0,0,599,594,551,516
A036120,SCI평가정보,20120717,608,608,587,598,63732,0,0,601,594,549,515
A036120,SCI평가정보,20120716,600,605,585,604,63163,0,0,601,593,546,514
A036120,SCI평가정보,20120713,603,604,580,596,44209,2399,0,600,592,544,513
A036120,SCI평가정보,20120712,600,603,594,603,31035,3999,0,600,591,542,512
A036120,SCI평가정보,20120711,609,609,599,603,11094,3999,0,600,589,540,511
A036120,SCI평가정보,20120710,615,615,590,599,28974,4000,0,599,588,538,511
A036120,SCI평가정보,20120709,582,600,582,599,37478,10000,0,599,587,536,510
A036120,SCI평가정보,20120706,600,608,591,598,37332,11090,0,599,585,534,509
A036120,SCI평가정보,20120705,590,604,590,600,18396,11122,0,598,584,531,508
A036120,SCI평가정보,20120704,599,608,587,601,84607,11122,0,597,583,529,507
A036120,SCI평가정보,20120703,598,602,582,599,70788,12071,0,594,582,527,506
A036120,SCI평가정보,20120702,608,608,594,597,23261,12189,0,590,579,525,505
A036120,SCI평가정보,20120629,597,597,579,594,4342,12218,0,585,577,523,504
A036120,SCI평가정보,20120628,577,608,577,594,109879,12518,0,582,575,522,503
A036120,SCI평가정보,20120627,598,598,575,584,22980,12895,0,580,573,520,502
A036120,SCI평가정보,20120626,575,597,575,579,32114,12898,0,580,571,518,502
A036120,SCI평가정보,20120625,576,599,575,575,82383,13000,0,582,568,516,501
A036120,SCI평가정보,20120622,600,600,576,576,49373,13050,0,584,565,514,500
A036120,SCI평가정보,20120621,598,598,584,586,28014,13050,0,585,561,512,499
A036120,SCI평가정보,20120620,609,609,574,586,50308,13050,0,581,556,510,498
A036120,SCI평가정보,20120619,600,650,576,585,231960,13050,-1,577,551,508,498
A036120,SCI평가정보,20120618,580,599,565,589,125044,13050,0,578,547,505,497
A036120,SCI평가정보,20120615,580,580,569,579,30414,0,0,573,543,503,496
A036120,SCI평가정보,20120614,580,580,565,566,31765,0,0,572,540,501,495
A036120,SCI평가정보,20120613,570,590,555,564,46016,1598,0,574,536,500,495
A036120,SCI평가정보,20120612,560,599,550,591,84726,835,-1,576,534,498,494
A036120,SCI평가정보,20120611,562,589,562,566,10626,0,0,566,530,496,493
A036120,SCI평가정보,20120608,578,580,565,571,168965,0,0,564,527,494,493
A036120,SCI평가정보,20120607,572,584,563,578,71019,0,0,560,528,493,492
A036120,SCI평가정보,20120605,515,600,515,573,124548,0,0,555,527,491,492
A036120,SCI평가정보,20120604,554,554,510,540,27503,0,0,550,523,489,491
A036120,SCI평가정보,20120601,553,566,530,557,42482,0,0,546,521,488,491
A036120,SCI평가정보,20120531,559,559,540,554,48679,0,0,538,517,487,491
A036120,SCI평가정보,20120530,554,555,521,553,71905,0,0,526,513,486,490
A036120,SCI평가정보,20120529,509,554,503,545,224658,0,0,514,510,485,489
A036120,SCI평가정보,20120525,520,520,500,520,75414,0,0,504,507,484,489
A036120,SCI평가정보,20120524,485,520,473,520,75054,0,0,499,505,483,488
A036120,SCI평가정보,20120523,505,505,485,491,42659,0,0,497,503,483,488
A036120,SCI평가정보,20120522,481,495,481,492,176093,0,0,500,503,483,488
A036120,SCI평가정보,20120521,500,500,480,495,21500,0,0,503,502,484,488
A036120,SCI평가정보,20120518,502,517,490,498,75569,0,0,507,501,484,489
A036120,SCI평가정보,20120517,487,514,487,509,57382,0,0,508,499,485,489
A036120,SCI평가정보,20120516,498,529,498,507,48225,0,0,509,497,485,489
A036120,SCI평가정보,20120515,518,520,480,505,186399,0,0,524,495,485,489
A036120,SCI평가정보,20120514,508,534,490,518,283434,0,0,537,495,485,489
A036120,SCI평가정보,20120511,522,531,497,500,265810,0,0,532,493,484,489
A036120,SCI평가정보,20120510,569,575,515,516,1065521,0,0,529,491,484,489
A036120,SCI평가정보,20120509,591,653,575,581,2560564,0,0,522,489,484,489
A036120,SCI평가정보,20120508,568,568,554,568,1084456,0,0,502,483,483,489
A036120,SCI평가정보,20120507,497,497,477,494,35021,0,0,485,478,481,488
A036120,SCI평가정보,20120504,484,494,480,488,31307,0,0,484,477,481,489
A036120,SCI평가정보,20120503,481,485,471,480,1892,0,0,484,477,481,489
A036120,SCI평가정보,20120502,484,484,477,481,174376,0,-122063,485,477,481,490
A036120,SCI평가정보,20120430,466,495,466,484,40048,0,0,486,477,481,491
A036120,SCI평가정보,20120427,490,490,466,487,4901,0,0,483,477,481,491
A036120,SCI평가정보,20120426,483,494,479,489,21936,0,0,479,476,481,491
A036120,SCI평가정보,20120425,493,493,464,483,5308,0,0,474,474,481,492
A036120,SCI평가정보,20120424,480,487,463,485,49743,0,0,472,473,481,492
A036120,SCI평가정보,20120423,470,472,462,470,28017,0,0,468,472,481,492
A036120,SCI평가정보,20120420,458,479,458,470,2458,0,0,476,471,481,493
A036120,SCI평가정보,20120419,463,475,453,464,20739,0,0,475,471,482,494
A036120,SCI평가정보,20120418,492,492,462,470,6153,0,0,476,470,482,495
A036120,SCI평가정보,20120417,495,495,466,466,20864,0,0,477,470,482,496
A036120,SCI평가정보,20120416,483,508,450,508,148668,0,0,474,470,483,497
A036120,SCI평가정보,20120413,478,478,451,468,7764,0,0,469,468,483,498
A036120,SCI평가정보,20120412,472,494,467,469,707,0,0,470,468,483,499
A036120,SCI평가정보,20120410,456,475,455,472,7976,0,11,473,468,484,499
A036120,SCI평가정보,20120409,484,484,450,455,70841,0,1,475,467,484,499
A036120,SCI평가정보,20120406,480,500,474,479,24096,0,0,479,468,485,500
A036120,SCI평가정보,20120405,483,499,476,476,27532,0,0,483,468,485,500
A036120,SCI평가정보,20120404,482,484,473,483,18634,0,0,480,467,485,500
A036120,SCI평가정보,20120403,470,484,470,480,68114,0,0,474,467,485,500
A036120,SCI평가정보,20120402,505,505,472,479,42928,0,0,470,467,485,500
A036120,SCI평가정보,20120330,480,498,454,495,163720,0,0,466,467,485,500
A036120,SCI평가정보,20120329,454,475,454,462,32432,0,0,458,467,485,500
A036120,SCI평가정보,20120328,476,476,449,454,40551,10663,-13500,457,468,485,500
A036120,SCI평가정보,20120327,482,482,455,462,4216,10836,0,458,470,486,500
A036120,SCI평가정보,20120326,458,459,449,456,11017,10574,0,458,472,486,499
A036120,SCI평가정보,20120323,460,462,449,454,44056,10024,0,459,475,487,499
A036120,SCI평가정보,20120322,468,468,450,460,93595,10656,-2,461,478,487,499
A036120,SCI평가정보,20120321,467,467,452,458,12334,10454,0,464,481,488,499
A036120,SCI평가정보,20120320,458,465,454,460,136912,10609,0,465,485,488,499
A036120,SCI평가정보,20120319,460,467,450,461,86930,10609,0,467,488,489,499
A036120,SCI평가정보,20120316,465,476,458,467,31931,10610,0,469,490,489,499
A036120,SCI평가정보,20120315,461,473,450,473,55642,6775,0,469,492,490,499
A036120,SCI평가정보,20120314,461,480,461,466,28564,6902,0,468,493,490,499
A036120,SCI평가정보,20120313,478,478,463,469,112213,7953,0,469,495,491,499
A036120,SCI평가정보,20120312,481,481,460,470,101767,7987,0,471,496,491,500
A036120,SCI평가정보,20120309,469,483,460,467,85886,10295,0,474,498,492,500
A036120,SCI평가정보,20120308,471,472,462,469,53450,9826,0,479,498,493,500
A036120,SCI평가정보,20120307,470,476,456,472,67052,10024,0,484,499,493,500
A036120,SCI평가정보,20120306,473,483,470,479,15411,8298,0,488,500,494,500
A036120,SCI평가정보,20120305,494,499,424,484,216376,8411,0,493,500,494,500
A036120,SCI평가정보,20120302,486,501,486,492,78061,8186,0,497,499,494,500
A036120,SCI평가정보,20120229,490,495,483,493,106247,4641,0,503,499,494,500
A036120,SCI평가정보,20120228,500,507,490,490,111568,0,0,509,499,494,500
A036120,SCI평가정보,20120227,503,511,498,504,168551,0,0,519,499,494,500
A036120,SCI평가정보,20120224,522,538,499,505,259878,0,0,522,498,494,500
A036120,SCI평가정보,20120223,525,537,520,521,156688,0,-4000,521,497,493,500
A036120,SCI평가정보,20120222,538,549,500,525,374338,0,0,515,495,493,500
A036120,SCI평가정보,20120221,530,556,511,538,400630,0,0,510,493,493,499
A036120,SCI평가정보,20120220,504,569,502,519,409501,0,-30500,503,490,493,499
A036120,SCI평가정보,20120217,494,500,490,500,83317,0,0,498,489,492,498
A036120,SCI평가정보,20120216,502,502,486,494,333514,0,0,498,489,493,498
A036120,SCI평가정보,20120215,500,511,500,501,215655,0,-15000,497,489,493,498
A036120,SCI평가정보,20120214,515,516,498,499,145260,0,-22000,493,488,493,498
A036120,SCI평가정보,20120213,518,518,495,498,262929,0,-33000,489,488,494,498
A036120,SCI평가정보,20120210,487,510,484,500,77915,0,0,485,488,494,498
A036120,SCI평가정보,20120209,481,527,479,485,39800,0,-1,482,488,495,498
A036120,SCI평가정보,20120208,480,488,478,483,78073,0,0,482,489,495,498
A036120,SCI평가정보,20120207,479,483,478,480,8550,0,0,483,489,496,498
A036120,SCI평가정보,20120206,483,485,479,479,31592,0,0,484,489,498,498
A036120,SCI평가정보,20120203,487,487,480,483,91555,0,0,485,490,499,498
A036120,SCI평가정보,20120202,482,490,481,487,25372,0,0,486,489,500,497
A036120,SCI평가정보,20120201,490,490,479,484,24461,0,0,485,489,501,497
A036120,SCI평가정보,20120131,483,489,481,487,118226,0,0,486,489,502,497
A036120,SCI평가정보,20120130,483,495,483,486,68308,0,0,484,488,502,497
A036120,SCI평가정보,20120127,490,500,482,485,111647,0,-37000,487,488,503,498
A036120,SCI평가정보,20120126,490,490,478,482,60298,0,0,489,488,504,498
A036120,SCI평가정보,20120125,482,494,478,489,39195,0,-16000,492,488,505,498
A036120,SCI평가정보,20120120,495,505,475,480,133485,0,-17000,493,488,507,498
A036120,SCI평가정보,20120119,496,506,488,500,81132,0,-4999,496,489,508,499
A036120,SCI평가정보,20120118,490,520,488,496,50683,0,-15000,496,489,510,499
A036120,SCI평가정보,20120117,482,494,481,494,6570,0,-2000,497,488,511,499
A036120,SCI평가정보,20120116,491,496,480,493,1779,0,0,496,488,513,499
A036120,SCI평가정보,20120113,491,510,486,496,4322,0,0,495,489,515,499
A036120,SCI평가정보,20120112,485,504,485,500,20904,0,0,493,489,515,499
A036120,SCI평가정보,20120111,486,510,486,501,10479,0,-2000,490,489,515,499
A036120,SCI평가정보,20120110,487,514,485,490,25181,0,0,485,490,515,499
A036120,SCI평가정보,20120109,488,499,472,487,4430,0,0,483,491,516,499
A036120,SCI평가정보,20120106,503,503,465,488,8233,0,0,481,492,515,500
A036120,SCI평가정보,20120105,475,483,474,483,10085,0,0,478,494,514,500
A036120,SCI평가정보,20120104,480,480,460,475,31698,0,0,478,494,514,500
A036120,SCI평가정보,20120103,484,484,474,482,2919,0,1,483,494,514,500
A036120,SCI평가정보,20120102,480,481,471,479,16736,0,0,481,495,514,501
A036120,SCI평가정보,20111229,488,488,470,471,24443,0,0,484,495,514,501
A036120,SCI평가정보,20111228,550,550,473,481,74809,0,0,488,495,514,501
A036120,SCI평가정보,20111227,475,512,470,500,28245,0,0,492,496,513,502
A036120,SCI평가정보,20111226,486,495,475,475,21233,0,0,490,495,512,502
A036120,SCI평가정보,20111223,490,503,490,495,1108,0,0,493,496,511,502
A036120,SCI평가정보,20111222,499,499,475,490,3430,0,0,496,497,510,502
A036120,SCI평가정보,20111221,489,516,489,499,2143,0,0,498,499,510,503
A036120,SCI평가정보,20111220,518,518,482,489,1702,0,1,497,499,509,503
A036120,SCI평가정보,20111219,491,523,475,490,21175,0,0,502,501,509,503
A036120,SCI평가정보,20111216,504,525,490,510,2910,0,0,508,502,509,503
A036120,SCI평가정보,20111215,499,524,488,502,2438,0,-500,508,502,508,503
A036120,SCI평가정보,20111214,512,512,485,496,9078,0,0,511,503,508,503
A036120,SCI평가정보,20111213,522,522,498,512,1082,0,0,508,504,508,504
A036120,SCI평가정보,20111212,530,530,490,519,73993,0,0,503,506,507,505
A036120,SCI평가정보,20111209,565,579,485,511,97501,0,-5000,497,506,507,505
A036120,SCI평가정보,20111208,470,515,470,515,33200,0,0,492,508,506,506
A036120,SCI평가정보,20111207,484,486,476,484,6603,0,0,482,509,506,506
A036120,SCI평가정보,20111206,519,519,472,484,7468,0,-2,485,513,506,506
A036120,SCI평가정보,20111205,499,499,480,491,3700,0,0,487,517,506,506
A036120,SCI평가정보,20111202,467,500,453,485,12224,0,0,486,519,506,507
A036120,SCI평가정보,20111201,491,501,467,467,88235,0,0,494,522,506,507
A036120,SCI평가정보,20111130,530,530,480,498,6891,0,0,504,524,506,508
A036120,SCI평가정보,20111129,490,509,485,496,5312,0,0,504,526,506,509
A036120,SCI평가정보,20111128,560,560,485,485,10151,0,0,510,527,506,509
A036120,SCI평가정보,20111125,525,525,524,524,52,0,0,517,532,506,509
A036120,SCI평가정보,20111124,544,544,492,517,8286,0,0,515,534,505,510
A036120,SCI평가정보,20111123,529,529,500,500,34067,0,-18600,515,538,505,510
A036120,SCI평가정보,20111122,539,539,502,526,4805,0,-879,519,542,505,511
A036120,SCI평가정보,20111121,523,523,510,516,6871,0,0,522,545,504,511
A036120,SCI평가정보,20111118,524,524,510,514,8837,0,-1000,526,548,504,510
A036120,SCI평가정보,20111117,519,525,508,520,25342,0,-7000,532,553,503,510
A036120,SCI평가정보,20111116,561,561,515,519,29309,0,-9003,536,553,503,509
A036120,SCI평가정보,20111115,538,568,515,540,17124,0,1,544,552,502,508
A036120,SCI평가정보,20111114,530,544,515,535,16536,0,0,547,550,502,507
A036120,SCI평가정보,20111111,540,564,530,544,10121,0,0,548,549,501,506
A036120,SCI평가정보,20111110,550,569,525,544,17155,0,0,548,545,500,506
A036120,SCI평가정보,20111109,552,559,541,559,28411,0,-6500,542,540,499,505
A036120,SCI평가정보,20111108,535,559,527,552,47527,0,-10000,534,536,496,504
A036120,SCI평가정보,20111107,559,559,530,540,15855,0,0,530,532,495,503
A036120,SCI평가정보,20111104,560,560,518,544,6409,0,0,536,529,493,503
A036120,SCI평가정보,20111103,519,519,504,516,24034,0,-1,544,525,493,502
A036120,SCI평가정보,20111102,531,531,500,520,57986,0,4,557,521,492,502
A036120,SCI평가정보,20111101,571,571,531,531,88028,0,0,570,518,492,502
A036120,SCI평가정보,20111031,575,619,500,571,161701,0,-20000,580,513,492,501
A036120,SCI평가정보,20111028,574,610,567,580,42596,0,-1,583,507,491,501
A036120,SCI평가정보,20111027,581,598,581,585,133013,0,-12118,587,500,490,500
A036120,SCI평가정보,20111026,580,595,560,582,58654,0,0,575,493,489,499
A036120,SCI평가정보,20111025,600,600,550,580,88752,0,-19019,558,487,487,498
A036120,SCI평가정보,20111024,599,631,570,589,134681,0,0,544,482,486,498
A036120,SCI평가정보,20111021,525,601,522,600,657453,0,-153150,529,476,484,497
A036120,SCI평가정보,20111020,477,525,469,523,154047,0,-63329,503,470,483,496
A036120,SCI평가정보,20111019,508,510,495,500,113263,0,-30000,486,468,483,496
A036120,SCI평가정보,20111018,515,515,460,508,158919,0,0,483,468,483,496
A036120,SCI평가정보,20111017,470,524,470,514,76713,0,-6944,474,466,483,496
A036120,SCI평가정보,20111014,441,474,441,470,20285,0,-2003,466,465,483,496
A036120,SCI평가정보,20111013,489,489,415,440,33092,0,0,467,466,484,497
A036120,SCI평가정보,20111012,530,530,465,483,45418,0,-8701,467,468,485,497
A036120,SCI평가정보,20111011,473,479,451,463,18973,0,-2500,459,468,486,498
A036120,SCI평가정보,20111010,475,522,451,473,12349,0,-6000,454,470,486,499
A036120,SCI평가정보,20111007,459,475,433,475,6466,0,1,449,471,487,500
A036120,SCI평가정보,20111006,400,449,400,439,2335,0,0,442,471,488,501
A036120,SCI평가정보,20111005,474,474,440,444,1232,0,0,443,473,489,502
A036120,SCI평가정보,20111004,441,441,440,441,15,0,0,448,476,490,503
A036120,SCI평가정보,20110930,450,450,438,444,7360,0,0,454,478,492,505
A036120,SCI평가정보,20110929,444,471,433,442,17912,0,0,461,480,493,506
A036120,SCI평가정보,20110928,451,469,414,444,16724,0,0,468,482,494,507
A036120,SCI평가정보,20110927,471,472,408,470,14633,0,0,477,485,496,509
A036120,SCI평가정보,20110926,476,476,451,472,8944,0,0,482,485,496,510
A036120,SCI평가정보,20110923,478,478,459,476,9152,0,0,483,486,496,511
A036120,SCI평가정보,20110922,485,485,470,478,6790,0,0,484,487,496,512
A036120,SCI평가정보,20110921,491,491,472,488,3050,0,0,485,488,498,513
A036120,SCI평가정보,20110920,476,498,470,495,12679,0,0,485,488,499,514
A036120,SCI평가정보,20110919,498,498,450,477,19904,0,0,484,488,500,515
A036120,SCI평가정보,20110916,497,497,477,484,1072,0,0,487,489,502,515
A036120,SCI평가정보,20110915,494,494,482,483,1022,0,0,488,489,504,516
A036120,SCI평가정보,20110914,491,491,461,486,2966,0,0,488,490,505,517
A036120,SCI평가정보,20110909,490,491,473,489,2960,0,0,489,488,505,519
A036120,SCI평가정보,20110908,490,494,490,491,7240,0,0,490,484,506,519
A036120,SCI평가정보,20110907,505,505,476,493,4974,0,0,488,482,507,520
A036120,SCI평가정보,20110906,470,483,468,483,8153,0,0,487,481,508,521
A036120,SCI평가정보,20110905,473,489,470,488,10093,0,0,486,482,509,522
A036120,SCI평가정보,20110902,494,495,482,493,16490,0,0,488,482,510,523
A036120,SCI평가정보,20110901,485,490,470,485,15840,0,0,486,484,511,525
A036120,SCI평가정보,20110831,488,489,480,485,2104,0,0,487,486,512,526
A036120,SCI평가정보,20110830,490,496,464,481,25306,0,0,488,487,512,527
A036120,SCI평가정보,20110829,490,495,475,494,20207,0,0,491,488,514,528
A036120,SCI평가정보,20110826,471,496,471,487,16670,0,0,489,489,516,529
A036120,SCI평가정보,20110825,497,497,460,488,11782,0,0,490,489,517,530
A036120,SCI평가정보,20110824,496,498,461,492,1622,0,0,493,490,518,532
A036120,SCI평가정보,20110823,507,507,466,496,10426,0,0,494,490,517,533
A036120,SCI평가정보,20110822,496,496,470,483,3121,0,0,493,491,516,534
A036120,SCI평가정보,20110819,504,504,455,493,11250,0,0,487,493,515,536
A036120,SCI평가정보,20110818,496,515,486,501,13969,0,0,471,494,514,537
A036120,SCI평가정보,20110817,497,500,483,496,16736,0,0,460,495,513,538
A036120,SCI평가정보,20110816,450,494,443,491,17206,0,0,456,495,512,540
A036120,SCI평가정보,20110812,428,459,419,452,93666,0,0,457,496,511,541
A036120,SCI평가정보,20110811,450,478,416,416,298568,0,0,466,499,510,543
A036120,SCI평가정보,20110810,495,519,404,445,48523,0,0,487,504,511,545
A036120,SCI평가정보,20110809,496,496,453,475,66449,0,0,502,508,511,547
A036120,SCI평가정보,20110808,502,520,460,496,30192,0,0,509,510,512,549
A036120,SCI평가정보,20110805,518,518,472,500,5243,0,0,512,511,512,552
A036120,SCI평가정보,20110804,529,529,502,519,7857,0,0,513,512,512,554
A036120,SCI평가정보,20110803,525,525,505,520,24154,0,0,509,511,511,557
A036120,SCI평가정보,20110802,505,515,434,510,12208,0,0,505,511,511,559
A036120,SCI평가정보,20110801,520,530,501,510,7185,0,0,503,512,510,561
A036120,SCI평가정보,20110729,503,529,501,506,8409,0,0,503,513,510,563
A036120,SCI평가정보,20110728,500,510,479,500,6764,0,0,504,514,509,566
A036120,SCI평가정보,20110727,500,522,494,500,873,0,0,507,514,509,568
A036120,SCI평가정보,20110726,508,535,493,500,18025,0,0,511,513,509,571
A036120,SCI평가정보,20110725,510,510,494,508,21323,0,0,510,512,509,573
A036120,SCI평가정보,20110722,510,514,510,513,6817,0,0,512,514,509,576
A036120,SCI평가정보,20110721,519,519,513,513,3,0,0,514,516,509,578
A036120,SCI평가정보,20110720,512,529,495,523,1908,0,0,514,520,509,580
A036120,SCI평가정보,20110719,521,521,464,494,39555,0,0,512,523,509,582
A036120,SCI평가정보,20110718,519,519,510,519,7299,0,0,516,527,509,585
A036120,SCI평가정보,20110715,515,534,503,521,2955,0,0,517,528,509,587
A036120,SCI평가정보,20110714,534,534,504,513,61,0,0,516,528,510,589
A036120,SCI평가정보,20110713,513,520,504,513,4806,0,0,515,529,511,591
A036120,SCI평가정보,20110712,522,522,501,513,410,0,0,515,531,512,592
A036120,SCI평가정보,20110711,534,534,500,525,5793,0,0,518,532,513,594
A036120,SCI평가정보,20110708,510,530,501,514,22825,0,0,518,534,514,595
A036120,SCI평가정보,20110707,510,512,500,512,747,0,0,521,535,515,597
A036120,SCI평가정보,20110706,538,538,500,512,19780,0,0,519,538,516,600
A036120,SCI평가정보,20110705,520,544,511,529,5638,0,0,513,539,518,603
A036120,SCI평가정보,20110704,540,540,510,524,27518,0,0,504,539,519,605
A036120,SCI평가정보,20110701,548,548,502,529,11512,0,0,507,541,520,606
A036120,SCI평가정보,20110630,483,510,483,500,12317,0,0,513,544,522,608
A036120,SCI평가정보,20110629,467,546,463,483,68411,0,0,532,548,523,610
A036120,SCI평가정보,20110628,523,555,482,482,35536,0,0,553,550,525,612
A036120,SCI평가정보,20110627,513,585,513,540,9421,0,0,570,549,528,614
A036120,SCI평가정보,20110624,595,595,550,560,9417,0,0,572,544,528,615
A036120,SCI평가정보,20110623,588,600,540,595,54972,0,0,563,537,529,617
A036120,SCI평가정보,20110622,568,592,535,589,69192,0,0,551,529,529,618
A036120,SCI평가정보,20110621,549,620,531,568,33109,0,0,542,521,528,619
A036120,SCI평가정보,20110620,514,560,514,548,22297,0,0,538,513,529,620
A036120,SCI평가정보,20110617,540,540,506,516,8164,0,0,538,508,530,621
A036120,SCI평가정보,20110616,545,545,485,536,4388,0,0,544,504,532,622
A036120,SCI평가정보,20110615,556,560,473,540,27348,0,0,548,500,533,624
A036120,SCI평가정보,20110614,555,559,530,548,2789,0,0,549,496,534,625
A036120,SCI평가정보,20110613,585,585,530,552,4647,0,0,544,494,535,626
A036120,SCI평가정보,20110610,555,560,520,545,23367,0,0,549,490,536,628
A036120,SCI평가정보,20110609,550,558,533,555,26123,0,0,555,488,537,629
A036120,SCI평가정보,20110608,511,544,511,543,30272,0,0,561,485,538,630
A036120,SCI평가정보,20110607,534,580,511,523,41095,0,0,557,482,540,632
A036120,SCI평가정보,20110603,550,590,550,577,23886,0,0,544,480,541,633
A036120,SCI평가정보,20110602,582,620,543,579,103896,0,0,515,476,542,634
A036120,SCI평가정보,20110601,508,600,506,582,269457,0,0,485,471,543,635
A036120,SCI평가정보,20110531,462,525,462,525,350210,0,0,457,466,544,636
A036120,SCI평가정보,20110530,439,458,435,457,24384,0,0,436,465,546,638
A036120,SCI평가정보,20110527,439,439,421,433,21955,0,0,427,467,549,640
A036120,SCI평가정보,20110526,444,447,430,430,32163,0,0,430,471,553,642
A036120,SCI평가정보,20110525,424,458,392,440,69028,0,0,429,474,556,644
A036120,SCI평가정보,20110524,416,428,411,418,32917,0,0,433,477,560,646
A036120,SCI평가정보,20110523,465,468,411,416,185363,0,0,443,482,563,648
A036120,SCI평가정보,20110520,427,491,427,446,51943,0,0,459,487,568,649
A036120,SCI평가정보,20110519,465,465,427,427,116541,0,0,468,491,571,651
A036120,SCI평가정보,20110518,465,470,440,458,216340,0,0,481,497,575,653
A036120,SCI평가정보,20110517,498,498,460,466,81362,0,0,488,503,579,654
A036120,SCI평가정보,20110516,499,499,489,498,2540,0,0,494,508,582,656
A036120,SCI평가정보,20110513,493,499,482,489,6209,0,0,490,512,586,657
A036120,SCI평가정보,20110512,495,495,476,493,47973,0,0,490,517,592,658
A036120,SCI평가정보,20110511,498,498,480,494,60546,0,0,487,522,597,659
A036120,SCI평가정보,20110509,479,507,478,495,25678,0,0,488,527,602,660
A036120,SCI평가정보,20110506,489,491,460,477,127952,0,0,489,532,607,661
A036120,SCI평가정보,20110504,482,490,480,489,12303,0,0,493,538,612,662
A036120,SCI평가정보,20110503,499,499,482,482,39612,0,0,495,544,617,663
A036120,SCI평가정보,20110502,500,500,486,495,71030,0,0,499,550,622,664
A036120,SCI평가정보,20110429,504,504,488,500,52935,0,0,498,556,627,665
A036120,SCI평가정보,20110428,506,506,486,500,18617,0,0,501,561,632,665
A036120,SCI평가정보,20110427,508,508,489,498,55883,0,0,505,566,637,666
A036120,SCI평가정보,20110426,491,502,470,502,50681,0,0,513,571,642,667
A036120,SCI평가정보,20110425,511,515,470,491,177838,0,0,521,576,646,667
A036120,SCI평가정보,20110422,523,525,511,515,18254,0,0,537,580,651,668
A036120,SCI평가정보,20110421,579,579,520,521,68547,0,0,549,583,656,669
A036120,SCI평가정보,20110420,547,559,526,536,79626,0,0,560,588,660,670
A036120,SCI평가정보,20110419,569,569,539,541,59086,0,0,569,591,665,670
A036120,SCI평가정보,20110418,577,577,550,570,21976,0,0,580,595,668,671
A036120,SCI평가정보,20110415,579,584,566,576,81422,0,0,585,596,671,671
A036120,SCI평가정보,20110414,575,585,565,579,46762,0,0,589,598,673,672
A036120,SCI평가정보,20110413,599,600,570,580,183844,0,0,593,599,675,673
A036120,SCI평가정보,20110412,595,597,590,594,77897,0,0,599,600,677,673
A036120,SCI평가정보,20110411,606,606,590,594,289611,0,0,602,601,680,673
A036120,SCI평가정보,20110408,600,602,590,597,27262,0,0,605,603,683,674
A036120,SCI평가정보,20110407,610,610,595,599,11677,0,0,606,604,688,674
A036120,SCI평가정보,20110406,611,611,585,609,39650,0,0,607,606,690,675
A036120,SCI평가정보,20110405,609,618,590,610,8468,0,0,605,606,692,675
A036120,SCI평가정보,20110404,587,612,587,608,18368,0,0,600,608,694,675
A036120,SCI평가정보,20110401,603,603,580,602,16251,0,0,595,609,696,675
A036120,SCI평가정보,20110331,605,605,581,604,12712,0,0,590,612,698,675
A036120,SCI평가정보,20110330,606,606,573,599,7774,149,0,591,614,700,675
A036120,SCI평가정보,20110329,590,590,567,589,18535,149,0,592,617,702,675
A036120,SCI평가정보,20110328,583,595,575,579,41305,416,0,597,620,704,675
A036120,SCI평가정보,20110325,617,617,528,577,82884,539,0,600,622,707,675
A036120,SCI평가정보,20110324,607,627,602,613,21300,2810,0,607,626,709,675
A036120,SCI평가정보,20110323,615,615,600,604,10553,4617,0,606,628,710,675
A036120,SCI평가정보,20110322,590,615,590,614,30535,4617,0,606,630,711,675
A036120,SCI평가정보,20110321,582,610,582,590,35763,5078,0,606,633,713,674
A036120,SCI평가정보,20110318,607,618,607,615,12709,9734,0,613,639,715,674
A036120,SCI평가정보,20110317,560,630,560,607,19867,9734,0,615,639,716,674
A036120,SCI평가정보,20110316,657,657,524,602,38573,9780,0,620,645,718,674
A036120,SCI평가정보,20110315,570,627,570,616,24336,9726,0,623,658,720,673
A036120,SCI평가정보,20110314,643,643,616,625,10142,9444,0,627,667,721,673
A036120,SCI평가정보,20110311,630,630,620,627,14861,9454,0,629,676,722,672
A036120,SCI평가정보,20110310,610,654,610,628,63800,10011,0,634,684,724,672
A036120,SCI평가정보,20110309,645,645,615,621,43884,12014,0,640,692,725,671
A036120,SCI평가정보,20110308,628,635,610,635,200119,8688,0,646,701,727,670
A036120,SCI평가정보,20110307,653,657,624,634,88261,11226,0,648,709,728,670
A036120,SCI평가정보,20110304,659,659,639,654,63488,12674,0,648,717,729,669
A036120,SCI평가정보,20110303,659,659,647,658,14007,9531,0,645,723,730,668
A036120,SCI평가정보,20110302,662,662,632,647,126953,9012,0,647,730,730,667
A036120,SCI평가정보,20110228,665,665,625,645,36861,14145,0,645,737,730,666
A036120,SCI평가정보,20110225,620,667,620,635,69001,14155,0,653,744,731,666
A036120,SCI평가정보,20110224,626,700,626,641,137423,9325,0,665,751,731,665
A036120,SCI평가정보,20110223,647,672,633,665,53118,11305,0,661,759,732,664
A036120,SCI평가정보,20110222,690,699,635,637,206774,13219,0,674,765,731,663
A036120,SCI평가정보,20110221,680,690,651,687,176333,10095,0,717,773,731,662
A036120,SCI평가정보,20110218,585,711,552,695,885869,7533,0,741,777,730,661
A036120,SCI평가정보,20110217,701,701,621,621,1215479,9672,0,762,778,729,660
A036120,SCI평가정보,20110216,881,977,723,730,2559903,10547,-168693,797,783,729,660
A036120,SCI평가정보,20110215,815,880,808,850,346061,9661,-5000,806,782,728,658
A036120,SCI평가정보,20110214,805,819,797,808,205463,9721,0,796,774,724,656
A036120,SCI평가정보,20110211,796,809,792,800,210984,9773,0,794,771,721,654
A036120,SCI평가정보,20110210,810,832,780,796,230202,9105,0,792,771,718,652
A036120,SCI평가정보,20110209,808,808,777,777,33439,9308,0,790,774,715,650
A036120,SCI평가정보,20110208,797,800,772,799,50439,9110,0,794,773,712,648
A036120,SCI평가정보,20110207,796,810,791,797,50241,9080,0,792,770,709,647
A036120,SCI평가정보,20110201,769,800,769,790,48727,5680,0,788,766,706,645
A036120,SCI평가정보,20110131,795,797,785,788,60687,5308,0,785,763,702,643
A036120,SCI평가정보,20110128,766,796,766,794,25564,5512,0,787,760,699,641
A036120,SCI평가정보,20110127,750,791,750,790,55912,5412,0,785,756,695,639
A036120,SCI평가정보,20110126,795,795,764,776,35942,2364,0,789,753,692,637
A036120,SCI평가정보,20110125,810,810,775,775,46209,2481,0,784,750,689,635
A036120,SCI평가정보,20110124,770,802,769,800,48051,1677,0,774,748,685,634
A036120,SCI평가정보,20110121,807,812,763,786,100945,1883,0,759,742,682,632
A036120,SCI평가정보,20110120,749,810,749,807,172670,855,0,742,737,679,630
A036120,SCI평가정보,20110119,733,760,723,754,123262,1468,0,720,731,676,628
A036120,SCI평가정보,20110118,711,739,711,725,78199,1877,0,720,728,674,627
A036120,SCI평가정보,20110117,720,729,705,723,141334,1876,0,734,728,672,626
A036120,SCI평가정보,20110114,694,720,692,703,184350,1504,0,762,727,671,625
A036120,SCI평가정보,20110113,779,779,686,694,600054,1631,0,771,727,670,624
A036120,SCI평가정보,20110112,784,825,755,755,586801,2061,0,779,728,669,623
A036120,SCI평가정보,20110111,934,989,782,797,2642611,716,0,773,725,667,622
A036120,SCI평가정보,20110110,749,860,749,860,648002,1332,0,759,720,664,620
A036120,SCI평가정보,20110107,724,748,724,748,62101,2164,0,732,713,661,618
A036120,SCI평가정보,20110106,728,735,724,735,49516,1497,0,727,711,659,617
A036120,SCI평가정보,20110105,705,726,705,725,30590,1058,0,725,709,657,616
A036120,SCI평가정보,20110104,720,730,700,725,54387,1435,0,723,709,655,615
A036120,SCI평가정보,20110103,720,742,710,729,86890,1435,0,723,707,654,614
A036120,SCI평가정보,20101230,729,740,719,720,93897,1387,0,715,705,652,613
A036120,SCI평가정보,20101229,702,735,702,728,124920,1373,0,709,704,649,612
A036120,SCI평가정보,20101228,730,730,705,713,59400,1376,0,701,701,647,611
A036120,SCI평가정보,20101227,690,739,690,725,270057,1690,0,697,699,645,610
A036120,SCI평가정보,20101224,704,704,680,690,59097,2655,0,696,696,642,609
A036120,SCI평가정보,20101223,684,705,684,690,139160,2853,0,698,694,641,608
A036120,SCI평가정보,20101222,720,720,683,685,74766,1929,0,701,691,639,608
A036120,SCI평가정보,20101221,724,724,679,696,337132,2361,20000,705,688,638,607
A036120,SCI평가정보,20101220,702,765,701,719,153966,2180,60000,706,685,636,606
A036120,SCI평가정보,20101217,705,720,695,702,119841,2779,58491,704,681,634,605
A036120,SCI평가정보,20101216,710,730,702,702,54786,2212,0,704,678,632,605
A036120,SCI평가정보,20101215,697,710,690,706,107107,1612,0,706,674,629,604
A036120,SCI평가정보,20101214,710,710,697,703,34178,2323,2000,706,670,627,603
A036120,SCI평가정보,20101213,706,710,697,705,58634,2323,2000,709,666,625,603
A036120,SCI평가정보,20101210,709,709,692,705,63233,2492,14199,706,662,622,602
A036120,SCI평가정보,20101209,714,714,690,709,22610,0,0,703,657,620,601
A036120,SCI평가정보,20101208,700,728,695,710,102755,0,0,699,652,617,601
A036120,SCI평가정보,20101207,690,741,686,717,208983,0,10001,692,647,614,600
A036120,SCI평가정보,20101206,690,694,680,690,75641,2066,47813,682,641,611,600
A036120,SCI평가정보,20101203,671,690,671,690,65575,1554,0,678,637,609,599
A036120,SCI평가정보,20101202,671,689,669,689,96892,0,4000,670,631,606,599
A036120,SCI평가정보,20101201,670,673,660,673,28642,0,2000,657,626,604,599
A036120,SCI평가정보,20101130,660,670,650,669,65077,0,0,649,621,602,598
A036120,SCI평가정보,20101129,650,674,650,670,123987,0,0,642,617,600,598
A036120,SCI평가정보,20101126,628,650,625,650,79699,0,14012,637,612,598,598
A036120,SCI평가정보,20101125,635,635,620,625,40237,0,18872,634,609,596,598
A036120,SCI평가정보,20101124,595,632,595,632,94744,0,40203,635,609,595,598
A036120,SCI평가정보,20101123,635,644,601,635,21024,0,0,633,609,594,598
A036120,SCI평가정보,20101122,635,644,634,644,70062,0,0,629,608,593,598
A036120,SCI평가정보,20101119,632,644,615,634,192292,0,8792,624,607,591,598
A036120,SCI평가정보,20101118,625,630,620,630,31760,0,8600,620,607,590,598
A036120,SCI평가정보,20101117,618,620,615,620,19084,0,0,615,608,589,598
A036120,SCI평가정보,20101116,620,628,605,618,65631,0,0,613,608,588,598
A036120,SCI평가정보,20101115,610,620,610,620,34805,0,0,612,609,588,599
A036120,SCI평가정보,20101112,602,613,584,610,94605,0,0,606,611,587,599
A036120,SCI평가정보,20101111,609,611,595,609,13268,0,0,601,614,586,599
A036120,SCI평가정보,20101110,610,610,606,610,14282,0,0,596,615,585,600
A036120,SCI평가정보,20101109,605,615,574,609,81026,0,0,590,616,585,601
A036120,SCI평가정보,20101108,577,595,577,594,31859,0,0,584,616,584,601
A036120,SCI평가정보,20101105,584,584,575,583,62359,0,0,582,617,584,602
A036120,SCI평가정보,20101104,585,585,568,583,65648,0,0,582,618,584,602
A036120,SCI평가정보,20101103,590,590,560,582,73758,0,0,589,619,583,603
A036120,SCI평가정보,20101102,582,585,577,580,19025,3677,0,599,619,583,604
A036120,SCI평가정보,20101101,583,593,580,582,22591,3677,0,606,619,582,604
A036120,SCI평가정보,20101029,620,620,582,582,237246,3677,0,615,619,582,605
A036120,SCI평가정보,20101028,620,633,617,617,16945,3677,0,626,620,581,605
A036120,SCI평가정보,20101027,620,635,619,632,25532,3677,0,631,619,581,606
A036120,SCI평가정보,20101026,624,629,609,618,45919,3677,0,630,616,580,606
A036120,SCI평가정보,20101025,626,638,605,624,81074,3677,0,634,615,580,606
A036120,SCI평가정보,20101022,640,640,630,640,71236,3677,0,641,613,579,606
A036120,SCI평가정보,20101021,635,640,622,640,52125,3677,0,645,610,578,606
A036120,SCI평가정보,20101020,631,640,625,630,27407,3677,0,644,606,578,605
A036120,SCI평가정보,20101019,647,657,637,637,82132,3677,0,643,603,577,606
A036120,SCI평가정보,20101018,660,660,640,660,108676,3677,0,639,599,577,606
A036120,SCI평가정보,20101015,625,665,625,660,134588,3677,0,631,594,576,606
A036120,SCI평가정보,20101014,625,645,625,632,46526,3677,0,619,588,575,605
A036120,SCI평가정보,20101013,625,630,618,625,14438,3677,0,612,584,574,605
A036120,SCI평가정보,20101012,620,645,617,620,67907,3677,0,604,580,574,605
A036120,SCI평가정보,20101011,600,680,600,620,421014,3677,0,596,577,574,605
A036120,SCI평가정보,20101008,598,601,590,600,17851,3677,0,589,573,574,605
A036120,SCI평가정보,20101007,581,595,576,595,66027,3677,0,588,570,574,605
A036120,SCI평가정보,20101006,583,590,574,583,25934,3677,0,588,567,575,605
A036120,SCI평가정보,20101005,581,589,577,584,26006,3677,0,589,566,575,605
A036120,SCI평가정보,20101004,585,593,580,581,58603,3677,0,589,565,575,605
A036120,SCI평가정보,20101001,595,595,585,595,42172,3677,0,590,563,576,606
A036120,SCI평가정보,20100930,595,595,580,595,42599,3677,0,586,560,576,607
A036120,SCI평가정보,20100929,590,590,580,590,14252,3677,0,581,558,576,608
A036120,SCI평가정보,20100928,570,595,570,585,56206,3677,0,577,557,576,609
A036120,SCI평가정보,20100927,580,585,565,585,17746,3677,0,571,555,577,610
A036120,SCI평가정보,20100924,575,575,560,575,36388,3677,0,565,554,577,611
A036120,SCI평가정보,20100920,565,570,560,570,33723,3677,0,561,554,578,612
A036120,SCI평가정보,20100917,555,570,550,570,51761,3677,0,557,554,579,613
A036120,SCI평가정보,20100916,550,555,530,555,105508,3677,0,552,554,580,614
A036120,SCI평가정보,20100915,560,560,550,555,55538,3677,0,550,555,581,615
A036120,SCI평가정보,20100914,555,560,550,555,17133,3677,0,547,556,582,617
A036120,SCI평가정보,20100913,540,560,540,550,34532,3677,0,545,556,583,618
A036120,SCI평가정보,20100910,545,555,540,545,26014,3677,0,544,556,585,620
A036120,SCI평가정보,20100909,545,550,540,545,15172,3677,0,547,558,587,622
A036120,SCI평가정보,20100908,545,545,535,540,31697,3677,0,548,559,588,624
A036120,SCI평가정보,20100907,550,550,540,545,34583,3677,0,549,561,590,626
A036120,SCI평가정보,20100906,560,560,540,545,73038,3677,0,550,562,592,628
A036120,SCI평가정보,20100903,550,560,545,560,39246,3677,0,551,563,594,630
A036120,SCI평가정보,20100902,540,550,540,550,8682,3677,0,551,563,595,632
A036120,SCI평가정보,20100901,545,550,525,545,37702,3677,0,552,563,596,632
A036120,SCI평가정보,20100831,550,550,540,550,37894,3677,11985,556,563,598,633
A036120,SCI평가정보,20100830,565,565,545,550,156048,3677,20000,560,564,599,634
A036120,SCI평가정보,20100827,550,565,550,560,38214,3677,0,564,565,601,635
A036120,SCI평가정보,20100826,570,570,550,555,89505,3677,20000,567,567,602,636
A036120,SCI평가정보,20100825,570,570,555,565,54163,3677,20000,570,569,604,637
A036120,SCI평가정보,20100824,570,575,565,570,24574,3677,0,571,570,605,638
A036120,SCI평가정보,20100823,575,580,565,570,32332,3677,0,569,572,606,640
A036120,SCI평가정보,20100820,560,575,560,575,7740,3677,0,566,574,607,641
A036120,SCI평가정보,20100819,565,570,560,570,25508,3677,0,566,575,608,642
A036120,SCI평가정보,20100818,565,570,560,570,37772,3677,0,567,576,610,643
A036120,SCI평가정보,20100817,560,570,560,560,64631,3677,20000,568,578,611,644
A036120,SCI평가정보,20100816,575,575,555,555,50798,3677,0,571,580,613,645
A036120,SCI평가정보,20100813,575,580,565,575,32213,3677,0,572,583,615,647
A036120,SCI평가정보,20100812,575,580,560,575,52315,3677,17002,567,584,616,648
A036120,SCI평가정보,20100811,585,590,565,575,61526,3677,0,562,586,618,648
A036120,SCI평가정보,20100810,560,605,555,575,207641,3677,6000,558,588,620,650
A036120,SCI평가정보,20100809,550,565,545,560,41568,3018,0,555,590,621,651
A036120,SCI평가정보,20100806,545,550,540,550,43640,3018,0,559,594,623,652
A036120,SCI평가정보,20100805,565,570,540,550,61930,2712,0,568,596,625,654
A036120,SCI평가정보,20100804,570,580,555,555,97968,2561,0,577,599,627,656
A036120,SCI평가정보,20100803,585,590,560,560,58770,2561,0,584,601,628,658
A036120,SCI평가정보,20100802,600,600,580,580,49435,2561,0,592,604,629,658
A036120,SCI평가정보,20100730,600,600,590,595,63559,2561,0,597,605,630,659
A036120,SCI평가정보,20100729,590,595,590,595,36683,2561,0,598,606,632,658
A036120,SCI평가정보,20100728,605,605,590,590,43847,2561,0,599,606,632,657
A036120,SCI평가정보,20100727,605,605,600,600,59678,2561,0,602,607,633,656
A036120,SCI평가정보,20100726,605,605,600,605,69735,2561,0,603,608,633,655
A036120,SCI평가정보,20100723,600,605,595,600,70399,2561,0,603,608,633,654
A036120,SCI평가정보,20100722,600,605,595,600,107048,3477,0,605,610,634,653
A036120,SCI평가정보,20100721,605,605,600,605,31557,3992,0,607,610,634,652
A036120,SCI평가정보,20100720,605,615,595,605,160055,3992,0,610,612,636,651
A036120,SCI평가정보,20100719,610,615,600,605,27472,3992,0,612,613,636,650
A036120,SCI평가정보,20100716,610,615,600,610,130012,3992,0,615,615,636,649
A036120,SCI평가정보,20100715,620,625,605,610,135264,3992,0,614,618,636,648
A036120,SCI평가정보,20100714,615,630,615,620,97736,2026,0,612,619,635,647
A036120,SCI평가정보,20100713,630,645,615,615,225680,2026,0,609,621,635,646
A036120,SCI평가정보,20100712,605,690,595,620,667622,1375,0,607,623,635,645
A036120,SCI평가정보,20100709,605,645,605,605,182508,2709,0,605,624,635,644
A036120,SCI평가정보,20100708,605,610,595,600,100883,3080,39348,606,625,635,643
A036120,SCI평가정보,20100707,610,610,600,605,57850,3080,5935,607,627,636,642
A036120,SCI평가정보,20100706,610,610,605,605,18253,3080,0,608,628,636,641
A036120,SCI평가정보,20100705,610,610,605,610,16117,3230,0,610,630,638,640
A036120,SCI평가정보,20100702,610,615,605,610,15125,3230,0,611,632,640,639
A036120,SCI평가정보,20100701,610,620,600,605,107525,3230,20000,613,634,642,638
A036120,SCI평가정보,20100630,605,615,605,610,76899,3230,5595,616,636,643,637
A036120,SCI평가정보,20100629,615,620,605,615,123855,3235,0,621,637,645,636
A036120,SCI평가정보,20100628,620,620,595,615,224283,3235,42000,624,638,646,635
A036120,SCI평가정보,20100625,620,620,605,620,89766,1247,0,630,640,647,634
A036120,SCI평가정보,20100624,635,645,615,620,293045,1176,60000,637,641,648,633
A036120,SCI평가정보,20100623,630,640,630,635,70686,826,0,642,642,649,632
A036120,SCI평가정보,20100622,650,650,630,630,113151,826,1602,645,643,651,630
A036120,SCI평가정보,20100621,655,665,640,645,75152,1016,0,651,645,653,629
A036120,SCI평가정보,20100618,650,660,645,655,31529,1016,0,649,647,655,628
A036120,SCI평가정보,20100617,645,660,645,645,43230,1016,0,644,648,657,627
A036120,SCI평가정보,20100616,665,665,640,650,83036,1016,0,642,649,659,625
A036120,SCI평가정보,20100615,635,680,630,660,264949,1106,0,640,650,661,624
A036120,SCI평가정보,20100614,630,640,630,635,59519,1106,0,637,650,664,623
A036120,SCI평가정보,20100611,635,640,620,630,198472,1106,40000,639,653,667,622
A036120,SCI평가정보,20100610,635,640,630,635,107120,1106,20000,641,654,669,620
A036120,SCI평가정보,20100609,645,650,630,640,73034,1106,20000,643,654,669,619
A036120,SCI평가정보,20100608,645,655,635,645,76770,1106,0,642,654,669,618
A036120,SCI평가정보,20100607,635,645,630,645,57187,1106,4426,640,654,669,617
A036120,SCI평가정보,20100604,645,650,635,640,97782,1106,20000,640,654,670,615
A036120,SCI평가정보,20100603,640,650,635,645,89007,1106,0,641,655,670,614
A036120,SCI평가정보,20100601,630,650,630,635,130427,1106,38000,642,655,671,613
A036120,SCI평가정보,20100531,650,650,625,635,145129,1106,0,644,654,672,612
A036120,SCI평가정보,20100528,645,655,635,645,92245,1106,16154,653,653,673,610
A036120,SCI평가정보,20100527,650,660,635,645,36708,1106,0,659,651,674,609
A036120,SCI평가정보,20100526,630,660,630,650,64986,1106,0,664,651,676,608
A036120,SCI평가정보,20100525,680,715,610,645,468872,1106,60000,670,651,677,606
A036120,SCI평가정보,20100524,680,680,660,680,90146,553,0,676,653,678,605
A036120,SCI평가정보,20100520,680,690,655,675,226888,0,40000,671,649,678,603
A036120,SCI평가정보,20100519,685,685,660,670,155109,0,0,674,645,678,602
A036120,SCI평가정보,20100518,675,695,650,680,298472,0,26551,670,642,678,600
A036120,SCI평가정보,20100517,660,715,650,675,343759,0,0,663,638,678,598
A036120,SCI평가정보,20100514,680,695,645,655,265049,0,0,655,634,679,597
A036120,SCI평가정보,20100513,665,740,665,690,1032460,0,0,652,632,680,595
A036120,SCI평가정보,20100512,640,650,625,650,55149,13437,1010,642,628,682,594
A036120,SCI평가정보,20100511,645,665,630,645,91715,19735,15000,645,627,683,592
A036120,SCI평가정보,20100510,650,655,630,635,55189,24286,10000,644,625,686,591
A036120,SCI평가정보,20100507,630,640,605,640,124653,28491,0,639,626,687,590
A036120,SCI평가정보,20100506,655,660,630,640,76931,38227,0,635,628,688,588
A036120,SCI평가정보,20100504,640,665,630,665,95637,30428,0,630,633,687,587
A036120,SCI평가정보,20100503,605,655,605,640,178802,40437,0,626,636,684,586
A036120,SCI평가정보,20100430,620,625,600,610,112198,36194,0,626,638,682,584
A036120,SCI평가정보,20100429,625,630,600,620,91782,22187,0,642,644,680,584
A036120,SCI평가정보,20100428,640,645,610,615,167586,31664,0,638,647,678,582
A036120,SCI평가정보,20100427,640,655,630,645,118265,36288,0,635,650,676,581
A036120,SCI평가정보,20100426,720,725,640,640,493189,11777,0,626,652,673,580
A036120,SCI평가정보,20100423,600,690,600,690,745793,54416,0,618,655,670,579
A036120,SCI평가정보,20100422,605,605,595,600,143515,27197,0,602,658,667,577
A036120,SCI평가정보,20100421,605,605,600,600,112784,26087,0,603,666,665,576
A036120,SCI평가정보,20100420,600,610,590,600,198960,13403,0,606,672,663,575
A036120,SCI평가정보,20100419,610,615,590,600,97975,1488,0,610,680,661,574
A036120,SCI평가정보,20100416,605,615,600,610,131843,4740,0,613,690,659,573
A036120,SCI평가정보,20100415,605,615,600,605,212339,0,0,621,699,656,572
A036120,SCI평가정보,20100414,620,625,610,615,193941,5944,0,636,710,655,572
A036120,SCI평가정보,20100413,620,630,605,620,188647,1730,0,660,721,652,571
A036120,SCI평가정보,20100412,640,645,595,615,804481,0,0,682,726,650,570
A036120,SCI평가정보,20100409,690,695,650,650,302518,5445,0,695,727,648,569
A036120,SCI평가정보,20100408,725,755,680,680,559529,3389,0,710,726,645,567
A036120,SCI평가정보,20100407,735,760,720,735,176771,679,0,710,725,642,566
A036120,SCI평가정보,20100406,690,740,675,730,186464,5219,0,700,722,638,564
A036120,SCI평가정보,20100405,725,730,630,680,555717,4390,0,690,720,634,562
A036120,SCI평가정보,20100402,690,780,680,725,1113194,4166,0,695,720,631,560
A036120,SCI평가정보,20100401,685,700,675,680,124015,4783,0,700,719,627,558
A036120,SCI평가정보,20100331,680,705,650,685,135549,5526,0,713,720,624,557
A036120,SCI평가정보,20100330,700,715,680,680,262991,1109,0,723,722,620,555
A036120,SCI평가정보,20100329,750,750,645,705,245479,4768,0,740,724,617,554
A036120,SCI평가정보,20100326,745,755,720,750,140110,600,0,755,724,614,552
A036120,SCI평가정보,20100325,725,745,720,745,143047,0,0,765,722,609,550
A036120,SCI평가정보,20100324,765,780,710,735,621973,6353,0,783,719,605,548
A036120,SCI평가정보,20100323,795,875,745,765,1356234,1238,0,801,717,601,546
A036120,SCI평가정보,20100322,790,810,745,780,290186,7129,0,792,713,597,543
A036120,SCI평가정보,20100319,835,835,790,800,372870,0,0,762,708,592,541
A036120,SCI평가정보,20100318,825,850,780,835,1498605,0,0,730,704,587,538
A036120,SCI평가정보,20100317,755,825,740,825,2478163,9462,0,695,698,581,536
A036120,SCI평가정보,20100316,640,720,640,720,922351,10728,0,664,696,576,533
A036120,SCI평가정보,20100315,635,660,630,630,110132,10597,0,658,696,572,531
A036120,SCI평가정보,20100312,675,675,640,640,105080,10519,0,666,705,570,530
A036120,SCI평가정보,20100311,680,680,650,660,112632,6405,0,680,709,567,529
A036120,SCI평가정보,20100310,705,705,670,670,102936,2737,0,688,710,564,528
A036120,SCI평가정보,20100309,675,730,660,690,359108,5017,0,698,706,561,526
A036120,SCI평가정보,20100308,720,720,670,670,262111,4295,0,705,698,558,525
A036120,SCI평가정보,20100305,690,720,690,710,212447,16265,0,713,689,555,524
A036120,SCI평가정보,20100304,715,735,690,700,355336,12991,0,711,678,551,522
A036120,SCI평가정보,20100303,740,780,720,720,507027,17515,0,711,667,548,520
A036120,SCI평가정보,20100302,720,730,690,725,617581,3828,0,706,655,544,518
A036120,SCI평가정보,20100226,705,800,695,710,2184685,8410,0,698,642,540,517
A036120,SCI평가정보,20100225,695,725,675,700,310458,0,0,690,631,536,515
A036120,SCI평가정보,20100224,695,745,690,700,647125,0,0,695,620,532,513
A036120,SCI평가정보,20100223,680,720,680,695,512157,5981,0,697,609,528,511
A036120,SCI평가정보,20100222,670,715,670,685,694303,0,0,714,598,525,509
A036120,SCI평가정보,20100219,720,725,660,670,1254793,0,0,723,588,521,508
A036120,SCI평가정보,20100218,720,770,705,725,1763870,0,0,752,578,518,506
A036120,SCI평가정보,20100217,785,815,710,710,1791925,0,0,749,566,514,504
A036120,SCI평가정보,20100216,750,790,715,780,3531065,0,0,743,556,511,502
A036120,SCI평가정보,20100212,880,910,700,730,8006841,0,0,706,541,506,500
A036120,SCI평가정보,20100211,745,815,740,815,1295748,0,0,664,528,502,498
A036120,SCI평가정보,20100210,720,760,655,710,2914720,0,0,601,512,496,495
A036120,SCI평가정보,20100209,615,680,610,680,1839901,0,0,558,501,492,493
A036120,SCI평가정보,20100208,525,595,520,595,1442812,0,0,517,491,489,491
A036120,SCI평가정보,20100205,490,525,490,520,164688,0,0,493,486,488,490
A036120,SCI평가정보,20100204,495,500,485,500,44961,0,0,484,485,487,490
A036120,SCI평가정보,20100203,485,505,485,495,117484,0,0,482,484,487,490
A036120,SCI평가정보,20100202,475,485,475,475,88882,0,0,479,484,487,490
A036120,SCI평가정보,20100201,480,480,465,475,47983,0,0,480,484,487,490
A036120,SCI평가정보,20100129,490,490,470,475,51981,0,0,481,485,487,490
A036120,SCI평가정보,20100128,480,490,475,490,59294,0,0,482,486,488,490
A036120,SCI평가정보,20100127,480,480,470,480,86057,0,0,479,486,487,490
A036120,SCI평가정보,20100126,480,480,465,480,57846,0,0,480,486,488,490
A036120,SCI평가정보,20100125,475,480,475,480,44445,0,0,482,487,487,490
A036120,SCI평가정보,20100122,475,480,470,480,23242,0,0,483,488,488,490
A036120,SCI평가정보,20100121,485,485,440,475,108254,0,0,483,489,488,490
A036120,SCI평가정보,20100120,495,500,480,485,141510,0,0,486,490,488,490
A036120,SCI평가정보,20100119,485,490,485,490,21461,0,0,486,490,488,490
A036120,SCI평가정보,20100118,480,490,480,485,60281,0,0,486,490,489,490
A036120,SCI평가정보,20100115,490,490,480,480,18808,0,0,487,491,489,490
A036120,SCI평가정보,20100114,490,490,480,490,19409,0,0,490,492,489,490
A036120,SCI평가정보,20100113,490,490,480,485,61483,0,0,490,492,489,490
A036120,SCI평가정보,20100112,490,490,480,490,125794,0,0,491,492,489,490
A036120,SCI평가정보,20100111,495,495,480,490,101554,0,0,490,492,489,491
A036120,SCI평가정보,20100108,490,495,490,495,27732,0,0,490,492,490,491
A036120,SCI평가정보,20100107,490,495,485,490,32131,0,0,489,492,490,491
A036120,SCI평가정보,20100106,485,490,485,490,18929,0,0,489,492,490,491
A036120,SCI평가정보,20100105,480,490,480,485,33057,0,0,488,492,490,491
A036120,SCI평가정보,20100104,490,490,480,490,8665,0,0,491,492,490,491
A036120,SCI평가정보,20091230,490,490,480,490,39672,0,0,493,492,490,490
A036120,SCI평가정보,20091229,485,490,480,490,33082,0,0,494,491,490,490
A036120,SCI평가정보,20091228,495,495,485,485,68084,0,0,495,490,490,490
A036120,SCI평가정보,20091224,500,500,490,500,14973,0,0,495,490,490,490
A036120,SCI평가정보,20091223,495,500,490,500,38942,0,0,494,489,490,490
A036120,SCI평가정보,20091222,495,500,490,495,22473,0,0,494,488,490,489
A036120,SCI평가정보,20091221,490,495,485,495,23730,0,0,494,487,490,489
A036120,SCI평가정보,20091218,495,495,485,485,30002,0,0,494,486,490,489
A036120,SCI평가정보,20091217,495,500,490,495,40900,0,0,496,486,490,489
A036120,SCI평가정보,20091216,495,500,495,500,36899,0,0,493,486,490,488
A036120,SCI평가정보,20091215,495,495,485,495,20376,0,0,491,485,490,488
A036120,SCI평가정보,20091214,495,500,485,495,115623,0,0,490,485,490,488
A036120,SCI평가정보,20091211,480,500,480,495,55550,0,0,489,484,490,488
A036120,SCI평가정보,20091210,490,490,480,480,45954,0,0,487,484,491,487
A036120,SCI평가정보,20091209,490,490,480,490,10382,0,0,488,484,491,487
A036120,SCI평가정보,20091208,490,495,480,490,30957,0,0,488,484,491,487
A036120,SCI평가정보,20091207,480,495,480,490,6461,0,0,487,484,492,487
A036120,SCI평가정보,20091204,480,490,480,485,20967,0,0,484,484,492,487
A036120,SCI평가정보,20091203,485,490,485,485,8926,0,0,481,485,493,487
A036120,SCI평가정보,20091202,485,490,475,490,10430,0,0,480,485,493,486
A036120,SCI평가정보,20091201,480,485,475,485,11535,0,0,478,485,493,486
A036120,SCI평가정보,20091130,475,485,470,475,17800,0,0,477,485,493,486
A036120,SCI평가정보,20091127,470,480,470,470,38759,0,0,479,486,494,486
A036120,SCI평가정보,20091126,480,480,475,480,30808,0,0,482,487,494,486
A036120,SCI평가정보,20091125,480,480,475,480,23364,0,0,483,486,494,486
A036120,SCI평가정보,20091124,485,485,475,480,61079,0,0,484,487,494,486
A036120,SCI평가정보,20091123,485,490,480,485,14858,0,0,485,488,494,486
A036120,SCI평가정보,20091120,485,485,480,485,16,0,0,485,488,494,486
A036120,SCI평가정보,20091119,485,485,475,485,47896,0,0,486,489,494,486
A036120,SCI평가정보,20091118,485,485,480,485,44194,0,0,486,490,494,486
A036120,SCI평가정보,20091117,490,490,480,485,30752,0,0,488,490,494,486
A036120,SCI평가정보,20091116,490,490,480,485,12159,0,0,489,490,494,486
A036120,SCI평가정보,20091113,490,490,485,490,13398,0,0,490,491,494,486
A036120,SCI평가정보,20091112,495,495,485,485,31665,0,0,490,491,494,486
A036120,SCI평가정보,20091111,490,495,485,495,4378,0,0,491,492,494,486
A036120,SCI평가정보,20091110,490,495,485,490,9781,0,0,490,492,493,486
A036120,SCI평가정보,20091109,495,495,485,490,30925,0,0,490,492,493,486
A036120,SCI평가정보,20091106,490,500,490,490,34175,0,0,489,493,493,486
A036120,SCI평가정보,20091105,490,495,485,490,22891,0,0,489,493,493,486
A036120,SCI평가정보,20091104,480,490,480,490,7379,0,0,485,494,493,486
A036120,SCI평가정보,20091103,480,490,480,490,14815,0,0,485,494,493,486
A036120,SCI평가정보,20091102,490,490,480,485,3058,0,0,486,494,493,486
A036120,SCI평가정보,20091030,480,490,470,490,68633,0,0,489,494,493,486
A036120,SCI평가정보,20091029,480,490,470,470,120483,0,0,491,494,493,486
A036120,SCI평가정보,20091028,495,495,480,490,80792,0,0,496,495,493,486
A036120,SCI평가정보,20091027,500,500,490,495,37415,0,0,497,496,492,487
A036120,SCI평가정보,20091026,500,510,495,500,75330,0,0,497,495,492,487
A036120,SCI평가정보,20091023,495,505,495,500,22034,0,0,496,495,492,487
A036120,SCI평가정보,20091022,495,500,490,495,24841,0,0,495,495,492,487
A036120,SCI평가정보,20091021,495,500,490,495,44961,0,0,495,495,492,487
A036120,SCI평가정보,20091020,495,505,490,495,29831,0,0,496,495,491,487
A036120,SCI평가정보,20091019,495,500,485,495,32343,0,0,497,496,491,487
A036120,SCI평가정보,20091016,500,500,490,495,59065,0,0,497,496,492,487
A036120,SCI평가정보,20091015,500,505,490,495,30555,0,0,498,497,492,487
A036120,SCI평가정보,20091014,505,505,495,500,10611,0,0,498,498,492,487
A036120,SCI평가정보,20091013,495,505,495,500,12839,0,0,496,498,492,487
A036120,SCI평가정보,20091012,500,505,490,495,18076,0,0,494,498,492,487
A036120,SCI평가정보,20091009,495,500,490,500,52554,0,0,493,500,492,487
A036120,SCI평가정보,20091008,485,495,485,495,59296,0,0,491,500,492,486
A036120,SCI평가정보,20091007,485,495,480,490,60908,0,0,492,501,491,486
A036120,SCI평가정보,20091006,490,490,480,490,46711,0,0,493,501,491,486
A036120,SCI평가정보,20091005,485,495,485,490,68092,0,0,493,501,490,486
A036120,SCI평가정보,20091001,495,500,485,490,89393,0,0,493,502,490,486
A036120,SCI평가정보,20090930,490,500,485,500,29816,0,0,496,502,490,486
A036120,SCI평가정보,20090929,490,500,485,495,41038,0,0,495,500,489,486
A036120,SCI평가정보,20090928,485,490,475,490,109990,0,0,496,500,489,486
A036120,SCI평가정보,20090925,505,505,490,490,144912,0,0,498,500,488,486
A036120,SCI평가정보,20090924,495,505,490,505,41683,0,0,502,499,488,485
A036120,SCI평가정보,20090923,495,500,490,495,110692,0,0,503,498,487,485
A036120,SCI평가정보,20090922,500,505,490,500,108212,0,0,505,498,487,484
A036120,SCI평가정보,20090921,510,510,500,500,93607,0,0,506,497,486,483
A036120,SCI평가정보,20090918,515,515,500,510,99502,0,0,509,496,485,483
A036120,SCI평가정보,20090917,505,510,500,510,26605,0,0,511,495,485,482
A036120,SCI평가정보,20090916,510,515,495,505,121036,0,0,512,493,484,481
A036120,SCI평가정보,20090915,510,515,495,505,109610,0,0,512,492,483,480
A036120,SCI평가정보,20090914,525,525,505,515,75644,0,0,509,490,483,480
A036120,SCI평가정보,20090911,520,525,510,520,106913,0,0,504,489,482,479
A036120,SCI평가정보,20090910,510,515,500,515,157289,0,0,500,487,481,478
A036120,SCI평가정보,20090909,495,510,490,505,150141,0,0,495,486,480,477
A036120,SCI평가정보,20090908,490,505,480,490,264806,0,0,490,486,480,477
A036120,SCI평가정보,20090907,505,510,480,490,191546,0,0,489,485,479,476
A036120,SCI평가정보,20090904,490,505,485,500,74826,0,0,487,484,479,476
A036120,SCI평가정보,20090903,480,490,475,490,43347,0,0,484,483,478,475
A036120,SCI평가정보,20090902,480,485,470,480,114224,0,0,484,483,478,474
A036120,SCI평가정보,20090901,480,490,475,485,12326,0,0,484,483,478,474
A036120,SCI평가정보,20090831,485,485,475,480,95024,0,0,483,482,478,473
A036120,SCI평가정보,20090828,490,490,480,485,108137,0,0,484,482,478,473
A036120,SCI평가정보,20090827,480,490,480,490,19692,0,0,484,482,478,472
A036120,SCI평가정보,20090826,485,485,475,480,11428,0,0,482,482,478,471
A036120,SCI평가정보,20090825,480,485,480,480,37938,0,0,482,482,478,471
A036120,SCI평가정보,20090824,490,490,480,485,62559,0,0,481,482,478,470
A036120,SCI평가정보,20090821,480,490,480,485,95114,0,0,480,483,478,469
A036120,SCI평가정보,20090820,470,485,470,480,47445,0,0,481,484,478,468
A036120,SCI평가정보,20090819,475,485,475,480,48063,0,0,484,485,478,468
A036120,SCI평가정보,20090818,480,480,470,475,70333,0,0,486,486,479,467
A036120,SCI평가정보,20090817,490,500,470,480,141300,0,0,487,488,479,466
A036120,SCI평가정보,20090814,495,500,485,490,49711,0,0,487,490,479,465
A036120,SCI평가정보,20090813,490,505,480,495,78954,0,0,484,489,479,464
A036120,SCI평가정보,20090812,480,500,480,490,175536,0,0,481,489,479,464
A036120,SCI평가정보,20090811,480,480,475,480,33620,0,0,479,488,479,463
A036120,SCI평가정보,20090810,470,480,470,480,125532,0,0,477,486,479,462
A036120,SCI평가정보,20090807,480,480,470,475,20592,0,0,478,486,479,461
A036120,SCI평가정보,20090806,475,480,475,480,19338,0,0,480,486,480,461
A036120,SCI평가정보,20090805,480,480,470,480,67910,0,0,480,485,480,460
A036120,SCI평가정보,20090804,485,485,470,470,163202,0,0,480,484,480,460
A036120,SCI평가정보,20090803,485,485,475,485,92002,0,0,484,484,481,459
A036120,SCI평가정보,20090731,480,490,475,485,63152,0,0,486,483,482,458
A036120,SCI평가정보,20090730,475,485,475,480,65080,200,0,490,482,482,458
A036120,SCI평가정보,20090729,490,490,470,480,137571,200,0,495,481,482,457
A036120,SCI평가정보,20090728,490,500,475,490,80183,200,0,500,480,482,456
A036120,SCI평가정보,20090727,505,505,495,495,54082,200,0,504,479,483,456
A036120,SCI평가정보,20090724,505,515,500,505,27379,200,0,508,478,483,455
A036120,SCI평가정보,20090723,505,510,495,505,109961,200,0,503,476,482,454
A036120,SCI평가정보,20090722,510,515,495,505,94356,200,0,499,474,482,453
A036120,SCI평가정보,20090721,520,530,500,510,223278,200,0,492,472,482,452
A036120,SCI평가정보,20090720,480,540,475,515,567023,200,0,481,470,481,451
A036120,SCI평가정보,20090717,485,490,475,480,67437,200,0,472,467,481,450
A036120,SCI평가정보,20090716,470,485,465,485,108062,200,0,469,467,481,449
A036120,SCI평가정보,20090715,460,475,460,470,57514,200,0,465,466,481,448
A036120,SCI평가정보,20090714,470,475,455,455,38822,200,0,465,466,481,448
A036120,SCI평가정보,20090713,465,475,460,470,27429,200,0,467,467,481,447
A036120,SCI평가정보,20090710,460,470,455,465,56403,200,0,465,466,482,446
A036120,SCI평가정보,20090709,470,470,460,465,36038,200,0,465,467,482,445
A036120,SCI평가정보,20090708,465,470,460,470,29097,200,0,465,467,483,445
A036120,SCI평가정보,20090707,465,475,455,465,93842,200,0,464,468,483,444
A036120,SCI평가정보,20090706,460,470,455,460,57523,200,0,464,468,483,444
A036120,SCI평가정보,20090703,460,465,455,465,32703,200,0,465,469,483,443
A036120,SCI평가정보,20090702,465,465,455,465,4654,200,0,465,470,483,442
A036120,SCI평가정보,20090701,465,465,460,465,30401,200,0,466,472,482,442
A036120,SCI평가정보,20090630,465,470,460,465,45965,200,0,467,473,482,441
A036120,SCI평가정보,20090629,465,465,460,465,15396,200,0,466,474,481,441
A036120,SCI평가정보,20090626,460,465,455,465,40437,200,0,467,475,480,441
A036120,SCI평가정보,20090625,470,475,460,470,60141,200,0,468,476,479,440
A036120,SCI평가정보,20090624,465,470,445,470,44333,200,0,468,476,478,439
A036120,SCI평가정보,20090623,470,470,460,460,9579,200,0,468,478,477,0
A036120,SCI평가정보,20090622,470,475,470,470,10446,200,0,470,479,477,0
A036120,SCI평가정보,20090619,475,475,460,470,8880,200,0,469,480,476,0
A036120,SCI평가정보,20090618,465,475,465,470,4683,200,0,469,480,475,0
A036120,SCI평가정보,20090617,470,470,465,470,14954,200,0,470,481,474,0
A036120,SCI평가정보,20090616,465,475,460,470,35008,200,0,472,482,474,0
A036120,SCI평가정보,20090615,470,470,460,465,59077,200,0,472,484,473,0
A036120,SCI평가정보,20090612,470,470,465,470,19527,200,0,474,486,473,0
A036120,SCI평가정보,20090611,480,480,460,475,129558,200,0,478,487,472,0
A036120,SCI평가정보,20090610,470,480,465,480,40263,200,0,482,488,471,0
A036120,SCI평가정보,20090609,480,480,465,470,118157,200,0,486,488,470,0
A036120,SCI평가정보,20090608,480,485,475,475,86831,200,0,489,491,468,0
A036120,SCI평가정보,20090605,500,500,480,490,61913,200,0,489,493,467,0
A036120,SCI평가정보,20090604,495,500,485,495,51574,200,0,488,493,466,0
A036120,SCI평가정보,20090603,485,505,480,500,108680,200,0,486,494,465,0
A036120,SCI평가정보,20090602,480,490,470,485,166867,200,0,484,494,463,0
A036120,SCI평가정보,20090601,480,485,470,475,187186,200,0,485,495,462,0
A036120,SCI평가정보,20090529,485,485,475,485,18891,200,0,487,496,460,0
A036120,SCI평가정보,20090528,485,490,470,485,31816,200,0,485,496,459,0
A036120,SCI평가정보,20090527,490,495,475,490,132717,200,0,486,495,457,0
A036120,SCI평가정보,20090526,485,490,480,490,63778,200,0,487,495,455,0
A036120,SCI평가정보,20090525,470,495,460,485,280116,200,0,489,495,453,0
A036120,SCI평가정보,20090522,480,490,470,475,123363,200,0,492,496,452,0
A036120,SCI평가정보,20090521,495,495,485,490,86070,200,0,497,496,450,0
A036120,SCI평가정보,20090520,500,500,490,495,69785,200,0,496,496,448,0
A036120,SCI평가정보,20090519,505,505,490,500,86809,200,0,496,495,447,0
A036120,SCI평가정보,20090518,500,500,490,500,61499,200,0,500,494,445,0
A036120,SCI평가정보,20090515,485,500,485,500,88471,200,0,504,494,444,0
A036120,SCI평가정보,20090514,495,495,480,485,108918,200,0,503,493,442,0
A036120,SCI평가정보,20090513,510,525,485,495,309598,200,0,507,494,441,0
A036120,SCI평가정보,20090512,520,530,510,520,71374,200,0,508,494,440,0
A036120,SCI평가정보,20090511,500,520,495,520,173598,200,0,505,491,438,0
A036120,SCI평가정보,20090508,505,505,485,495,64472,200,0,499,488,435,0
A036120,SCI평가정보,20090507,505,505,490,505,141755,200,0,497,485,434,0
A036120,SCI평가정보,20090506,510,510,490,500,83141,200,0,491,482,432,0
A036120,SCI평가정보,20090504,490,505,475,505,174904,200,0,489,478,430,0
A036120,SCI평가정보,20090430,485,490,480,490,98702,200,0,485,473,428,0
A036120,SCI평가정보,20090429,475,485,470,485,19972,200,0,487,470,427,0
A036120,SCI평가정보,20090428,495,495,465,475,89179,200,0,488,467,426,0
A036120,SCI평가정보,20090427,485,500,480,490,126242,200,0,489,464,424,0
A036120,SCI평가정보,20090424,500,500,475,485,216592,200,0,486,460,423,0
A036120,SCI평가정보,20090423,490,505,485,500,82429,200,0,485,456,421,0
A036120,SCI평가정보,20090422,485,495,475,490,153375,200,0,484,452,419,0
A036120,SCI평가정보,20090421,470,480,465,480,51798,200,0,483,449,418,0
A036120,SCI평가정보,20090420,480,480,460,475,78154,200,0,490,446,416,0
A036120,SCI평가정보,20090417,490,500,455,480,377449,200,0,492,444,414,0
A036120,SCI평가정보,20090416,500,520,490,495,178022,200,0,489,442,412,0
A036120,SCI평가정보,20090415,515,530,485,485,179871,200,0,480,439,410,0
A036120,SCI평가정보,20090414,490,525,465,515,292845,200,0,471,435,409,0
A036120,SCI평가정보,20090413,475,485,465,485,320856,200,0,456,430,407,0
A036120,SCI평가정보,20090410,455,470,450,465,247777,200,0,444,426,405,0
A036120,SCI평가정보,20090409,445,470,435,450,314621,200,0,434,423,404,0
A036120,SCI평가정보,20090408,440,450,425,440,176929,200,0,430,421,403,0
A036120,SCI평가정보,20090407,425,440,420,440,109094,200,0,425,420,402,0
A036120,SCI평가정보,20090406,420,425,420,425,47546,200,0,420,419,402,0
A036120,SCI평가정보,20090403,430,435,415,415,155201,200,0,417,417,401,0
A036120,SCI평가정보,20090402,420,430,415,430,78099,200,0,416,418,401,0
A036120,SCI평가정보,20090401,415,425,410,415,99289,200,0,415,416,401,0
A036120,SCI평가정보,20090331,415,420,405,415,62827,200,0,418,414,400,0
A036120,SCI평가정보,20090330,410,415,405,410,34893,200,0,420,412,400,0
A036120,SCI평가정보,20090327,430,430,410,410,199280,200,0,425,410,0,0
A036120,SCI평가정보,20090326,430,435,420,425,149981,200,0,430,409,0,0
A036120,SCI평가정보,20090325,430,430,420,430,22939,200,0,430,407,0,0
A036120,SCI평가정보,20090324,445,445,425,425,35361,200,0,426,405,0,0
A036120,SCI평가정보,20090323,440,440,425,435,99856,200,0,425,403,0,0
A036120,SCI평가정보,20090320,430,450,420,435,49315,200,0,420,401,0,0
A036120,SCI평가정보,20090319,415,425,410,425,72833,200,0,413,399,0,0
A036120,SCI평가정보,20090318,425,430,410,410,105051,200,0,410,398,0,0
A036120,SCI평가정보,20090317,405,435,400,420,131185,200,0,413,400,0,0
A036120,SCI평가정보,20090316,405,415,400,410,67895,200,0,410,399,0,0
A036120,SCI평가정보,20090313,405,415,400,400,167901,200,0,407,398,0,0
A036120,SCI평가정보,20090312,425,435,410,410,185122,200,0,412,398,0,0
A036120,SCI평가정보,20090311,410,425,405,425,249538,200,0,408,398,0,0
A036120,SCI평가정보,20090310,410,440,395,405,613847,200,0,397,396,0,0
A036120,SCI평가정보,20090309,425,425,390,395,508488,200,0,391,396,0,0
A036120,SCI평가정보,20090306,385,445,385,425,1240608,200,-50690,388,396,0,0
A036120,SCI평가정보,20090305,375,390,350,390,178509,200,0,380,394,0,0
A036120,SCI평가정보,20090304,380,380,370,370,32561,200,0,380,395,0,0
A036120,SCI평가정보,20090303,380,380,370,375,92744,200,0,384,396,0,0
A036120,SCI평가정보,20090302,380,390,375,380,40605,200,0,387,398,0,0
A036120,SCI평가정보,20090227,395,395,385,385,25987,200,0,390,398,0,0
A036120,SCI평가정보,20090226,395,395,385,390,20344,200,0,391,399,0,0
A036120,SCI평가정보,20090225,385,395,380,390,46662,200,0,396,399,0,0
A036120,SCI평가정보,20090224,395,395,380,390,26320,200,0,405,398,0,0
A036120,SCI평가정보,20090223,390,400,380,395,52667,200,0,408,398,0,0
A036120,SCI평가정보,20090220,410,415,370,390,203374,200,0,408,397,0,0
A036120,SCI평가정보,20090219,425,450,415,415,132083,200,-20000,410,396,0,0
A036120,SCI평가정보,20090218,410,455,410,435,445570,200,0,406,394,0,0
A036120,SCI평가정보,20090217,405,405,390,405,213154,200,0,398,391,0,0
A036120,SCI평가정보,20090216,395,405,395,395,65669,200,0,397,390,0,0
A036120,SCI평가정보,20090213,395,405,390,400,126864,200,-22000,398,390,0,0
A036120,SCI평가정보,20090212,395,400,385,395,128192,200,0,397,390,0,0
A036120,SCI평가정보,20090211,390,400,385,395,37229,200,0,397,390,0,0
A036120,SCI평가정보,20090210,400,400,390,400,23855,200,0,399,390,0,0
A036120,SCI평가정보,20090209,400,410,400,400,31727,200,0,399,390,0,0
A036120,SCI평가정보,20090206,400,400,395,395,18393,200,0,398,390,0,0
A036120,SCI평가정보,20090205,405,405,390,395,29520,200,0,399,392,0,0
A036120,SCI평가정보,20090204,400,405,390,405,23675,200,0,397,392,0,0
A036120,SCI평가정보,20090203,390,400,390,400,5150,200,0,391,392,0,0
A036120,SCI평가정보,20090202,400,400,385,395,13579,200,0,386,392,0,0
A036120,SCI평가정보,20090130,380,400,380,400,48256,200,0,383,0,0,0
A036120,SCI평가정보,20090129,380,395,380,385,16450,200,0,378,0,0,0
A036120,SCI평가정보,20090128,380,385,375,375,23620,200,0,376,0,0,0
A036120,SCI평가정보,20090123,380,380,370,375,23712,200,0,377,0,0,0
A036120,SCI평가정보,20090122,375,380,370,380,10948,200,0,380,0,0,0
A036120,SCI평가정보,20090121,375,375,360,375,19448,200,0,381,0,0,0
A036120,SCI평가정보,20090120,390,390,375,375,46138,200,0,386,0,0,0
A036120,SCI평가정보,20090119,390,395,380,380,19084,200,0,390,0,0,0
A036120,SCI평가정보,20090116,390,395,385,390,6954,200,0,392,0,0,0
A036120,SCI평가정보,20090115,395,395,380,385,35138,200,0,396,0,0,0
A036120,SCI평가정보,20090114,395,400,390,400,12946,200,0,400,0,0,0
A036120,SCI평가정보,20090113,390,395,385,395,10605,200,0,403,0,0,0
A036120,SCI평가정보,20090112,410,410,380,390,89305,200,0,406,0,0,0
A036120,SCI평가정보,20090109,405,410,395,410,17017,200,0,406,0,0,0
A036120,SCI평가정보,20090108,410,420,400,405,32454,200,0,406,0,0,0
A036120,SCI평가정보,20090107,410,420,400,415,90252,200,0,0,0,0,0
A036120,SCI평가정보,20090106,395,415,380,410,167962,200,-3410,0,0,0,0
A036120,SCI평가정보,20090105,410,415,390,390,51859,200,0,0,0,0,0
A036120,SCI평가정보,20090102,400,415,400,410,13542,200,0,0,0,0,0
