stockCode,stackName,date,startPrice,highPrice,lowPrice,finalPrice,amountTrade,amounForeigner,amountAgencyBuy,days5MovAvr,days20MovAvr,days60MovAvr,days120MovAvr
A064520,바른전자,20190129,418,418,418,418,0,2999020,0,418,418,477,670
A064520,바른전자,20190128,418,418,418,418,0,2999020,0,418,418,480,675
A064520,바른전자,20190125,418,418,418,418,0,2999020,0,418,418,484,680
A064520,바른전자,20190124,418,418,418,418,0,2999020,0,418,418,487,685
A064520,바른전자,20190123,418,418,418,418,0,2999020,0,418,418,489,690
A064520,바른전자,20190122,418,418,418,418,0,2999020,0,418,418,494,695
A064520,바른전자,20190121,418,418,418,418,0,2999020,0,418,418,498,700
A064520,바른전자,20190118,418,418,418,418,0,2999020,0,418,418,502,705
A064520,바른전자,20190117,418,418,418,418,0,2999020,0,418,418,507,710
A064520,바른전자,20190116,418,418,418,418,0,2999020,0,418,418,512,716
A064520,바른전자,20190115,418,418,418,418,0,2999020,0,418,418,517,722
A064520,바른전자,20190114,418,418,418,418,0,2999020,0,418,418,522,727
A064520,바른전자,20190111,418,418,418,418,0,2999020,0,418,417,527,733
A064520,바른전자,20190110,418,418,418,418,0,2999020,0,418,416,532,739
A064520,바른전자,20190109,418,418,418,418,0,2999020,0,418,415,537,745
A064520,바른전자,20190108,418,418,418,418,0,2999020,0,418,418,542,751
A064520,바른전자,20190107,418,418,418,418,0,2999020,0,418,421,547,757
A064520,바른전자,20190104,418,418,418,418,0,2999020,0,418,425,552,764
A064520,바른전자,20190103,418,418,418,418,0,2999020,0,418,429,558,770
A064520,바른전자,20190102,418,418,418,418,0,2999020,0,418,433,563,776
A064520,바른전자,20181228,418,418,418,418,0,2999020,0,418,436,569,781
A064520,바른전자,20181227,418,418,418,418,0,2999020,0,418,439,575,786
A064520,바른전자,20181226,418,418,418,418,0,2999020,0,418,442,581,790
A064520,바른전자,20181224,418,418,418,418,0,2999020,0,418,445,588,794
A064520,바른전자,20181221,418,418,418,418,0,2999020,0,418,448,597,799
A064520,바른전자,20181220,418,418,418,418,0,2999020,0,418,456,602,803
A064520,바른전자,20181219,418,418,418,418,0,2999020,0,418,465,607,808
A064520,바른전자,20181218,418,418,418,418,0,2999020,0,415,474,612,814
A064520,바른전자,20181217,418,418,418,418,0,2999020,0,411,483,617,819
A064520,바른전자,20181214,418,418,418,418,0,2999020,0,406,492,623,824
A064520,바른전자,20181213,408,419,404,418,528273,2999020,44,418,501,628,829
A064520,바른전자,20181212,394,420,394,405,1434848,2735186,-19956,429,510,634,835
A064520,바른전자,20181211,387,406,386,394,1169669,2590477,50,449,519,640,840
A064520,바른전자,20181210,470,474,384,397,6174020,2471439,0,471,528,650,846
A064520,바른전자,20181207,468,478,465,474,1229706,2579278,0,489,538,660,852
A064520,바른전자,20181206,506,509,469,473,2629419,2341976,0,490,545,669,858
A064520,바른전자,20181205,490,518,485,506,3193486,2468634,22000,491,551,679,864
A064520,바른전자,20181204,530,630,499,505,31513091,2581144,167764,487,556,688,870
A064520,바른전자,20181203,481,490,480,485,795913,3060937,28,481,562,697,875
A064520,바른전자,20181130,490,490,479,479,589580,2782966,0,479,569,706,881
A064520,바른전자,20181129,486,492,476,481,1137879,2777084,0,499,578,715,887
A064520,바른전자,20181128,472,488,471,486,2133356,2555115,29,521,584,724,893
A064520,바른전자,20181127,491,493,461,472,3556460,2442035,-9971,544,591,734,899
A064520,바른전자,20181126,570,579,458,477,13633264,2474063,59637,569,597,743,904
A064520,바른전자,20181123,593,597,575,579,619585,1649323,8,595,602,752,910
A064520,바른전자,20181122,597,606,588,593,560985,1759766,10,599,606,760,915
A064520,바른전자,20181121,595,601,585,600,318569,1857230,-29989,597,611,767,920
A064520,바른전자,20181120,602,604,582,596,451994,1960960,95,595,615,774,924
A064520,바른전자,20181119,601,610,599,607,532715,1871380,-82,592,620,782,929
A064520,바른전자,20181116,588,607,586,598,618184,1772672,18,591,626,788,934
A064520,바른전자,20181115,586,597,580,583,462537,1620784,15,591,631,795,939
A064520,바른전자,20181114,584,604,583,591,486959,1255989,98,596,638,802,944
A064520,바른전자,20181113,590,598,577,583,750196,1253531,-11496,596,645,808,948
A064520,바른전자,20181112,601,609,597,599,591907,1219944,0,605,653,815,953
A064520,바른전자,20181109,610,614,594,601,704275,1162170,0,612,659,822,958
A064520,바른전자,20181108,600,614,598,605,979764,1015368,-23067,622,665,830,963
A064520,바른전자,20181107,620,628,583,594,1822464,899923,-20981,623,669,837,969
A064520,바른전자,20181106,638,645,617,624,750787,1134297,-16978,627,676,844,974
A064520,바른전자,20181105,650,651,625,638,819529,1181796,22,621,682,850,979
A064520,바른전자,20181102,599,689,599,651,5009175,1230965,-91711,612,687,857,984
A064520,바른전자,20181101,606,629,606,608,683114,1224281,-4908,613,694,863,989
A064520,바른전자,20181031,582,620,582,614,513376,1076907,-14907,630,701,870,995
A064520,바른전자,20181030,542,599,542,595,905905,922768,-3993,643,711,877,1000
A064520,바른전자,20181029,640,663,590,590,1274908,530760,-21043,662,723,884,1005
A064520,바른전자,20181026,687,690,650,660,721060,389538,13,688,740,891,1011
A064520,바른전자,20181025,660,740,650,689,2823589,481407,14,697,742,897,1016
A064520,바른전자,20181024,694,708,675,679,716289,555604,0,704,744,902,1020
A064520,바른전자,20181023,721,723,691,694,1043831,496663,81,715,747,908,1025
A064520,바른전자,20181022,688,768,680,720,5771043,478653,28,722,749,914,1029
A064520,바른전자,20181019,725,725,695,705,999672,942933,81,722,751,920,1034
A064520,바른전자,20181018,729,743,712,720,907980,1058806,1,725,753,926,1038
A064520,바른전자,20181017,730,747,728,736,707038,1100248,1,722,755,933,1043
A064520,바른전자,20181016,725,740,721,729,744677,597823,-61,720,756,939,1047
A064520,바른전자,20181015,730,769,721,721,2050411,782701,-48,724,769,946,1051
A064520,바른전자,20181012,677,729,677,720,2117849,878066,-29,727,783,953,1055
A064520,바른전자,20181011,707,755,687,702,5020159,410289,24,738,798,960,1059
A064520,바른전자,20181010,740,761,719,729,1057042,495827,20,750,815,967,1063
A064520,바른전자,20181008,740,799,738,746,2161092,381376,67,765,831,975,1066
A064520,바른전자,20181005,767,779,732,740,1591665,601091,-48,783,846,982,1070
A064520,바른전자,20181004,748,817,748,773,5400361,489886,0,820,861,989,1073
A064520,바른전자,20181002,785,801,764,764,2602336,668875,0,809,874,992,1077
A064520,바른전자,20181001,848,848,794,802,4181540,591614,64,800,888,996,1080
A064520,바른전자,20180928,906,915,816,834,11163687,606203,11,786,900,999,1084
A064520,바른전자,20180927,717,929,716,929,43272890,737579,71,769,909,1001,1087
A064520,바른전자,20180921,726,738,717,717,869077,1243955,71,732,914,1001,1089
A064520,바른전자,20180920,725,732,718,720,839361,1342665,0,738,930,1005,1093
A064520,바른전자,20180919,746,750,731,732,856006,1261710,0,746,946,1010,1097
A064520,바른전자,20180918,747,753,735,748,717132,1255421,0,752,960,1015,1101
A064520,바른전자,20180917,743,756,739,744,868482,1190833,0,800,975,1020,1105
A064520,바른전자,20180914,766,766,745,746,1345778,1124369,0,853,989,1025,1108
A064520,바른전자,20180913,759,779,737,759,1968468,1280808,0,908,1001,1030,1112
A064520,바른전자,20180912,812,823,745,762,10839008,1160552,62,965,1012,1036,1116
A064520,바른전자,20180911,1001,1019,974,987,1494131,1575297,50,1021,1024,1041,1120
A064520,바른전자,20180910,1019,1027,1005,1010,416612,1350703,0,1034,1025,1043,1123
A064520,바른전자,20180907,1036,1059,1014,1023,535207,1324718,48,1037,1026,1045,1125
A064520,바른전자,20180906,1036,1068,1036,1041,489270,1398740,48,1042,1026,1047,1128
A064520,바른전자,20180905,1050,1059,1036,1045,338891,1454770,-50,1041,1026,1049,1130
A064520,바른전자,20180904,1032,1068,1023,1050,708126,1388527,48,1040,1024,1052,1133
A064520,바른전자,20180903,1045,1054,1014,1027,461129,1408331,0,1035,1023,1054,1135
A064520,바른전자,20180831,1036,1090,1023,1045,1528530,1339844,0,1034,1022,1057,1137
A064520,바른전자,20180830,1054,1054,1023,1036,337559,1327704,0,1034,1021,1059,1140
A064520,바른전자,20180829,1036,1068,1027,1041,822496,1269584,50,1032,1020,1061,1142
A064520,바른전자,20180828,1023,1036,1014,1027,347312,1330345,0,1029,1020,1063,1144
A064520,바른전자,20180827,1041,1045,1019,1023,345499,1232553,0,1032,1020,1066,1146
A064520,바른전자,20180824,1027,1054,1010,1041,570069,1230122,0,1030,1019,1068,1149
A064520,바른전자,20180823,1032,1050,1019,1027,549472,1121070,0,1020,1017,1071,1152
A064520,바른전자,20180822,1045,1054,1023,1027,593952,1034675,49,1012,1016,1073,1156
A064520,바른전자,20180821,1019,1081,996,1041,2884354,1025765,0,1007,1016,1075,1159
A064520,바른전자,20180820,1001,1019,996,1014,284540,1278812,50,998,1017,1077,1163
A064520,바른전자,20180817,996,1005,974,992,253977,1250463,0,1001,1020,1080,1167
A064520,바른전자,20180816,978,1001,969,987,428510,1150826,-46,1010,1026,1082,1171
A064520,바른전자,20180814,992,1023,992,1001,231215,1101212,0,1019,1031,1086,1175
A064520,바른전자,20180813,1023,1023,987,996,488503,1073407,5,1021,1038,1088,1179
A064520,바른전자,20180810,1050,1050,1014,1027,302754,1089321,-960,1026,1044,1091,1182
A064520,바른전자,20180809,1036,1041,1019,1041,522264,1102254,-44,1023,1050,1094,1186
A064520,바른전자,20180808,1010,1036,1005,1032,555709,1040710,4,1020,1055,1097,1189
A064520,바른전자,20180807,1014,1019,1010,1010,160944,910000,-43,1019,1060,1100,1193
A064520,바른전자,20180806,1023,1036,1001,1019,507522,928031,0,1023,1069,1104,1196
A064520,바른전자,20180803,1019,1027,1005,1014,261786,855257,0,1023,1077,1107,1200
A064520,바른전자,20180802,1027,1050,1005,1023,970521,825470,0,1022,1084,1111,1204
A064520,바른전자,20180801,1032,1050,1019,1027,731615,898186,0,1018,1082,1115,1208
A064520,바른전자,20180731,1010,1045,1005,1032,694643,925884,-53,1013,1081,1120,1212
A064520,바른전자,20180730,1019,1041,1001,1019,708366,821217,-53,1013,1077,1123,1217
A064520,바른전자,20180727,1014,1036,996,1010,846625,800571,-49,1022,1073,1126,1222
A064520,바른전자,20180726,996,1010,983,1001,568539,846896,-51,1035,1071,1131,1227
A064520,바른전자,20180725,1032,1041,978,1001,1082381,793376,-51,1055,1068,1135,1232
A064520,바른전자,20180724,1072,1113,1005,1032,2253904,774925,-49,1074,1069,1138,1237
A064520,바른전자,20180723,1086,1203,1068,1068,9723224,689523,-50,1094,1069,1142,1242
A064520,바른전자,20180720,1090,1099,1050,1072,499735,1224742,-50,1105,1068,1145,1246
A064520,바른전자,20180719,1090,1131,1059,1104,999792,1158398,-2,1119,1066,1148,1250
A064520,바른전자,20180718,1126,1135,1095,1095,626826,1154323,-47,1126,1064,1150,1254
A064520,바른전자,20180717,1131,1140,1099,1131,834100,1096706,-2,1135,1063,1152,1258
A064520,바른전자,20180716,1149,1162,1113,1122,807147,980856,-1,1145,1060,1154,1261
A064520,바른전자,20180713,1149,1162,1104,1144,1203993,974813,-85,1160,1059,1156,1264
A064520,바른전자,20180712,1140,1144,1099,1140,1481137,1128796,46,1158,1059,1157,1267
A064520,바른전자,20180711,1180,1216,1140,1140,3787053,985082,43,1127,1060,1158,1270
A064520,바른전자,20180710,1167,1189,1140,1180,3046363,1437732,-85,1101,1061,1158,1273
A064520,바른전자,20180709,1162,1194,1108,1194,6716040,1344792,0,1055,1062,1158,1275
A064520,바른전자,20180706,987,1283,987,1135,29733567,1564919,-43,1005,1062,1157,1277
A064520,바른전자,20180705,1010,1077,978,987,1283428,1861280,-43,972,1065,1158,1280
A064520,바른전자,20180704,942,1054,942,1010,1185678,2068591,10,964,1074,1161,1285
A064520,바른전자,20180703,933,969,929,951,303938,2166972,12,966,1082,1164,1289
A064520,바른전자,20180702,992,1036,933,942,591918,2070601,8,982,1093,1168,1293
A064520,바른전자,20180629,951,1001,947,969,530425,2065839,52,1002,1105,1173,1297
A064520,바른전자,20180628,1001,1032,929,947,888091,2102190,8,1016,1115,1177,1302
A064520,바른전자,20180627,1032,1045,1019,1019,221007,1942945,6,1038,1127,1181,1305
A064520,바른전자,20180626,1019,1041,1014,1032,231941,1918155,5,1050,1134,1184,1309
A064520,바른전자,20180625,1036,1050,996,1045,229485,1907563,50,1057,1140,1187,1312
A064520,바른전자,20180622,1059,1059,1019,1036,287915,1898018,6,1069,1146,1189,1315
A064520,바른전자,20180621,1072,1104,1059,1059,266473,1880287,3,1090,1152,1191,1317
A064520,바른전자,20180620,1045,1095,1045,1077,344965,1867175,3,1110,1158,1193,1320
A064520,바른전자,20180619,1104,1113,1068,1068,398041,1843777,2,1128,1163,1196,1323
A064520,바른전자,20180618,1131,1149,1086,1104,597825,1837310,0,1152,1168,1200,1327
A064520,바른전자,20180615,1149,1167,1140,1144,307346,1838136,-1397,1170,1170,1203,1330
A064520,바른전자,20180614,1153,1162,1140,1158,403273,1814997,0,1181,1174,1206,1332
A064520,바른전자,20180612,1203,1203,1153,1167,485240,1794392,2,1186,1176,1208,1334
A064520,바른전자,20180611,1185,1221,1185,1189,649165,1794115,0,1186,1180,1211,1335
A064520,바른전자,20180608,1203,1216,1185,1194,594936,1827416,1,1182,1182,1214,1336
A064520,바른전자,20180607,1180,1207,1180,1198,650727,1868582,0,1178,1183,1216,1337
A064520,바른전자,20180605,1171,1198,1171,1180,593356,1743633,-1027,1174,1185,1218,1338
A064520,바른전자,20180604,1176,1189,1162,1171,437985,1685739,0,1172,1189,1220,1340
A064520,바른전자,20180601,1176,1203,1167,1167,635555,1671408,43,1170,1196,1222,1342
A064520,바른전자,20180531,1176,1194,1162,1176,709469,1716995,0,1167,1198,1224,1344
A064520,바른전자,20180530,1171,1194,1149,1176,715889,1725455,44,1165,1202,1226,1345
A064520,바른전자,20180529,1176,1203,1158,1171,793077,1753965,43,1163,1206,1229,1347
A064520,바른전자,20180528,1149,1167,1131,1162,603914,1759236,45,1163,1209,1233,1349
A064520,바른전자,20180525,1162,1167,1140,1149,506608,1704235,949,1166,1212,1239,1351
A064520,바른전자,20180524,1162,1198,1162,1167,840791,1694341,43,1170,1217,1244,1354
A064520,바른전자,20180523,1180,1198,1158,1167,645289,1852376,44,1168,1220,1249,1356
A064520,바른전자,20180521,1180,1185,1162,1171,269689,1907201,43,1177,1225,1254,1359
A064520,바른전자,20180518,1171,1185,1167,1176,462887,1908014,44,1185,1229,1260,1362
A064520,바른전자,20180517,1167,1180,1162,1167,439991,1872220,43,1197,1232,1265,1364
A064520,바른전자,20180516,1198,1203,1158,1158,1257094,1893870,44,1209,1235,1270,1367
A064520,바른전자,20180515,1212,1225,1194,1212,662865,1982012,42,1220,1238,1274,1369
A064520,바른전자,20180514,1238,1238,1189,1212,950723,1844209,41,1227,1238,1277,1371
A064520,바른전자,20180511,1221,1252,1212,1238,1004280,1845112,42,1237,1237,1281,1373
A064520,바른전자,20180510,1216,1234,1198,1225,784793,1955118,42,1249,1234,1285,1375
A064520,바른전자,20180509,1229,1261,1189,1212,1218535,1866834,43,1247,1230,1289,1378
A064520,바른전자,20180508,1274,1306,1238,1247,2826496,1955611,-37917,1254,1227,1293,1380
A064520,바른전자,20180504,1270,1288,1247,1265,2254664,2072124,37999,1256,1224,1296,1382
A064520,바른전자,20180503,1212,1427,1212,1297,17970028,2218045,0,1251,1220,1300,1384
A064520,바른전자,20180502,1225,1243,1212,1216,661396,2294897,0,1236,1214,1305,1386
A064520,바른전자,20180430,1261,1270,1221,1243,851805,2231889,0,1241,1213,1312,1389
A064520,바른전자,20180427,1234,1270,1234,1261,534830,2312101,0,1239,1213,1318,1392
A064520,바른전자,20180426,1234,1283,1234,1238,907493,2104446,0,1238,1210,1324,1395
A064520,바른전자,20180425,1221,1256,1221,1221,369892,2098234,0,1243,1207,1330,1398
A064520,바른전자,20180424,1234,1265,1212,1243,739429,2062705,0,1244,1206,1337,1401
A064520,바른전자,20180423,1265,1270,1203,1234,726748,1983366,0,1244,1203,1342,1401
A064520,바른전자,20180420,1265,1292,1247,1256,892945,1918042,0,1240,1201,1347,1401
A064520,바른전자,20180419,1225,1283,1225,1261,1439888,1915507,0,1230,1195,1353,1400
A064520,바른전자,20180418,1243,1270,1221,1225,737575,2041064,0,1217,1192,1358,1400
A064520,바른전자,20180417,1229,1247,1216,1243,898381,2099649,0,1205,1194,1363,1400
A064520,바른전자,20180416,1198,1229,1189,1216,607355,2060974,-1,1187,1197,1368,1400
A064520,바른전자,20180413,1212,1229,1194,1207,630184,1891801,-1,1175,1200,1373,1399
A064520,바른전자,20180412,1171,1198,1158,1194,552367,2021860,-1,1169,1206,1377,1399
A064520,바른전자,20180411,1149,1180,1149,1167,423757,1927497,0,1167,1212,1382,1399
A064520,바른전자,20180410,1162,1180,1131,1149,435807,1849290,0,1170,1220,1387,1399
A064520,바른전자,20180409,1162,1171,1144,1158,457738,1765364,0,1182,1230,1393,1399
A064520,바른전자,20180406,1171,1216,1167,1176,712540,1732791,0,1196,1238,1398,1399
A064520,바른전자,20180405,1180,1207,1180,1185,280174,1769164,0,1203,1245,1403,1399
A064520,바른전자,20180404,1212,1225,1176,1180,425202,1778986,0,1202,1252,1408,1399
A064520,바른전자,20180403,1221,1225,1189,1212,390576,1814743,0,1205,1258,1414,1398
A064520,바른전자,20180402,1203,1261,1203,1225,1141001,1765624,0,1201,1262,1418,1398
A064520,바른전자,20180330,1194,1234,1185,1212,650171,2057647,0,1195,1265,1422,1398
A064520,바른전자,20180329,1194,1234,1180,1180,602607,1959525,0,1178,1270,1426,1397
A064520,바른전자,20180328,1185,1198,1176,1194,334602,1986530,1,1182,1284,1430,1397
A064520,바른전자,20180327,1185,1221,1180,1194,595048,1957770,0,1196,1298,1434,1396
A064520,바른전자,20180326,1086,1292,1086,1194,2814999,1868451,1,1217,1312,1437,1396
A064520,바른전자,20180323,1162,1194,1122,1126,922949,1867840,1,1237,1326,1441,1397
A064520,바른전자,20180322,1261,1265,1198,1203,1888587,1727722,0,1274,1344,1444,1400
A064520,바른전자,20180321,1297,1301,1261,1261,819381,1642934,0,1296,1358,1447,1401
A064520,바른전자,20180320,1279,1301,1274,1301,407574,1669723,-1,1311,1369,1449,1402
A064520,바른전자,20180319,1315,1324,1292,1292,452573,1612027,-1,1318,1377,1453,1403
A064520,바른전자,20180316,1310,1337,1306,1315,457056,1597117,-1,1326,1383,1456,1404
A064520,바른전자,20180315,1324,1333,1301,1310,937321,1573726,996,1326,1388,1458,1405
A064520,바른전자,20180314,1342,1346,1328,1337,396613,1530924,-1,1328,1394,1460,1406
A064520,바른전자,20180313,1324,1342,1319,1337,561573,1534405,-1,1321,1400,1459,1407
A064520,바른전자,20180312,1319,1337,1319,1333,626571,1430974,-1,1311,1407,1459,1408
A064520,바른전자,20180309,1315,1342,1310,1315,1263071,1331084,-2,1302,1412,1458,1409
A064520,바른전자,20180308,1301,1351,1301,1319,1294672,1438876,-2,1303,1420,1459,1410
A064520,바른전자,20180307,1297,1324,1283,1301,910013,1522126,-3,1330,1430,1460,1411
A064520,바른전자,20180306,1288,1328,1283,1288,1151070,1516673,-4,1365,1444,1461,1412
A064520,바른전자,20180305,1319,1333,1274,1288,1055360,1533426,-6,1401,1461,1463,1414
A064520,바른전자,20180302,1400,1405,1301,1319,3990115,1378344,-7,1438,1475,1464,1416
A064520,바른전자,20180228,1472,1517,1454,1454,1642351,1406519,-10,1472,1490,1465,1417
A064520,바른전자,20180227,1458,1485,1458,1476,830821,1397194,-13,1480,1500,1464,1417
A064520,바른전자,20180226,1485,1494,1458,1467,532657,1229141,-18,1478,1506,1464,1417
A064520,바른전자,20180223,1499,1535,1476,1476,1412162,1153324,-24,1476,1511,1463,1417
A064520,바른전자,20180222,1485,1494,1467,1485,709004,1285987,-32,1464,1515,1463,1417
A064520,바른전자,20180221,1472,1512,1458,1494,1270799,1224284,-42,1453,1520,1463,1417
A064520,바른전자,20180220,1454,1476,1445,1467,763334,1122833,-56,1440,1524,1464,1416
A064520,바른전자,20180219,1427,1467,1418,1458,712910,985996,-74,1436,1527,1464,1416
A064520,바른전자,20180214,1427,1440,1405,1418,584063,837053,-106,1439,1532,1464,1416
A064520,바른전자,20180213,1436,1472,1427,1427,1096147,817711,6,1445,1534,1465,1416
A064520,바른전자,20180212,1454,1458,1423,1431,740682,818201,8,1455,1537,1465,1415
A064520,바른전자,20180209,1436,1463,1418,1445,847807,820290,11,1468,1541,1465,1415
A064520,바른전자,20180208,1445,1494,1436,1476,1025674,784600,1,1498,1542,1466,1414
A064520,바른전자,20180207,1508,1517,1445,1445,1303961,809468,7,1528,1541,1467,1413
A064520,바른전자,20180206,1409,1494,1373,1476,2591133,932512,0,1554,1542,1468,1413
A064520,바른전자,20180205,1562,1566,1499,1499,2134796,728995,-2005,1582,1542,1468,1413
A064520,바른전자,20180202,1633,1683,1571,1593,4078392,655941,-1,1611,1544,1468,1412
A064520,바른전자,20180201,1575,1692,1571,1629,7079653,758857,1,1611,1539,1468,1411
A064520,바른전자,20180131,1598,1607,1562,1571,1977930,957970,0,1600,1531,1466,1409
A064520,바른전자,20180130,1642,1642,1593,1616,1989309,920386,0,1597,1526,1466,1407
A064520,바른전자,20180129,1598,1678,1598,1647,6368767,922442,1,1591,1517,1466,1406
A064520,바른전자,20180126,1575,1625,1575,1593,3347534,1099647,2497,1577,1506,1466,1403
A064520,바른전자,20180125,1566,1602,1557,1571,2435286,981788,2,1564,1497,1466,1402
A064520,바른전자,20180124,1602,1602,1553,1557,2872441,961342,-1,1560,1487,1460,1401
A064520,바른전자,20180123,1580,1665,1580,1589,10241717,777353,-2,1543,1482,1454,1400
A064520,바른전자,20180122,1535,1642,1526,1575,12614142,985029,1,1522,1467,1448,1399
A064520,바른전자,20180119,1553,1562,1526,1530,2595486,1137131,2,1506,1458,1442,1398
A064520,바른전자,20180118,1476,1553,1472,1548,5793588,1106792,3,1494,1452,1437,1398
A064520,바른전자,20180117,1485,1499,1467,1472,1140540,1065202,3,1477,1451,1431,1397
A064520,바른전자,20180116,1499,1521,1472,1485,1310678,1024884,3,1475,1451,1426,1397
A064520,바른전자,20180115,1481,1508,1472,1494,2445150,945301,5,1475,1447,1421,1397
A064520,바른전자,20180112,1458,1512,1445,1472,2427289,889449,0,1481,1444,1416,1397
A064520,바른전자,20180111,1476,1503,1458,1463,1756132,960277,2,1485,1436,1411,1397
A064520,바른전자,20180110,1499,1526,1454,1463,2471771,971784,0,1489,1430,1406,1397
A064520,바른전자,20180109,1526,1539,1463,1481,2492589,879604,0,1487,1420,1401,1397
A064520,바른전자,20180108,1517,1598,1494,1526,8415943,845208,0,1482,1413,1395,1397
A064520,바른전자,20180105,1503,1535,1467,1490,3845474,718729,0,1460,1406,1389,1397
A064520,바른전자,20180104,1463,1593,1449,1485,11276425,741893,-1,1445,1401,1383,1398
A064520,바른전자,20180103,1476,1508,1445,1454,3998183,660456,0,1424,1396,1378,1399
A064520,바른전자,20180102,1423,1463,1418,1454,2496078,750998,0,1421,1392,1373,1400
A064520,바른전자,20171228,1418,1467,1409,1418,4026121,524953,0,1391,1387,1368,1402
A064520,바른전자,20171227,1391,1454,1378,1414,3427678,655560,0,1383,1386,1364,1403
A064520,바른전자,20171226,1409,1490,1373,1378,7495054,595622,-46000,1386,1388,1359,1404
A064520,바른전자,20171222,1292,1616,1283,1440,19975808,892585,46000,1414,1392,1355,1406
A064520,바른전자,20171221,1373,1405,1301,1306,1508921,1020993,0,1419,1393,1354,1408
A064520,바른전자,20171220,1423,1458,1364,1378,2032892,943042,0,1440,1402,1355,1410
A064520,바른전자,20171219,1535,1553,1423,1427,3478639,826337,1,1451,1410,1356,1413
A064520,바른전자,20171218,1458,1548,1454,1521,10001147,703965,2,1430,1413,1355,1414
A064520,바른전자,20171215,1423,1485,1409,1463,6171965,801954,3,1391,1410,1353,1416
A064520,바른전자,20171214,1440,1472,1387,1409,4034167,777829,3,1352,1410,1352,1417
A064520,바른전자,20171213,1310,1607,1306,1436,28183563,761026,5,1338,1412,1352,1418
A064520,바른전자,20171212,1333,1382,1319,1319,1025179,1170321,6,1330,1411,1352,1421
A064520,바른전자,20171211,1274,1328,1274,1328,873181,1248810,2863,1344,1420,1354,1423
A064520,바른전자,20171208,1342,1364,1270,1270,1063594,1069647,604,1353,1430,1356,1426
A064520,바른전자,20171207,1409,1423,1315,1337,1518985,921768,926,1375,1440,1359,1429
A064520,바른전자,20171206,1400,1431,1387,1396,1422825,907953,407,1380,1449,1361,1432
A064520,바른전자,20171205,1378,1431,1378,1391,1717172,892373,385,1379,1454,1362,1435
A064520,바른전자,20171204,1378,1396,1369,1373,833142,1039489,604,1392,1463,1363,1438
A064520,바른전자,20171201,1369,1409,1364,1378,1770690,1058781,518,1410,1471,1365,1441
A064520,바른전자,20171130,1396,1418,1355,1360,1392620,1047663,481,1425,1481,1367,1444
A064520,바른전자,20171129,1454,1476,1391,1391,1679418,885824,358,1451,1495,1370,1447
A064520,바른전자,20171128,1472,1562,1458,1458,5709693,915471,418,1478,1507,1371,1450
A064520,바른전자,20171127,1463,1476,1440,1463,1273058,1037178,281,1485,1512,1371,1453
A064520,바른전자,20171124,1508,1526,1454,1454,2190505,834529,307,1485,1500,1371,1455
A064520,바른전자,20171123,1526,1548,1485,1490,2575065,809873,838,1487,1488,1371,1458
A064520,바른전자,20171122,1503,1571,1494,1526,6393319,762911,804,1479,1475,1370,1461
A064520,바른전자,20171121,1485,1539,1472,1490,4244080,867006,785,1457,1460,1369,1463
A064520,바른전자,20171120,1467,1499,1458,1467,1823652,891044,-98736,1459,1445,1369,1466
A064520,바른전자,20171117,1458,1494,1436,1463,3043187,922322,6463,1469,1432,1368,1468
A064520,바른전자,20171116,1440,1490,1423,1449,3581199,838194,-97563,1475,1418,1367,1471
A064520,바른전자,20171115,1476,1526,1405,1418,4755998,648984,-98426,1485,1406,1365,1474
A064520,바른전자,20171114,1503,1539,1490,1499,2116502,668841,413,1502,1393,1364,1477
A064520,바른전자,20171113,1490,1553,1485,1517,4527171,642176,-98423,1515,1377,1362,1479
A064520,바른전자,20171110,1490,1499,1445,1490,2021529,876471,-5967,1520,1360,1359,1482
A064520,바른전자,20171109,1503,1562,1503,1503,5286965,625596,-331593,1537,1342,1358,1484
A064520,바른전자,20171108,1553,1553,1485,1503,3749112,420566,0,1563,1324,1357,1486
A064520,바른전자,20171107,1548,1571,1535,1562,4990309,419606,-63891,1590,1307,1356,1489
A064520,바른전자,20171106,1544,1548,1494,1544,5193275,514685,49892,1591,1286,1354,1491
A064520,바른전자,20171103,1602,1616,1530,1575,6633094,486542,-3000,1524,1268,1351,1493
A064520,바른전자,20171102,1616,1674,1566,1629,13368780,472669,0,1452,1247,1349,1495
A064520,바른전자,20171101,1750,1867,1633,1642,53495795,644733,-16000,1371,1224,1345,1496
A064520,바른전자,20171031,1221,1566,1216,1566,20164395,884954,-11396,1289,1198,1340,1496
A064520,바른전자,20171030,1216,1238,1207,1207,341150,904935,0,1216,1175,1338,1499
A064520,바른전자,20171027,1238,1238,1203,1216,396048,853506,0,1214,1174,1342,1504
A064520,바른전자,20171026,1247,1252,1212,1225,554433,807550,0,1210,1180,1346,1509
A064520,바른전자,20171025,1207,1265,1198,1229,1368192,855301,0,1204,1189,1350,1515
A064520,바른전자,20171024,1194,1216,1189,1203,337357,807071,0,1191,1198,1354,1520
A064520,바른전자,20171023,1194,1229,1194,1198,448227,787093,0,1186,1207,1359,1526
A064520,바른전자,20171020,1203,1212,1185,1194,398043,789610,0,1182,1216,1364,1532
A064520,바른전자,20171019,1167,1225,1162,1194,835448,850937,0,1168,1226,1368,1538
A064520,바른전자,20171018,1203,1203,1167,1167,373627,808681,0,1159,1237,1373,1544
A064520,바른전자,20171017,1171,1212,1162,1176,575836,817763,0,1157,1251,1378,1551
A064520,바른전자,20171016,1131,1216,1117,1180,1495776,824329,0,1150,1265,1382,1558
A064520,바른전자,20171013,1153,1162,1113,1122,366213,798265,-40,1151,1278,1387,1564
A064520,바른전자,20171012,1158,1162,1144,1149,380282,773329,0,1159,1295,1393,1570
A064520,바른전자,20171011,1135,1162,1131,1158,378171,799624,0,1161,1310,1399,1576
A064520,바른전자,20171010,1189,1198,1131,1140,642428,656313,0,1156,1324,1406,1582
A064520,바른전자,20170929,1162,1185,1153,1185,280974,773281,0,1150,1340,1413,1589
A064520,바른전자,20170928,1162,1212,1158,1162,477712,732174,4,1150,1356,1420,1595
A064520,바른전자,20170927,1135,1238,1135,1158,1226344,759397,35,1185,1373,1427,1601
A064520,바른전자,20170926,1072,1171,1072,1135,1074065,793369,0,1233,1391,1435,1607
A064520,바른전자,20170925,1189,1212,1104,1108,1251607,722243,0,1286,1407,1442,1613
A064520,바른전자,20170922,1315,1333,1117,1189,3384738,771336,0,1342,1425,1450,1620
A064520,바른전자,20170921,1396,1405,1328,1337,912235,652543,0,1380,1438,1457,1625
A064520,바른전자,20170920,1400,1445,1387,1396,647183,752224,0,1393,1444,1462,1630
A064520,바른전자,20170919,1409,1409,1382,1400,291297,885421,0,1395,1446,1466,1633
A064520,바른전자,20170918,1382,1405,1373,1387,364944,954825,0,1404,1449,1469,1637
A064520,바른전자,20170915,1391,1418,1373,1378,597119,875654,0,1417,1454,1474,1641
A064520,바른전자,20170914,1396,1423,1391,1405,441300,824813,0,1431,1456,1479,1645
A064520,바른전자,20170913,1454,1454,1405,1405,586346,763427,1169,1443,1456,1482,1648
A064520,바른전자,20170912,1458,1467,1423,1445,430161,743923,0,1452,1454,1486,1652
A064520,바른전자,20170911,1449,1476,1440,1454,321406,719698,0,1452,1449,1489,1655
A064520,바른전자,20170908,1472,1485,1436,1445,388239,760857,0,1450,1443,1493,1659
A064520,바른전자,20170907,1458,1503,1449,1467,776950,810322,0,1463,1440,1496,1662
A064520,바른전자,20170906,1445,1476,1440,1449,406712,731477,0,1470,1438,1500,1665
A064520,바른전자,20170905,1458,1472,1445,1445,355290,685447,0,1483,1438,1504,1668
A064520,바른전자,20170904,1440,1490,1436,1445,694965,674737,0,1487,1437,1508,1671
A064520,바른전자,20170901,1517,1517,1494,1508,373128,700915,0,1491,1436,1513,1673
A064520,바른전자,20170831,1521,1557,1499,1503,814351,662806,0,1481,1430,1516,1675
A064520,바른전자,20170830,1476,1521,1463,1512,1404442,743943,0,1472,1426,1520,1677
A064520,바른전자,20170829,1454,1476,1454,1467,349195,663912,0,1455,1420,1525,1679
A064520,바른전자,20170828,1458,1494,1454,1463,488609,618658,0,1455,1416,1529,1681
A064520,바른전자,20170825,1458,1490,1445,1458,334278,607759,0,1457,1414,1534,1682
A064520,바른전자,20170824,1427,1499,1427,1458,423957,586322,0,1451,1413,1540,1684
A064520,바른전자,20170823,1472,1494,1431,1431,626487,566673,0,1439,1412,1546,1687
A064520,바른전자,20170822,1481,1494,1440,1463,577251,554187,0,1425,1414,1552,1690
A064520,바른전자,20170821,1440,1526,1440,1476,2688668,564558,0,1401,1415,1558,1691
A064520,바른전자,20170818,1382,1440,1382,1427,450203,704996,0,1374,1416,1563,1693
A064520,바른전자,20170817,1373,1400,1373,1396,342379,659543,0,1365,1419,1569,1696
A064520,바른전자,20170816,1346,1400,1342,1364,508328,590882,0,1373,1422,1576,1699
A064520,바른전자,20170814,1333,1369,1333,1342,521952,538052,0,1389,1427,1583,1702
A064520,바른전자,20170811,1373,1373,1328,1342,541095,477801,0,1407,1434,1590,1706
A064520,바른전자,20170810,1418,1431,1373,1382,648140,454592,0,1421,1439,1597,1709
A064520,바른전자,20170809,1458,1476,1423,1436,512162,423958,1,1422,1443,1604,1713
A064520,바른전자,20170808,1431,1508,1431,1445,1387560,454025,0,1420,1445,1610,1716
A064520,바른전자,20170807,1409,1467,1409,1431,675136,594259,0,1411,1449,1615,1719
A064520,바른전자,20170804,1387,1418,1387,1409,267730,600580,0,1401,1456,1621,1723
A064520,바른전자,20170803,1427,1431,1382,1387,400190,557656,0,1402,1465,1628,1727
A064520,바른전자,20170802,1405,1431,1405,1427,189508,507554,0,1413,1475,1635,1732
A064520,바른전자,20170801,1373,1418,1369,1400,327886,475881,0,1417,1484,1640,1736
A064520,바른전자,20170731,1409,1427,1378,1382,458912,390975,0,1432,1493,1646,1740
A064520,바른전자,20170728,1440,1449,1414,1414,521245,365562,0,1451,1503,1653,1745
A064520,바른전자,20170727,1445,1458,1436,1440,442980,399875,-48209,1465,1512,1659,1748
A064520,바른전자,20170726,1472,1485,1449,1449,469690,384440,-32138,1476,1521,1666,1753
A064520,바른전자,20170725,1472,1494,1467,1476,440309,448234,0,1478,1529,1673,1757
A064520,바른전자,20170724,1476,1494,1467,1476,311691,439473,-80347,1475,1536,1680,1761
A064520,바른전자,20170721,1499,1512,1472,1485,406607,445593,-11719,1477,1544,1686,1764
A064520,바른전자,20170720,1476,1503,1454,1494,627171,502913,0,1467,1552,1692,1766
A064520,바른전자,20170719,1458,1481,1449,1458,597939,433176,-40000,1464,1561,1700,1767
A064520,바른전자,20170718,1481,1490,1458,1463,434130,371889,0,1466,1567,1708,1770
A064520,바른전자,20170717,1449,1553,1445,1485,1678178,352244,-56549,1479,1576,1716,1772
A064520,바른전자,20170714,1476,1490,1427,1436,692872,522870,-50000,1494,1585,1725,1775
A064520,바른전자,20170713,1472,1485,1458,1476,559339,468111,0,1524,1597,1733,1777
A064520,바른전자,20170712,1508,1530,1472,1472,790782,386778,14061,1548,1605,1741,1780
A064520,바른전자,20170711,1553,1589,1508,1526,1016257,384982,0,1574,1616,1748,1782
A064520,바른전자,20170710,1589,1602,1562,1562,658609,327628,-28200,1586,1624,1754,1783
A064520,바른전자,20170707,1602,1620,1584,1584,514588,331923,-30000,1591,1631,1759,1784
A064520,바른전자,20170706,1611,1616,1589,1598,401811,353600,0,1592,1638,1765,1785
A064520,바른전자,20170705,1625,1625,1584,1598,791304,340644,-50000,1596,1644,1770,1785
A064520,바른전자,20170704,1598,1633,1589,1589,998081,339106,-79125,1598,1652,1775,1786
A064520,바른전자,20170703,1593,1620,1584,1584,329275,399234,-31046,1604,1660,1780,1786
A064520,바른전자,20170630,1602,1620,1584,1593,540297,405982,-50844,1614,1669,1785,1786
A064520,바른전자,20170629,1611,1633,1598,1616,571242,399755,-52000,1624,1678,1789,1787
A064520,바른전자,20170628,1633,1660,1602,1607,985398,364636,-171395,1634,1686,1793,1786
A064520,바른전자,20170627,1629,1642,1620,1620,678209,393175,0,1630,1696,1798,1786
A064520,바른전자,20170626,1625,1678,1625,1633,1230828,378437,0,1634,1705,1801,1784
A064520,바른전자,20170623,1683,1701,1625,1642,3186349,385080,13335,1643,1714,1805,1782
A064520,바른전자,20170622,1575,1836,1575,1669,17272576,492485,-12360,1647,1721,1809,1780
A064520,바른전자,20170621,1642,1647,1580,1584,796210,297370,0,1643,1727,1811,1778
A064520,바른전자,20170620,1692,1692,1642,1642,552436,290263,0,1662,1738,1814,1777
A064520,바른전자,20170619,1660,1678,1656,1678,406707,306344,0,1672,1746,1818,1775
A064520,바른전자,20170616,1647,1678,1647,1660,506064,293367,-115,1676,1751,1821,1773
A064520,바른전자,20170615,1683,1692,1651,1651,596364,265942,-2541,1691,1756,1825,1771
A064520,바른전자,20170614,1701,1705,1674,1678,563526,263020,2656,1702,1763,1828,1770
A064520,바른전자,20170613,1701,1719,1678,1692,618783,258859,0,1717,1769,1831,1768
A064520,바른전자,20170612,1723,1732,1701,1701,533045,234269,0,1731,1773,1833,1766
A064520,바른전자,20170609,1705,1768,1678,1732,1598215,230566,0,1743,1776,1834,1764
A064520,바른전자,20170608,1755,1759,1696,1705,1585132,266400,6240,1750,1780,1834,1762
A064520,바른전자,20170607,1768,1782,1755,1755,494163,269962,0,1766,1785,1835,1759
A064520,바른전자,20170605,1759,1777,1755,1764,504913,282362,0,1774,1786,1834,1756
A064520,바른전자,20170602,1773,1786,1755,1759,757644,274610,5065,1782,1786,1833,1752
A064520,바른전자,20170601,1786,1791,1759,1768,630527,294135,0,1794,1785,1832,1749
A064520,바른전자,20170531,1795,1809,1782,1782,560344,295847,0,1798,1788,1830,1745
A064520,바른전자,20170530,1804,1818,1786,1795,786101,300533,0,1800,1792,1829,1741
A064520,바른전자,20170529,1840,1853,1791,1804,1111964,311470,0,1801,1794,1828,1738
A064520,바른전자,20170526,1786,1871,1777,1822,2318297,345084,0,1799,1798,1828,1735
A064520,바른전자,20170525,1809,1818,1777,1786,558564,266403,0,1789,1799,1825,1731
A064520,바른전자,20170524,1795,1827,1791,1791,749661,257363,0,1785,1804,1824,1728
A064520,바른전자,20170523,1804,1822,1786,1800,645329,277372,0,1786,1811,1823,1725
A064520,바른전자,20170522,1795,1827,1791,1795,632338,279165,0,1786,1818,1822,1721
A064520,바른전자,20170519,1777,1795,1768,1773,614878,288340,0,1781,1827,1822,1718
A064520,바른전자,20170518,1768,1786,1759,1768,645382,279587,0,1780,1838,1822,1716
A064520,바른전자,20170517,1809,1827,1791,1795,731866,270184,0,1786,1846,1822,1714
A064520,바른전자,20170516,1768,1853,1759,1800,2048694,291492,0,1788,1854,1821,1713
A064520,바른전자,20170515,1746,1809,1746,1768,848345,301724,0,1784,1858,1821,1711
A064520,바른전자,20170512,1804,1809,1768,1768,760438,314852,0,1782,1864,1823,1709
A064520,바른전자,20170511,1804,1840,1800,1800,822089,315522,0,1778,1869,1825,1707
A064520,바른전자,20170510,1809,1836,1782,1804,1226105,380060,0,1783,1877,1827,1706
A064520,바른전자,20170508,1755,1809,1755,1782,729911,384183,1133,1793,1882,1829,1704
A064520,바른전자,20170504,1732,1795,1728,1755,650087,370935,-5,1806,1888,1832,1703
A064520,바른전자,20170502,1813,1818,1723,1750,1841156,370116,0,1830,1893,1835,1701
A064520,바른전자,20170428,1867,1880,1822,1822,1043736,444907,-1,1849,1899,1837,1699
A064520,바른전자,20170427,1840,1907,1840,1858,2097478,487512,0,1862,1902,1838,1696
A064520,바른전자,20170426,1876,1889,1840,1844,1535366,421900,0,1876,1902,1839,1693
A064520,바른전자,20170425,1853,1898,1853,1876,795573,426191,0,1896,1903,1842,1689
A064520,바른전자,20170424,1876,1898,1840,1844,1227802,411681,0,1916,1901,1842,1686
A064520,바른전자,20170421,1930,1930,1880,1889,1375517,386979,1,1946,1901,1843,1683
A064520,바른전자,20170420,1948,1952,1912,1925,1407737,374581,-236,1952,1900,1839,1680
A064520,바른전자,20170419,2002,2002,1948,1948,1985829,375369,0,1958,1895,1835,1677
A064520,바른전자,20170418,2020,2033,1952,1975,2928056,382958,-2,1946,1886,1832,1674
A064520,바른전자,20170417,1925,2011,1925,1993,3452981,437242,-2,1926,1880,1828,1671
A064520,바른전자,20170414,1957,2006,1903,1921,4735408,366048,237,1902,1874,1824,1668
A064520,바른전자,20170413,1898,1952,1880,1952,3354748,386326,494,1910,1874,1822,1666
A064520,바른전자,20170412,1885,1934,1880,1889,1635294,270179,0,1902,1868,1819,1664
A064520,바른전자,20170411,1876,1948,1844,1876,3266869,313766,1,1905,1866,1815,1664
A064520,바른전자,20170410,1966,1970,1849,1871,2460957,280884,2,1901,1861,1812,1663
A064520,바른전자,20170407,1916,2060,1912,1961,8953332,365786,1,1901,1856,1809,1663
A064520,바른전자,20170406,1912,1943,1871,1912,2921333,308643,2,1882,1844,1805,1661
A064520,바른전자,20170405,1858,1939,1836,1903,2812543,363172,0,1872,1837,1800,1661
A064520,바른전자,20170404,1871,1885,1849,1858,1305958,277222,0,1865,1827,1796,1660
A064520,바른전자,20170403,1867,1898,1858,1871,957859,243828,0,1861,1819,1792,1660
A064520,바른전자,20170331,1853,1885,1844,1867,1046429,244828,0,1854,1810,1788,1659
A064520,바른전자,20170330,1876,1907,1844,1862,1619342,242934,-2155,1856,1800,1784,1659
A064520,바른전자,20170329,1849,1889,1822,1867,1869883,292379,0,1846,1792,1780,1658
A064520,바른전자,20170328,1849,1853,1809,1840,973618,322014,0,1828,1787,1774,1658
A064520,바른전자,20170327,1907,1907,1813,1836,1529624,244507,-4,1830,1784,1767,1658
A064520,바른전자,20170324,1831,1876,1822,1876,1677405,316761,2,1837,1775,1760,1658
A064520,바른전자,20170323,1818,1930,1804,1813,5068431,284936,0,1847,1767,1752,1658
A064520,바른전자,20170322,1831,1867,1777,1777,1603698,334066,0,1852,1764,1746,1658
A064520,바른전자,20170321,1858,1930,1827,1849,2017127,290377,2,1864,1763,1740,1658
A064520,바른전자,20170320,1939,1948,1871,1871,1579948,222158,-1,1852,1759,1732,1658
A064520,바른전자,20170317,1862,1925,1827,1925,3174059,224563,-4,1830,1754,1725,1657
A064520,바른전자,20170316,1898,1907,1809,1836,2104334,356694,0,1792,1746,1718,1657
A064520,바른전자,20170315,1809,1993,1800,1840,12592086,375321,0,1778,1742,1712,1657
A064520,바른전자,20170314,1777,1800,1746,1786,1319730,393527,-1249,1752,1741,1706,1655
A064520,바른전자,20170313,1737,1791,1705,1764,1442516,488396,1,1733,1745,1700,1655
A064520,바른전자,20170310,1773,1786,1642,1732,1645722,402288,2,1719,1750,1695,1654
A064520,바른전자,20170309,1714,1809,1692,1768,2484157,446107,-621,1704,1760,1690,1653
A064520,바른전자,20170308,1692,1723,1678,1710,545860,477315,-1,1692,1768,1683,1652
A064520,바른전자,20170307,1692,1737,1687,1692,555245,384759,1,1703,1781,1677,1653
A064520,바른전자,20170306,1638,1714,1633,1692,648076,467420,0,1720,1791,1672,1653
A064520,바른전자,20170303,1687,1710,1629,1656,887938,382195,0,1714,1800,1666,1654
A064520,바른전자,20170302,1773,1777,1705,1710,802136,290128,1086,1725,1812,1660,1656
A064520,바른전자,20170228,1777,1809,1746,1764,1182106,291363,0,1733,1825,1654,1657
A064520,바른전자,20170227,1665,1800,1665,1777,3219815,431978,0,1733,1835,1648,1657
A064520,바른전자,20170224,1692,1723,1665,1665,1066957,409372,0,1731,1840,1642,1658
A064520,바른전자,20170223,1741,1764,1705,1710,878580,338745,0,1752,1853,1638,1660
A064520,바른전자,20170222,1777,1786,1750,1750,700124,325748,0,1762,1851,1633,1662
A064520,바른전자,20170221,1782,1818,1759,1764,1190370,301750,0,1766,1845,1627,1664
A064520,바른전자,20170220,1777,1809,1759,1768,1152442,323624,0,1774,1846,1620,1666
A064520,바른전자,20170217,1755,1818,1755,1768,1324668,361085,0,1794,1846,1615,1668
A064520,바른전자,20170216,1777,1782,1714,1759,1562368,470872,0,1816,1845,1611,1670
A064520,바른전자,20170215,1786,1804,1764,1773,1231467,398264,0,1851,1845,1607,1672
A064520,바른전자,20170214,1885,1885,1764,1804,2198967,373708,0,1880,1846,1604,1674
A064520,바른전자,20170213,1862,1916,1840,1867,1247838,392256,0,1913,1840,1600,1677
A064520,바른전자,20170210,1930,1988,1871,1876,2631222,352172,0,1920,1830,1595,1679
A064520,바른전자,20170209,1925,1975,1921,1934,2274253,439446,0,1919,1822,1590,1682
A064520,바른전자,20170208,1966,1979,1889,1921,2169115,466658,0,1909,1812,1584,1685
A064520,바른전자,20170207,1912,2015,1907,1966,5092972,468853,0,1918,1796,1579,1689
A064520,바른전자,20170206,1885,1921,1858,1903,2061646,514487,0,1920,1779,1573,1692
A064520,바른전자,20170203,1898,1907,1831,1871,2747253,581367,-60280,1915,1766,1568,1695
A064520,바른전자,20170202,1979,2002,1885,1885,4315881,457308,30000,1924,1754,1561,1699
A064520,바른전자,20170201,1993,2055,1912,1966,6166195,449975,-280,1881,1740,1555,1703
A064520,바른전자,20170131,1871,2082,1867,1975,11646321,652715,0,1816,1722,1546,1706
A064520,바른전자,20170126,1948,1952,1849,1880,6654359,868143,0,1778,1699,1537,1708
A064520,바른전자,20170125,1678,2096,1678,1916,41238706,1017720,29520,1754,1677,1529,1712
A064520,바른전자,20170124,1647,1710,1647,1669,1525213,631047,0,1722,1652,1523,1716
A064520,바른전자,20170123,1759,1764,1642,1642,2478786,590940,0,1739,1638,1520,1721
A064520,바른전자,20170120,1755,1849,1741,1782,2809425,539757,0,1769,1628,1519,1726
A064520,바른전자,20170119,1755,1795,1750,1759,1190968,602461,0,1750,1610,1517,1731
A064520,바른전자,20170118,1741,1800,1728,1759,1321118,599265,0,1731,1593,1515,1735
A064520,바른전자,20170117,1827,1827,1755,1755,2644546,604131,0,1722,1577,1513,1739
A064520,바른전자,20170116,1714,1885,1710,1791,8819694,716216,0,1717,1562,1511,1744
A064520,바른전자,20170113,1665,1768,1651,1687,3614775,684003,0,1681,1547,1510,1748
A064520,바른전자,20170112,1719,1728,1647,1665,1736272,657073,0,1669,1536,1512,1753
A064520,바른전자,20170111,1732,1791,1705,1710,3308336,641408,0,1662,1525,1514,1759
A064520,바른전자,20170110,1629,1818,1616,1732,12803302,674234,560,1646,1513,1516,1764
A064520,바른전자,20170109,1642,1647,1589,1611,1058559,592981,399,1624,1497,1517,1770
A064520,바른전자,20170106,1638,1678,1620,1625,1671038,523397,81,1623,1484,1522,1775
A064520,바른전자,20170105,1629,1651,1616,1633,1220305,577873,0,1598,1472,1524,1781
A064520,바른전자,20170104,1629,1683,1620,1629,2781645,555092,1870,1561,1458,1528,1786
A064520,바른전자,20170103,1620,1651,1575,1620,2755575,553689,0,1517,1444,1531,1791
A064520,바른전자,20170102,1512,1656,1512,1607,7239402,653391,0,1474,1427,1534,1795
A064520,바른전자,20161229,1458,1584,1449,1499,5971103,667425,0,1438,1416,1537,1800
A064520,바른전자,20161228,1409,1449,1405,1449,729656,655585,-23852,1422,1411,1543,1807
A064520,바른전자,20161227,1405,1440,1400,1409,660169,560357,-59031,1416,1408,1549,1813
A064520,바른전자,20161226,1436,1445,1405,1405,676062,471562,-46230,1423,1409,1556,1819
A064520,바른전자,20161223,1431,1436,1414,1427,510217,481998,-65001,1435,1408,1563,1826
A064520,바른전자,20161222,1414,1449,1409,1418,820218,446069,-123436,1445,1407,1570,1832
A064520,바른전자,20161221,1431,1467,1418,1423,1004058,386262,-25164,1456,1405,1577,1838
A064520,바른전자,20161220,1472,1472,1436,1440,778935,390413,0,1462,1405,1583,1844
A064520,바른전자,20161219,1530,1530,1463,1467,904644,368453,0,1466,1410,1589,1850
A064520,바른전자,20161216,1481,1490,1449,1476,771023,471393,0,1454,1414,1596,1855
A064520,바른전자,20161215,1436,1521,1431,1476,1897860,518443,0,1431,1420,1602,1861
A064520,바른전자,20161214,1463,1481,1431,1449,967980,614977,0,1413,1424,1605,1866
A064520,바른전자,20161213,1418,1503,1414,1463,2995891,614528,-26000,1393,1430,1609,1872
A064520,바른전자,20161212,1387,1418,1378,1405,673035,722458,-9000,1369,1435,1613,1879
A064520,바른전자,20161209,1373,1387,1351,1364,695581,706508,-1,1347,1445,1617,1886
A064520,바른전자,20161208,1382,1414,1360,1382,795979,672858,0,1350,1458,1622,1894
A064520,바른전자,20161207,1342,1382,1324,1351,398853,705700,0,1354,1468,1628,1901
A064520,바른전자,20161206,1292,1351,1292,1342,752466,670415,0,1363,1480,1634,1909
A064520,바른전자,20161205,1373,1391,1297,1297,1190270,477601,0,1377,1487,1642,1917
A064520,바른전자,20161202,1391,1418,1373,1378,513017,500829,0,1398,1496,1651,1926
A064520,바른전자,20161201,1405,1431,1369,1400,620847,528755,0,1401,1501,1659,1934
A064520,바른전자,20161130,1418,1436,1391,1396,496146,482640,0,1397,1502,1666,1943
A064520,바른전자,20161129,1405,1445,1382,1414,714075,488302,-38500,1403,1503,1673,1952
A064520,바른전자,20161128,1409,1463,1373,1400,838006,488069,0,1430,1507,1682,1961
A064520,바른전자,20161125,1355,1414,1355,1396,869397,561220,0,1457,1512,1692,1970
A064520,바른전자,20161124,1440,1445,1351,1378,1074960,501604,0,1495,1523,1701,1979
A064520,바른전자,20161123,1526,1548,1414,1427,1911446,466190,0,1532,1536,1711,1988
A064520,바른전자,20161122,1530,1584,1521,1548,764452,493272,0,1561,1546,1721,1998
A064520,바른전자,20161121,1593,1598,1508,1535,916748,479764,0,1565,1551,1729,2006
A064520,바른전자,20161118,1580,1633,1566,1589,1901159,618791,0,1579,1558,1737,2014
A064520,바른전자,20161117,1584,1593,1557,1562,708697,664979,0,1584,1564,1744,2022
A064520,바른전자,20161116,1607,1607,1539,1571,783746,611689,0,1591,1576,1754,2031
A064520,바른전자,20161115,1589,1625,1557,1566,1288826,484652,0,1593,1588,1763,2040
A064520,바른전자,20161114,1616,1642,1589,1607,1212250,450362,0,1576,1600,1775,2049
A064520,바른전자,20161111,1616,1669,1607,1616,2341915,499665,0,1551,1611,1786,2059
A064520,바른전자,20161110,1584,1678,1580,1593,3468983,606701,0,1521,1623,1798,2068
A064520,바른전자,20161109,1490,1786,1490,1584,15431142,729901,0,1490,1633,1810,2077
A064520,바른전자,20161108,1499,1503,1463,1481,462007,1256318,0,1453,1645,1822,2087
A064520,바른전자,20161107,1463,1499,1463,1481,394099,1346194,0,1458,1662,1836,2098
A064520,바른전자,20161104,1427,1467,1418,1467,474328,1347183,-4,1463,1678,1851,2109
A064520,바른전자,20161103,1373,1454,1373,1436,975231,1282536,0,1491,1695,1865,2120
A064520,바른전자,20161102,1521,1526,1400,1400,1361774,978950,3,1533,1715,1880,2132
A064520,바른전자,20161101,1418,1544,1418,1508,1561212,976206,3,1579,1737,1895,2144
A064520,바른전자,20161031,1607,1607,1490,1503,1328854,675285,0,1604,1753,1910,2155
A064520,바른전자,20161028,1660,1665,1598,1607,565642,640832,0,1639,1768,1922,2166
A064520,바른전자,20161027,1625,1701,1625,1647,830120,708751,0,1658,1780,1934,2176
A064520,바른전자,20161026,1629,1665,1598,1629,725694,726322,1,1689,1790,1944,2185
A064520,바른전자,20161025,1687,1705,1593,1633,905102,680842,3,1726,1799,1955,2194
A064520,바른전자,20161024,1678,1732,1669,1678,838732,699040,0,1762,1807,1966,2203
A064520,바른전자,20161021,1795,1804,1687,1701,1695922,690752,0,1790,1815,1976,2212
A064520,바른전자,20161020,1818,1836,1795,1804,929844,691968,0,1821,1823,1987,2220
A064520,바른전자,20161019,1822,1853,1804,1813,983428,729431,0,1819,1816,1995,2228
A064520,바른전자,20161018,1822,1871,1809,1813,1071980,707166,0,1822,1810,2004,2236
A064520,바른전자,20161017,1876,1876,1809,1818,973465,734009,0,1822,1804,2013,2244
A064520,바른전자,20161014,1800,1907,1795,1858,2929561,743048,0,1822,1796,2022,2253
A064520,바른전자,20161013,1836,1836,1782,1795,741482,793770,0,1811,1784,2028,2260
A064520,바른전자,20161012,1809,1836,1791,1827,645036,828135,0,1818,1782,2037,2268
A064520,바른전자,20161011,1840,1858,1804,1813,772639,776206,0,1820,1777,2044,2276
A064520,바른전자,20161010,1809,1831,1786,1818,697162,831170,0,1826,1777,2051,2284
A064520,바른전자,20161007,1831,1862,1795,1800,1007893,805768,0,1823,1780,2057,2292
A064520,바른전자,20161006,1836,1853,1818,1831,636449,786330,0,1832,1782,2063,2299
A064520,바른전자,20161005,1858,1889,1822,1836,1380909,746417,0,1833,1782,2070,2305
A064520,바른전자,20161004,1795,1871,1786,1844,1015074,802919,0,1827,1780,2076,2312
A064520,바른전자,20160930,1867,1867,1786,1804,1114571,715589,0,1818,1787,2082,2319
A064520,바른전자,20160929,1840,1862,1818,1844,1036464,774300,0,1826,1796,2089,2326
A064520,바른전자,20160928,1809,1862,1809,1836,1456513,744737,-168906,1827,1799,2095,2332
A064520,바른전자,20160927,1804,1862,1795,1809,1523297,699508,-46119,1795,1808,2100,2338
A064520,바른전자,20160926,1822,1880,1795,1795,2100188,728570,-150901,1770,1818,2105,2345
A064520,바른전자,20160923,1871,1925,1836,1844,3387025,815640,-323729,1749,1829,2110,2353
A064520,바른전자,20160922,1692,2051,1669,1849,14460659,1027530,0,1714,1836,2114,2359
A064520,바른전자,20160921,1687,1714,1674,1678,1115551,1359616,-113552,1668,1847,2119,2365
A064520,바른전자,20160920,1696,1728,1665,1683,1123850,1379588,-327996,1684,1869,2126,2373
A064520,바른전자,20160919,1660,1705,1642,1692,1441229,1451406,-248107,1693,1892,2135,2382
A064520,바른전자,20160913,1625,1692,1620,1669,1108179,1222350,0,1717,1920,2145,2390
A064520,바른전자,20160912,1741,1741,1607,1616,2576472,1016004,0,1757,1952,2155,2401
A064520,바른전자,20160909,1705,1768,1687,1759,963510,1040121,0,1803,1987,2166,2412
A064520,바른전자,20160908,1818,1849,1728,1728,1681029,884939,0,1817,2014,2174,2422
A064520,바른전자,20160907,1871,1889,1804,1813,984469,737920,-273,1832,2044,2184,2432
A064520,바른전자,20160906,1840,1898,1836,1867,806375,708575,0,1863,2070,2192,2441
A064520,바른전자,20160905,1822,1898,1818,1849,1085083,659396,-110000,1886,2093,2200,2450
A064520,바른전자,20160902,1804,1844,1800,1827,1039187,676133,-70000,1899,2118,2210,2459
A064520,바른전자,20160901,1880,1907,1782,1804,2967311,506610,-120000,1935,2142,2220,2467
A064520,바른전자,20160831,1975,2020,1943,1966,1134188,491405,0,1977,2167,2232,2475
A064520,바른전자,20160830,1880,2145,1880,1984,3513270,502745,-140000,1986,2189,2240,2483
A064520,바른전자,20160829,1979,2002,1907,1916,988020,472643,0,1989,2203,2248,2488
A064520,바른전자,20160826,2011,2020,1988,2006,492294,451373,0,2017,2221,2257,2493
A064520,바른전자,20160825,2002,2029,1993,2011,651377,471678,0,2041,2235,2265,2498
A064520,바른전자,20160824,2011,2038,1997,2011,639495,474348,0,2066,2248,2274,2503
A064520,바른전자,20160823,2055,2069,1993,2002,1773999,469951,0,2116,2262,2283,2508
A064520,바른전자,20160822,2127,2136,2038,2055,1467100,463268,0,2178,2277,2292,2513
A064520,바른전자,20160819,2123,2168,2114,2127,1137740,533508,-100000,2228,2290,2301,2518
A064520,바른전자,20160818,2253,2271,2082,2136,5466007,599312,-214316,2264,2300,2308,2522
A064520,바른전자,20160817,2320,2338,2262,2262,1112255,456907,0,2302,2309,2316,2526
A064520,바른전자,20160816,2302,2365,2302,2311,1782536,475060,0,2316,2314,2324,2530
A064520,바른전자,20160812,2302,2343,2298,2302,880793,527525,0,2320,2317,2331,2533
A064520,바른전자,20160811,2329,2379,2293,2311,1944612,513105,0,2327,2314,2338,2537
A064520,바른전자,20160810,2338,2361,2316,2325,1216872,547355,0,2327,2313,2344,2540
A064520,바른전자,20160809,2329,2374,2311,2329,1039106,613542,0,2325,2310,2351,2543
A064520,바른전자,20160808,2352,2383,2334,2334,1113220,646071,0,2337,2304,2359,2545
A064520,바른전자,20160805,2325,2365,2307,2334,1498499,681562,38500,2325,2297,2367,2547
A064520,바른전자,20160804,2356,2401,2311,2311,1325653,720473,-55684,2314,2290,2375,2546
A064520,바른전자,20160803,2415,2442,2316,2316,3400855,779586,0,2308,2287,2384,2546
A064520,바른전자,20160802,2280,2392,2222,2392,3134882,1013542,0,2300,2280,2393,2549
A064520,바른전자,20160801,2293,2311,2266,2271,836991,1040751,0,2278,2270,2401,2551
A064520,바른전자,20160729,2289,2302,2266,2280,815200,1035462,0,2286,2267,2409,2554
A064520,바른전자,20160728,2271,2307,2262,2280,799473,1004258,0,2293,2263,2418,2557
A064520,바른전자,20160727,2284,2329,2271,2275,1347989,903420,0,2300,2257,2426,2559
A064520,바른전자,20160726,2311,2320,2275,2284,945422,887749,0,2311,2250,2433,2563
A064520,바른전자,20160725,2320,2361,2311,2311,1302369,911232,0,2327,2240,2440,2568
A064520,바른전자,20160722,2316,2343,2302,2316,1196768,929033,0,2337,2229,2447,2572
A064520,바른전자,20160721,2325,2383,2316,2316,1459931,914008,0,2324,2220,2454,2577
A064520,바른전자,20160720,2361,2392,2329,2329,1835683,872467,1822,2319,2210,2461,2582
A064520,바른전자,20160719,2406,2468,2361,2361,5530739,892598,-130070,2306,2204,2469,2589
A064520,바른전자,20160718,2248,2442,2235,2361,8654413,1011686,-269700,2275,2199,2476,2597
A064520,바른전자,20160715,2311,2311,2253,2253,1330963,835663,0,2242,2196,2483,2607
A064520,바른전자,20160714,2253,2334,2240,2289,2334464,832493,0,2231,2198,2492,2611
A064520,바른전자,20160713,2240,2338,2217,2266,3176200,865357,0,2222,2193,2500,2614
A064520,바른전자,20160712,2199,2231,2186,2208,986475,940902,0,2204,2196,2508,2618
A064520,바른전자,20160711,2204,2235,2177,2195,729411,938730,-40293,2202,2202,2517,2623
A064520,바른전자,20160708,2253,2257,2172,2195,1172974,911948,0,2203,2208,2527,2629
A064520,바른전자,20160707,2181,2334,2172,2244,5067531,914009,-20000,2205,2221,2534,2634
A064520,바른전자,20160706,2186,2257,2136,2177,1212709,966111,0,2187,2232,2540,2641
A064520,바른전자,20160705,2199,2226,2181,2199,690498,1002694,0,2178,2247,2548,2647
A064520,바른전자,20160704,2213,2262,2195,2199,1228724,1013479,0,2158,2260,2555,2655
A064520,바른전자,20160701,2186,2244,2154,2208,1882529,1266871,0,2136,2273,2563,2662
A064520,바른전자,20160630,2159,2190,2123,2150,1363409,1260293,0,2122,2286,2569,2671
A064520,바른전자,20160629,2127,2186,2114,2132,1342119,1203873,0,2114,2302,2576,2680
A064520,바른전자,20160628,2078,2127,2046,2100,1388320,1247027,0,2131,2325,2585,2688
A064520,바른전자,20160627,1984,2181,1984,2091,2374183,1174430,0,2161,2346,2595,2696
A064520,바른전자,20160624,2145,2343,1889,2136,5524312,1398693,-84800,2203,2371,2604,2705
A064520,바른전자,20160623,2204,2226,2105,2109,1561478,1231022,0,2234,2391,2611,2715
A064520,바른전자,20160622,2253,2257,2217,2217,765643,1291793,0,2251,2415,2620,2727
A064520,바른전자,20160621,2298,2320,2240,2253,1213947,1220046,0,2274,2435,2628,2735
A064520,바른전자,20160620,2280,2334,2280,2298,1108845,1285436,0,2287,2458,2636,2746
A064520,바른전자,20160617,2172,2433,2172,2293,4048177,1332642,0,2291,2481,2646,2755
A064520,바른전자,20160616,2316,2338,2181,2195,1638020,1255897,5000,2323,2500,2658,2766
A064520,바른전자,20160615,2325,2352,2316,2329,702244,1318056,0,2377,2524,2670,2770
A064520,바른전자,20160614,2383,2419,2316,2320,1029822,1260272,0,2407,2546,2679,2776
A064520,바른전자,20160613,2424,2433,2293,2320,1923079,1265185,0,2434,2571,2690,2781
A064520,바른전자,20160610,2495,2500,2450,2450,1025527,1209294,338,2462,2594,2699,2790
A064520,바른전자,20160609,2486,2509,2459,2468,1272075,1253831,0,2465,2615,2708,2798
A064520,바른전자,20160608,2459,2504,2433,2477,1770223,1283874,0,2467,2634,2713,2807
A064520,바른전자,20160607,2459,2473,2437,2455,1203377,1219676,0,2488,2653,2718,2824
A064520,바른전자,20160603,2464,2491,2446,2459,1216176,1183282,0,2503,2672,2726,2843
A064520,바른전자,20160602,2482,2518,2442,2464,2178290,1164304,0,2527,2687,2728,2857
A064520,바른전자,20160601,2522,2531,2468,2482,3301110,1065995,0,2542,2705,2729,2872
A064520,바른전자,20160531,2536,2612,2527,2581,2348975,1063400,0,2564,2720,2731,2884
A064520,바른전자,20160530,2563,2581,2527,2527,2387559,1128537,0,2572,2725,2732,2895
A064520,바른전자,20160527,2549,2594,2536,2581,1505470,1170933,0,2610,2734,2733,2900
A064520,바른전자,20160526,2581,2608,2522,2540,3134337,1106174,0,2644,2742,2734,2898
A064520,바른전자,20160525,2621,2684,2572,2590,3304839,935234,0,2672,2751,2735,2892
A064520,바른전자,20160524,2693,2729,2617,2621,4248551,900715,0,2689,2758,2735,2883
A064520,바른전자,20160523,2769,2832,2711,2720,5592737,887551,0,2719,2766,2736,2874
A064520,바른전자,20160520,3043,3155,2742,2747,17485019,898050,0,2736,2769,2735,2864
A064520,바른전자,20160519,2675,2765,2666,2684,2982826,889444,0,2745,2773,2736,2854
A064520,바른전자,20160518,2742,2760,2666,2675,2768758,872434,0,2779,2777,2736,2843
A064520,바른전자,20160517,2810,2850,2742,2769,2851270,889453,0,2813,2781,2737,2832
A064520,바른전자,20160516,2796,2859,2774,2805,2719899,939332,0,2832,2782,2736,2822
A064520,바른전자,20160513,2837,2855,2787,2792,2304853,861771,0,2840,2779,2730,2810
A064520,바른전자,20160512,2828,2872,2810,2855,2016011,938137,0,2834,2779,2728,2799
A064520,바른전자,20160511,2904,2913,2846,2846,2605784,870153,0,2827,2768,2716,2788
A064520,바른전자,20160510,2850,2926,2828,2863,4384393,886097,0,2813,2755,2708,2776
A064520,바른전자,20160509,2765,2944,2760,2846,9574293,938057,0,2778,2743,2704,2764
A064520,바른전자,20160504,2810,2859,2760,2760,2457414,883637,0,2750,2733,2702,2752
A064520,바른전자,20160503,2801,2828,2742,2819,2872893,981347,0,2746,2727,2699,2742
A064520,바른전자,20160502,2720,2850,2684,2778,6988981,939870,-2801,2724,2716,2696,2733
A064520,바른전자,20160429,2693,2733,2666,2688,1505574,656021,0,2714,2707,2692,2726
A064520,바른전자,20160428,2783,2783,2702,2706,1565355,598229,0,2734,2705,2694,2718
A064520,바른전자,20160427,2711,2810,2666,2738,3118811,627530,0,2750,2704,2696,2705
A064520,바른전자,20160426,2738,2742,2644,2711,3011674,468670,0,2768,2699,2697,2693
A064520,바른전자,20160425,2801,2810,2693,2729,2264471,580630,0,2776,2692,2701,2680
A064520,바른전자,20160422,2774,2828,2751,2787,1770305,636414,-200,2784,2687,2703,2668
A064520,바른전자,20160421,2850,2886,2783,2783,3867629,383856,0,2783,2683,2710,2656
A064520,바른전자,20160420,2756,2846,2747,2832,3438559,532424,0,2777,2679,2719,2644
A064520,바른전자,20160419,2765,2819,2742,2751,2217545,320258,0,2768,2684,2731,2631
A064520,바른전자,20160418,2747,2846,2747,2765,2343128,339736,0,2743,2697,2730,2618
A064520,바른전자,20160415,2756,2837,2724,2783,2895187,365926,0,2710,2705,2728,2605
A064520,바른전자,20160414,2841,2917,2756,2756,6295106,370912,0,2675,2710,2727,2592
A064520,바른전자,20160412,2679,2895,2657,2787,13445394,452676,0,2656,2720,2728,2579
A064520,바른전자,20160411,2617,2751,2599,2626,2924537,231611,15000,2627,2724,2730,2566
A064520,바른전자,20160408,2599,2635,2576,2599,1058014,210740,0,2619,2740,2734,2554
A064520,바른전자,20160407,2661,2715,2599,2608,1997748,176121,0,2620,2750,2741,2543
A064520,바른전자,20160406,2639,2733,2594,2661,2854543,263904,0,2628,2759,2747,2531
A064520,바른전자,20160405,2590,2675,2531,2639,2041666,329411,0,2632,2772,2754,2519
A064520,바른전자,20160404,2626,2648,2576,2590,1303176,321620,0,2634,2770,2762,2507
A064520,바른전자,20160401,2648,2657,2581,2603,1344725,361474,0,2629,2767,2774,2496
A064520,바른전자,20160331,2702,2724,2639,2648,1474834,278145,0,2634,2767,2784,2485
A064520,바른전자,20160330,2675,2724,2652,2679,1837794,310730,0,2645,2765,2791,2472
A064520,바른전자,20160329,2563,2751,2563,2648,4703557,384314,0,2652,2762,2798,2460
A064520,바른전자,20160328,2572,2612,2563,2567,1924902,304397,0,2707,2760,2807,2448
A064520,바른전자,20160325,2684,2702,2612,2630,3262941,295100,0,2797,2761,2819,2436
A064520,바른전자,20160324,2729,2760,2684,2702,2559123,301720,0,2855,2760,2833,2424
A064520,바른전자,20160323,2747,2819,2693,2715,6351078,252955,0,2891,2760,2842,2411
A064520,바른전자,20160322,3021,3025,2868,2922,5471518,115105,0,2939,2757,2856,2399
A064520,바른전자,20160321,2967,3106,2931,3016,12216256,181950,0,2931,2749,2864,2384
A064520,바른전자,20160318,2850,2953,2823,2922,3301065,283025,200,2915,2736,2873,2369
A064520,바른전자,20160317,2980,3052,2881,2881,5322660,97601,0,2890,2725,2870,2355
A064520,바른전자,20160316,2899,2953,2792,2953,4462730,130454,0,2873,2715,2872,2340
A064520,바른전자,20160315,3016,3052,2881,2881,8154786,87520,0,2863,2692,2873,2325
A064520,바른전자,20160314,2756,2940,2756,2940,6821658,168313,0,2811,2681,2881,2310
A064520,바른전자,20160311,2783,2890,2760,2796,5458699,157296,0,2727,2641,2889,2294
A064520,바른전자,20160310,2846,2904,2751,2796,9030393,99532,0,2688,2619,2902,2280
A064520,바른전자,20160309,2666,3178,2648,2904,37755842,389978,-14500,2651,2611,2930,2266
A064520,바른전자,20160308,2540,2684,2522,2617,4283935,750172,0,2595,2601,2959,2251
A064520,바른전자,20160307,2621,2621,2500,2522,2288980,540801,0,2592,2601,2986,2238
A064520,바른전자,20160304,2635,2639,2599,2599,1417288,560683,0,2606,2606,3014,2226
A064520,바른전자,20160303,2644,2661,2590,2612,2138899,592843,0,2609,2603,3037,2213
A064520,바른전자,20160302,2621,2706,2603,2626,2807481,568164,0,2623,2611,3058,2200
A064520,바른전자,20160229,2617,2661,2576,2599,1804937,641588,0,2632,2622,3066,2187
A064520,바른전자,20160226,2585,2652,2563,2594,2299296,721058,0,2665,2632,3062,2174
A064520,바른전자,20160225,2729,2751,2612,2612,3282899,660487,0,2694,2649,3050,2162
A064520,바른전자,20160224,2639,2801,2599,2684,5369375,804614,0,2714,2663,3032,2149
A064520,바른전자,20160223,2774,2792,2630,2670,4549931,889266,5000,2713,2686,3012,2135
A064520,바른전자,20160222,2765,2828,2711,2765,5111883,997824,0,2676,2721,2993,2122
A064520,바른전자,20160219,2693,2881,2617,2738,11754582,1241318,0,2656,2759,2972,2107
A064520,바른전자,20160218,2819,2962,2657,2715,13956672,1096003,0,2537,2758,2949,2092
A064520,바른전자,20160217,2504,3070,2415,2675,46227946,1857773,-14443,2465,2754,2927,2078
A064520,바른전자,20160216,2590,2720,2468,2486,9612154,863406,0,2459,2757,2907,2065
A064520,바른전자,20160215,2271,2783,2204,2666,16325989,1510519,-5000,2500,2773,2890,2052
A064520,바른전자,20160212,2271,2334,2046,2145,5461131,1848741,24232,2490,2784,2870,2039
A064520,바른전자,20160211,2518,2549,2320,2352,4549134,921594,12768,2585,2820,2859,2031
A064520,바른전자,20160205,2702,2724,2648,2648,2482275,970210,0,2625,2853,2844,2020
A064520,바른전자,20160204,2648,2747,2612,2688,4048360,968468,0,2648,2869,2824,2007
A064520,바른전자,20160203,2639,2742,2608,2617,3906126,679822,0,2680,2891,2803,1994
A064520,바른전자,20160202,2567,2917,2522,2621,16079525,774704,-5000,2718,2915,2784,1981
A064520,바른전자,20160201,2648,2697,2522,2549,7173647,703756,1943,2778,2949,2770,1969
A064520,바른전자,20160129,2855,2958,2729,2765,7180113,335480,0,2848,2983,2761,1956
A064520,바른전자,20160128,2832,2994,2787,2846,7328012,324431,-5000,2925,2998,2742,1942
A064520,바른전자,20160127,2949,3007,2787,2810,7099971,209051,0,3030,3009,2715,1928
A064520,바른전자,20160126,2913,3061,2881,2922,10569980,300991,-24417,3173,3028,2688,1914
A064520,바른전자,20160125,2985,3061,2877,2895,13414952,204766,0,3132,3048,2660,1899
A064520,바른전자,20160122,3384,3487,3039,3151,20534478,201885,-89119,3081,3076,2633,1883
A064520,바른전자,20160121,3784,4013,3371,3371,48701832,102947,0,2995,3080,2603,1866
A064520,바른전자,20160120,3294,3528,2994,3528,41382199,197460,-266545,2884,3089,2569,1847
A064520,바른전자,20160119,2765,2796,2644,2715,7646885,338011,-500000,2755,3083,2530,1827
A064520,바른전자,20160118,2644,2751,2585,2639,6073128,523720,0,2786,3126,2505,1814
A064520,바른전자,20160115,2810,2953,2720,2720,7616181,195728,-928607,2860,3130,2481,1802
A064520,바른전자,20160114,2792,2881,2738,2819,3233097,455911,-20000,2908,3145,2456,1791
A064520,바른전자,20160113,2872,2922,2832,2881,2906959,469952,-200000,2970,3153,2429,1778
A064520,바른전자,20160112,2989,3048,2819,2872,4424270,355483,-259484,3015,3179,2401,1765
A064520,바른전자,20160111,3079,3250,2980,3007,6641418,304938,0,3100,3205,2374,1752
A064520,바른전자,20160108,2971,3043,2886,2962,5917984,427578,247,3143,3234,2344,1737
A064520,바른전자,20160107,3115,3245,3021,3128,6456001,277567,142,3163,3311,2316,1722
A064520,바른전자,20160106,3285,3321,3043,3106,8037449,333616,101,3151,3386,2284,1706
A064520,바른전자,20160105,3133,3559,3106,3299,17877395,192111,-258,3169,3442,2252,1689
A064520,바른전자,20160104,3124,3276,3088,3218,9850676,184097,-10917,3173,3488,2218,1671
A064520,바른전자,20151230,3065,3241,2926,3065,9770135,380649,-30653,3222,3525,2185,1654
A064520,바른전자,20151229,3232,3267,3065,3065,7177502,259873,0,3256,3564,2154,1638
A064520,바른전자,20151228,3196,3407,3119,3196,9368387,230475,-49642,3351,3566,2122,1622
A064520,바른전자,20151224,3402,3739,3321,3321,20571705,77345,-55,3395,3526,2088,1605
A064520,바른전자,20151223,3142,3950,2868,3465,39424195,19174,-3945,3443,3452,2053,1586
A064520,바른전자,20151222,3559,3564,3178,3232,15875308,109434,-185380,3297,3356,2014,1567
A064520,바른전자,20151221,3523,3739,3429,3541,21891868,41935,-125095,3253,3271,1980,1549
A064520,바른전자,20151218,3537,4430,3366,3416,95774035,140197,-395628,3141,3169,1942,1528
A064520,바른전자,20151217,2778,3559,2724,3559,62043599,250304,-16000,3138,3072,1905,1508
A064520,바른전자,20151216,2976,2998,2688,2738,14927915,100298,0,3103,2965,1866,1488
A064520,바른전자,20151215,3052,3205,2944,3012,11890257,101029,-112857,3272,2896,1839,1474
A064520,바른전자,20151214,3232,3276,2958,2980,11546729,82957,-10000,3571,2821,1808,1458
A064520,바른전자,20151211,3330,3725,3209,3402,30331141,94724,0,3903,2743,1776,1442
A064520,바른전자,20151210,3546,3793,3083,3384,29756583,91453,0,4066,2648,1738,1423
A064520,바른전자,20151209,4197,4385,3582,3582,17040414,64903,0,4233,2552,1700,1403
A064520,바른전자,20151208,4578,4839,4282,4506,22712732,64903,0,4307,2446,1658,1382
A064520,바른전자,20151207,4040,4731,3950,4641,28210537,68903,0,4177,2292,1601,1353
A064520,바른전자,20151204,4269,5270,3968,4219,53701183,68903,0,3870,2131,1542,1323
A064520,바른전자,20151203,3842,4219,3559,4219,31592754,74562,5000,3505,1995,1489,1297
A064520,바른전자,20151202,3995,4313,3618,3950,47639887,74562,0,3029,1874,1437,1270
A064520,바른전자,20151201,3344,4035,3312,3856,52562405,75162,8000,2549,1774,1389,1246
A064520,바른전자,20151130,2787,3106,2545,3106,47474338,71629,0,2082,1663,1343,1223
A064520,바른전자,20151127,2392,2392,2298,2392,17224187,61429,-21000,1760,1570,1309,1206
A064520,바른전자,20151126,1589,2015,1580,1840,19651815,78452,21000,1578,1510,1287,1194
A064520,바른전자,20151125,1526,1566,1503,1553,3928364,88285,-1080,1493,1480,1274,1188
A064520,바른전자,20151124,1517,1584,1499,1517,8195718,88870,0,1457,1467,1266,1184
A064520,바른전자,20151123,1503,1553,1472,1499,5037998,32954,0,1453,1457,1258,1180
A064520,바른전자,20151120,1436,1566,1396,1481,12153876,40672,-39000,1440,1449,1250,1176
A064520,바른전자,20151119,1391,1427,1373,1414,4626221,514240,-51871,1441,1436,1242,1173
A064520,바른전자,20151118,1494,1517,1373,1373,7463858,151346,-586129,1455,1425,1236,1170
A064520,바른전자,20151117,1431,1557,1427,1499,12080524,122273,-684000,1469,1416,1229,1167
A064520,바른전자,20151116,1409,1503,1400,1431,4624050,67827,-21059,1457,1402,1222,1164
A064520,바른전자,20151113,1494,1553,1467,1490,11479179,7498,-128798,1453,1391,1215,1160
A064520,바른전자,20151112,1467,1490,1409,1481,6376770,85986,0,1455,1377,1208,1157
A064520,바른전자,20151111,1414,1467,1414,1445,4634425,18130,-19920,1518,1365,1202,1154
A064520,바른전자,20151110,1405,1494,1360,1440,11921623,28948,0,1623,1354,1197,1150
A064520,바른전자,20151109,1526,1575,1387,1409,14246985,210357,0,1659,1344,1191,1148
A064520,바른전자,20151106,1678,1795,1472,1499,26719505,66984,0,1626,1334,1185,1145
A064520,바른전자,20151105,1934,2096,1759,1795,46237649,125798,0,1566,1320,1178,1142
A064520,바른전자,20151104,1741,2096,1625,1970,78913833,425190,0,1456,1293,1167,1136
A064520,바른전자,20151103,1270,1620,1270,1620,13832124,299058,0,1318,1256,1152,1129
A064520,바른전자,20151102,1194,1256,1171,1247,3680117,267335,0,1257,1234,1143,1124
A064520,바른전자,20151030,1252,1270,1185,1198,2917049,266758,0,1278,1230,1141,1123
A064520,바른전자,20151029,1306,1351,1234,1243,5188741,239297,0,1281,1229,1140,1123
A064520,바른전자,20151028,1328,1342,1265,1283,4035070,421502,0,1274,1227,1137,1122
A064520,바른전자,20151027,1328,1436,1252,1315,17809805,526992,0,1256,1220,1134,1121
A064520,바른전자,20151026,1225,1351,1207,1351,14147734,526491,0,1235,1214,1130,1119
A064520,바른전자,20151023,1212,1243,1203,1212,1280151,606668,-50000,1206,1208,1126,1118
A064520,바른전자,20151022,1185,1212,1167,1207,1790006,573260,50000,1207,1207,1125,1118
A064520,바른전자,20151021,1212,1221,1194,1194,984481,608349,0,1215,1207,1124,1118
A064520,바른전자,20151020,1198,1216,1194,1212,1050495,611427,0,1219,1205,1124,1118
A064520,바른전자,20151019,1221,1229,1180,1203,1424098,613997,0,1226,1200,1125,1120
A064520,바른전자,20151016,1247,1261,1216,1221,1619141,531465,-17000,1227,1196,1128,1122
A064520,바른전자,20151015,1234,1261,1216,1243,2504053,443024,0,1228,1190,1129,1124
A064520,바른전자,20151014,1243,1256,1212,1216,1507857,492274,0,1229,1183,1130,1126
A064520,바른전자,20151013,1243,1270,1225,1247,3624257,494082,0,1233,1176,1129,1126
A064520,바른전자,20151012,1225,1252,1207,1207,1195057,553996,0,1218,1167,1128,1126
A064520,바른전자,20151008,1261,1261,1198,1225,2039203,466577,0,1209,1161,1127,1127
A064520,바른전자,20151007,1265,1283,1207,1252,2079098,543061,0,1202,1152,1126,1126
A064520,바른전자,20151006,1180,1256,1180,1234,4381051,572895,0,1189,1144,1125,1126
A064520,바른전자,20151005,1167,1189,1158,1171,787478,584437,0,1173,1136,1123,1125
A064520,바른전자,20151002,1167,1176,1144,1162,1491751,528085,0,1176,1131,1123,1125
A064520,바른전자,20151001,1203,1234,1185,1189,1175809,418983,0,1192,1126,1122,1125
A064520,바른전자,20150930,1144,1189,1140,1189,989074,520542,0,1190,1121,1121,1125
A064520,바른전자,20150925,1194,1207,1140,1153,1289026,599099,0,1196,1116,1120,1125
A064520,바른전자,20150924,1252,1256,1180,1189,2013411,564177,0,1194,1112,1119,1126
A064520,바른전자,20150923,1180,1288,1167,1238,4681870,560023,-69735,1179,1104,1117,1126
A064520,바른전자,20150922,1243,1252,1180,1180,2848591,637835,0,1155,1093,1114,1125
A064520,바른전자,20150921,1135,1283,1122,1221,6087596,609844,-313000,1142,1085,1112,1125
A064520,바른전자,20150918,1117,1153,1113,1140,1302834,655294,0,1116,1074,1110,1124
A064520,바른전자,20150917,1122,1131,1108,1117,632583,583855,0,1104,1067,1109,1125
A064520,바른전자,20150916,1113,1144,1108,1117,1036754,529128,0,1096,1063,1109,1125
A064520,바른전자,20150915,1090,1113,1077,1113,768802,485090,0,1090,1058,1108,1125
A064520,바른전자,20150914,1081,1113,1077,1095,893027,446224,0,1076,1058,1108,1126
A064520,바른전자,20150911,1077,1086,1063,1077,683907,440651,0,1073,1059,1107,1126
A064520,바른전자,20150910,1068,1090,1059,1077,690036,369494,0,1074,1060,1106,1126
A064520,바른전자,20150909,1063,1095,1059,1086,624096,293303,0,1072,1060,1106,1127
A064520,바른전자,20150908,1095,1095,1041,1045,1027364,191592,0,1069,1060,1105,1127
A064520,바른전자,20150907,1068,1113,1059,1081,959748,211935,0,1075,1062,1104,1127
A064520,바른전자,20150904,1117,1194,1081,1081,6020630,208430,-60000,1079,1065,1103,1128
A064520,바른전자,20150903,1077,1090,1063,1068,762340,326688,0,1079,1064,1103,1128
A064520,바른전자,20150902,1050,1072,1041,1068,710614,272558,0,1070,1065,1103,1129
A064520,바른전자,20150901,1099,1113,1059,1077,874361,296812,0,1059,1067,1103,1129
A064520,바른전자,20150831,1072,1135,1059,1099,1217250,267714,0,1048,1069,1102,1130
A064520,바른전자,20150828,1032,1090,1032,1081,1556672,346040,0,1027,1068,1101,1130
A064520,바른전자,20150827,1019,1041,1010,1027,957184,232356,0,1012,1069,1101,1131
A064520,바른전자,20150826,1014,1014,983,1010,1536834,106459,-64095,1015,1073,1101,1132
A064520,바른전자,20150825,1027,1041,1014,1023,1216736,160243,-626316,1017,1077,1102,1133
A064520,바른전자,20150824,987,1023,974,996,952373,98853,0,1031,1082,1103,1134
A064520,바른전자,20150821,992,1023,974,1005,1291318,103398,0,1057,1090,1104,1135
A064520,바른전자,20150820,1014,1099,1010,1041,1574912,149429,0,1077,1099,1105,1136
A064520,바른전자,20150819,1090,1104,987,1019,2546840,115196,-334694,1082,1113,1105,1137
A064520,바른전자,20150818,1140,1158,1095,1095,1511090,185614,0,1096,1129,1106,1138
A064520,바른전자,20150817,1113,1140,1090,1126,811011,422523,0,1096,1141,1106,1139
A064520,바른전자,20150813,1068,1104,1054,1104,703355,487522,0,1095,1148,1105,1139
A064520,바른전자,20150812,1086,1099,1045,1068,982033,394152,0,1090,1152,1104,1139
A064520,바른전자,20150811,1108,1126,1081,1086,1126957,398088,-165000,1092,1157,1105,1140
A064520,바른전자,20150810,1135,1140,1095,1095,767450,369306,-108000,1097,1161,1105,1140
A064520,바른전자,20150807,1081,1122,1077,1122,823045,486201,0,1100,1164,1106,1140
A064520,바른전자,20150806,1081,1095,1077,1077,823283,485328,-157000,1094,1166,1105,1140
A064520,바른전자,20150805,1108,1113,1072,1081,983446,390750,-345429,1096,1169,1105,1140
A064520,바른전자,20150804,1113,1122,1090,1108,554109,385556,0,1101,1173,1105,1140
A064520,바른전자,20150803,1099,1140,1095,1113,738171,413738,0,1098,1174,1106,1140
A064520,바른전자,20150731,1086,1099,1072,1090,510079,480166,0,1101,1175,1106,1139
A064520,바른전자,20150730,1108,1117,1086,1086,596907,425676,0,1114,1175,1107,1139
A064520,바른전자,20150729,1108,1131,1095,1108,650365,444260,0,1133,1176,1108,1140
A064520,바른전자,20150728,1104,1126,1081,1095,1210281,373637,0,1177,1175,1108,1140
A064520,바른전자,20150727,1149,1189,1117,1126,1206319,234211,0,1225,1173,1110,1139
A064520,바른전자,20150724,1144,1167,1108,1153,2854148,323494,0,1265,1169,1111,1139
A064520,바른전자,20150723,1324,1337,1176,1185,4124255,204579,0,1288,1166,1112,1139
A064520,바른전자,20150722,1319,1351,1306,1328,2063877,195336,-153000,1289,1162,1113,1138
A064520,바른전자,20150721,1351,1355,1301,1333,1609060,173674,0,1259,1151,1115,1137
A064520,바른전자,20150720,1297,1333,1238,1328,2825312,96171,0,1223,1138,1117,1135
A064520,바른전자,20150717,1212,1364,1207,1265,8349737,137832,-120128,1191,1124,1118,1133
A064520,바른전자,20150716,1185,1198,1167,1189,1204376,184322,0,1168,1113,1121,1132
A064520,바른전자,20150715,1149,1221,1149,1180,3004398,141755,0,1158,1107,1123,1131
A064520,바른전자,20150714,1176,1189,1153,1153,1778299,138473,0,1153,1099,1124,1131
A064520,바른전자,20150713,1153,1180,1135,1167,1643968,147053,-93407,1150,1093,1126,1131
A064520,바른전자,20150710,1153,1158,1122,1149,918078,124916,-20000,1143,1085,1126,1131
A064520,바른전자,20150709,1162,1167,1113,1140,1348943,128184,-20361,1132,1080,1127,1130
A064520,바른전자,20150708,1144,1171,1117,1158,2024404,156418,-66102,1125,1076,1128,1131
A064520,바른전자,20150707,1140,1207,1113,1135,4921257,306327,-90000,1110,1072,1128,1131
A064520,바른전자,20150706,1095,1185,1081,1131,2734992,502201,0,1095,1067,1128,1131
A064520,바른전자,20150703,1104,1140,1072,1095,1528567,582182,0,1076,1062,1129,1131
A064520,바른전자,20150702,1081,1135,1081,1108,1143251,605559,0,1075,1060,1131,1132
A064520,바른전자,20150701,1054,1104,1054,1081,887956,644887,0,1077,1058,1133,1132
A064520,바른전자,20150630,1023,1072,1019,1059,455559,670244,0,1082,1056,1134,1132
A064520,바른전자,20150629,1072,1077,1036,1036,775561,714611,0,1083,1055,1136,1132
A064520,바른전자,20150626,1122,1126,1090,1090,480471,787596,0,1088,1058,1138,1133
A064520,바른전자,20150625,1099,1122,1086,1117,609395,903574,0,1079,1057,1139,1133
A064520,바른전자,20150624,1063,1140,1059,1108,1477881,878337,53,1068,1055,1140,1132
A064520,바른전자,20150623,1063,1081,1063,1063,595351,852831,0,1052,1052,1141,1132
A064520,바른전자,20150622,1059,1081,1041,1063,690115,821719,0,1044,1051,1143,1132
A064520,바른전자,20150619,1054,1072,1041,1045,540316,786601,0,1033,1052,1144,1132
A064520,바른전자,20150618,1045,1081,1032,1059,790993,770387,0,1033,1053,1146,1132
A064520,바른전자,20150617,1010,1059,1005,1032,422728,799557,0,1035,1054,1147,1132
A064520,바른전자,20150616,1014,1027,992,1023,453129,760958,0,1043,1058,1148,1133
A064520,바른전자,20150615,1041,1045,1005,1005,390571,758870,0,1048,1062,1149,1133
A064520,바른전자,20150612,1081,1081,1041,1045,423601,767230,0,1053,1068,1151,1133
A064520,바른전자,20150611,1077,1090,1059,1072,840870,782409,0,1052,1069,1152,1133
A064520,바른전자,20150610,1050,1072,1032,1072,908579,868215,0,1051,1070,1153,1133
A064520,바른전자,20150609,1027,1045,1027,1045,473845,838993,0,1045,1072,1154,1132
A064520,바른전자,20150608,1041,1045,1023,1032,478160,801861,0,1046,1076,1156,1132
A064520,바른전자,20150605,1054,1068,1027,1041,645430,791274,0,1056,1081,1158,1131
A064520,바른전자,20150604,1045,1063,1036,1063,532872,808275,0,1065,1087,1159,1131
A064520,바른전자,20150603,1054,1072,1032,1045,670916,757143,0,1068,1090,1160,1130
A064520,바른전자,20150602,1081,1086,1045,1050,829630,720016,5757,1065,1095,1162,1129
A064520,바른전자,20150601,1090,1095,1059,1081,488371,756590,0,1066,1102,1164,1129
A064520,바른전자,20150529,1068,1095,1063,1086,561370,800740,0,1066,1108,1165,1127
A064520,바른전자,20150528,1045,1104,1041,1077,1419106,780503,0,1061,1113,1166,1126
A064520,바른전자,20150527,1041,1059,1032,1032,763583,737800,0,1062,1121,1167,1125
A064520,바른전자,20150526,1081,1081,1054,1054,961861,729814,0,1077,1141,1169,1124
A064520,바른전자,20150522,1063,1086,1054,1081,915946,730820,0,1087,1163,1171,1124
A064520,바른전자,20150521,1081,1090,1054,1063,886454,681558,0,1096,1178,1173,1123
A064520,바른전자,20150520,1117,1117,1077,1081,972240,680535,-270000,1098,1197,1174,1122
A064520,바른전자,20150519,1104,1135,1090,1104,982292,682578,0,1099,1208,1175,1120
A064520,바른전자,20150518,1131,1135,1099,1104,1159178,578122,0,1099,1215,1174,1119
A064520,바른전자,20150515,1081,1126,1081,1126,1196415,715640,7188,1107,1223,1174,1118
A064520,바른전자,20150514,1086,1108,1068,1077,1272491,695250,0,1108,1226,1174,1116
A064520,바른전자,20150513,1113,1113,1054,1086,1946930,639459,-187500,1123,1231,1175,1115
A064520,바른전자,20150512,1144,1149,1099,1104,1344742,507927,-20000,1130,1236,1175,1114
A064520,바른전자,20150511,1140,1149,1126,1140,1003035,505141,-121776,1138,1240,1174,1113
A064520,바른전자,20150508,1158,1185,1131,1131,1030700,410420,-3158,1151,1241,1173,1112
A064520,바른전자,20150507,1122,1176,1117,1153,1166894,408162,-210,1161,1243,1173,1110
A064520,바른전자,20150506,1126,1144,1099,1122,1327645,408572,0,1169,1246,1172,1109
A064520,바른전자,20150504,1207,1225,1144,1144,1682151,370310,0,1191,1250,1172,1107
A064520,바른전자,20150430,1194,1212,1171,1203,1793506,482108,0,1251,1252,1171,1106
A064520,바른전자,20150429,1221,1238,1180,1185,2648092,430191,40000,1308,1250,1169,1103
A064520,바른전자,20150428,1225,1243,1171,1189,3118521,428842,5000,1349,1249,1168,1101
A064520,바른전자,20150427,1310,1346,1229,1234,7435286,210960,-110,1400,1248,1167,1100
A064520,바른전자,20150424,1526,1544,1391,1445,2015117,252146,0,1412,1244,1164,1098
A064520,바른전자,20150423,1436,1526,1342,1485,4379396,298321,-105000,1373,1230,1159,1094
A064520,바른전자,20150422,1467,1593,1297,1391,5807887,473839,19500,1328,1214,1152,1089
A064520,바른전자,20150421,1292,1481,1279,1445,5666397,645135,10000,1284,1203,1148,1086
A064520,바른전자,20150420,1252,1306,1212,1292,1396025,736575,0,1231,1186,1142,1082
A064520,바른전자,20150417,1256,1292,1234,1252,1496524,880693,0,1212,1178,1140,1079
A064520,바른전자,20150416,1185,1342,1171,1261,6880187,898010,0,1196,1170,1138,1077
A064520,바른전자,20150415,1185,1194,1167,1171,513769,768026,0,1179,1162,1136,1074
A064520,바른전자,20150414,1189,1207,1171,1180,625992,772410,0,1178,1159,1135,1072
A064520,바른전자,20150413,1176,1198,1176,1198,622071,796277,0,1184,1156,1134,1071
A064520,바른전자,20150410,1176,1198,1167,1171,445004,787431,0,1187,1153,1134,1069
A064520,바른전자,20150409,1167,1180,1153,1176,381377,794216,0,1189,1152,1133,1067
A064520,바른전자,20150408,1216,1216,1162,1167,1012759,750594,0,1187,1150,1133,1065
A064520,바른전자,20150407,1216,1225,1194,1207,552434,742701,0,1185,1148,1133,1063
A064520,바른전자,20150406,1203,1212,1180,1212,726604,779421,0,1175,1145,1133,1060
A064520,바른전자,20150403,1176,1234,1158,1185,2272718,728564,0,1167,1141,1131,1058
A064520,바른전자,20150402,1158,1180,1153,1162,631378,716905,0,1163,1140,1129,1057
A064520,바른전자,20150401,1158,1167,1140,1158,517883,690175,0,1161,1140,1128,1056
A064520,바른전자,20150331,1185,1203,1158,1158,666728,642888,0,1164,1139,1127,1055
A064520,바른전자,20150330,1171,1180,1144,1171,802050,649519,0,1156,1138,1126,1053
A064520,바른전자,20150327,1153,1212,1144,1167,1346505,591991,0,1144,1137,1125,1052
A064520,바른전자,20150326,1189,1194,1140,1149,930302,634565,0,1133,1137,1122,1051
A064520,바른전자,20150325,1122,1243,1113,1176,3548787,622641,110,1123,1136,1121,1050
A064520,바른전자,20150324,1122,1126,1108,1117,393499,607827,0,1109,1136,1119,1049
A064520,바른전자,20150323,1126,1135,1108,1113,452079,568464,0,1111,1137,1118,1049
A064520,바른전자,20150320,1095,1122,1086,1108,528934,548384,0,1114,1138,1118,1048
A064520,바른전자,20150319,1113,1122,1086,1099,583446,461872,0,1123,1137,1117,1047
A064520,바른전자,20150318,1131,1135,1108,1108,789118,445825,0,1131,1137,1116,1047
A064520,바른전자,20150317,1131,1140,1117,1126,488074,403396,0,1135,1137,1115,1046
A064520,바른전자,20150316,1153,1167,1131,1131,501267,390870,0,1137,1138,1114,1045
A064520,바른전자,20150313,1135,1153,1135,1153,325824,420160,0,1139,1135,1112,1045
A064520,바른전자,20150312,1131,1153,1131,1135,418112,377661,0,1140,1131,1110,1044
A064520,바른전자,20150311,1131,1149,1122,1131,382382,326805,0,1145,1128,1107,1043
A064520,바른전자,20150310,1140,1153,1126,1135,468858,335049,0,1149,1127,1105,1042
A064520,바른전자,20150309,1153,1180,1140,1140,977142,365990,0,1149,1124,1103,1041
A064520,바른전자,20150306,1153,1185,1140,1158,1044794,417270,0,1150,1123,1100,1040
A064520,바른전자,20150305,1149,1171,1140,1162,578200,437019,0,1150,1120,1097,1039
A064520,바른전자,20150304,1140,1171,1135,1149,688224,409060,0,1147,1116,1093,1038
A064520,바른전자,20150303,1135,1153,1131,1135,446384,374927,0,1152,1114,1089,1037
A064520,바른전자,20150302,1167,1176,1135,1144,540408,340340,0,1152,1114,1086,1036
A064520,바른전자,20150227,1162,1176,1149,1162,691035,308088,0,1150,1112,1083,1035
A064520,바른전자,20150226,1185,1189,1144,1144,774216,309611,0,1135,1109,1079,1035
A064520,바른전자,20150225,1140,1180,1131,1176,1153588,317833,0,1127,1107,1076,1034
A064520,바른전자,20150224,1140,1153,1131,1135,440163,313327,0,1114,1104,1073,1033
A064520,바른전자,20150223,1099,1162,1086,1135,1353671,273258,0,1114,1103,1069,1033
A064520,바른전자,20150217,1099,1117,1086,1086,742769,206718,0,1103,1104,1066,1032
A064520,바른전자,20150216,1126,1126,1099,1104,352038,434977,0,1098,1107,1064,1032
A064520,바른전자,20150213,1140,1140,1099,1108,637572,456530,0,1094,1108,1061,1032
A064520,바른전자,20150212,1086,1140,1077,1135,1647279,448835,0,1092,1109,1059,1032
A064520,바른전자,20150211,1077,1081,1063,1081,325890,479361,0,1083,1109,1056,1031
A064520,바른전자,20150210,1081,1090,1059,1063,466345,418521,0,1089,1112,1054,1031
A064520,바른전자,20150209,1099,1113,1077,1081,559714,431726,0,1096,1117,1052,1032
A064520,바른전자,20150206,1095,1113,1086,1099,320105,427246,0,1096,1121,1050,1031
A064520,바른전자,20150205,1113,1122,1090,1090,377546,386762,0,1099,1126,1048,1031
A064520,바른전자,20150204,1099,1122,1086,1113,397076,357029,0,1108,1130,1046,1031
A064520,바른전자,20150203,1090,1099,1077,1095,370553,298285,0,1105,1130,1043,1030
A064520,바른전자,20150202,1117,1126,1081,1081,868224,277981,0,1107,1128,1041,1030
A064520,바른전자,20150130,1135,1162,1113,1117,547767,279561,0,1112,1129,1038,1031
A064520,바른전자,20150129,1090,1153,1090,1135,749026,304295,-17157,1110,1129,1035,1030
A064520,바른전자,20150128,1095,1117,1090,1095,517168,275368,-50,1108,1126,1033,1030
A064520,바른전자,20150127,1108,1126,1086,1108,596585,270919,0,1120,1126,1031,1030
A064520,바른전자,20150126,1099,1122,1095,1104,554528,247078,0,1127,1122,1028,1029
A064520,바른전자,20150123,1135,1144,1104,1108,827601,192352,0,1132,1119,1026,1029
A064520,바른전자,20150122,1153,1162,1117,1126,1413749,151849,0,1136,1116,1024,1029
A064520,바른전자,20150121,1203,1243,1153,1153,2931539,135330,0,1137,1114,1021,1029
A064520,바른전자,20150120,1135,1198,1131,1144,2279634,159367,0,1135,1112,1018,1028
A064520,바른전자,20150119,1135,1153,1122,1131,630822,210518,0,1138,1108,1015,1029
A064520,바른전자,20150116,1144,1144,1108,1126,614972,199048,0,1146,1103,1012,1030
A064520,바른전자,20150115,1140,1162,1131,1131,537592,173221,0,1157,1099,1010,1030
A064520,바른전자,20150114,1158,1162,1135,1144,548103,135855,0,1165,1096,1007,1030
A064520,바른전자,20150113,1180,1207,1131,1158,1248028,102973,0,1159,1088,1004,1030
A064520,바른전자,20150112,1185,1198,1158,1171,1031642,113107,0,1141,1081,1000,1030
A064520,바른전자,20150109,1185,1185,1140,1180,1130436,113223,0,1126,1072,996,1029
A064520,바른전자,20150108,1122,1212,1086,1171,4374739,89330,0,1112,1063,992,1028
A064520,바른전자,20150107,1059,1113,1041,1113,1065067,134197,0,1094,1054,987,1028
A064520,바른전자,20150106,1090,1099,1054,1072,874020,155437,0,1089,1047,986,1028
A064520,바른전자,20150105,1122,1135,1081,1095,791464,120952,-5471,1081,1041,985,1029
A064520,바른전자,20150102,1081,1140,1072,1108,617834,107615,0,1072,1034,983,1029
A064520,바른전자,20141230,1095,1113,1068,1081,743822,119823,0,1060,1025,982,1029
A064520,바른전자,20141229,1050,1122,1041,1090,2139059,168090,0,1060,1018,980,1030
A064520,바른전자,20141226,1068,1099,1032,1032,1072401,196233,0,1064,1011,979,1030
A064520,바른전자,20141224,1054,1063,1041,1050,434894,210847,0,1072,1007,979,1031
A064520,바른전자,20141223,1077,1108,1036,1045,976898,170097,0,1067,1002,979,1032
A064520,바른전자,20141222,1131,1140,1077,1081,1170261,142094,0,1066,998,979,1032
A064520,바른전자,20141219,1077,1131,1054,1113,2024358,111029,0,1066,991,979,1033
A064520,바른전자,20141218,1050,1167,1032,1072,5509615,111586,0,1042,983,978,1033
A064520,바른전자,20141217,1045,1072,1023,1023,1233159,286520,0,1029,976,977,1033
A064520,바른전자,20141216,1086,1108,1036,1041,1980782,370804,0,1024,972,977,1034
A064520,바른전자,20141215,987,1122,978,1081,3540903,499685,154,1013,968,977,1034
A064520,바른전자,20141212,1010,1014,983,992,336292,535881,0,997,962,977,1035
A064520,바른전자,20141211,1001,1023,987,1010,692709,626303,0,994,961,977,1036
A064520,바른전자,20141210,992,996,969,996,299344,646826,22524,983,959,978,1037
A064520,바른전자,20141209,1014,1014,974,987,281595,636395,0,971,957,978,1038
A064520,바른전자,20141208,983,1010,974,1001,646859,633674,-21191,960,956,979,1039
A064520,바른전자,20141205,960,983,947,974,414140,595840,0,948,954,979,1040
A064520,바른전자,20141204,942,983,942,956,665623,568760,0,944,954,980,1041
A064520,바른전자,20141203,938,947,929,938,211562,473868,0,944,952,981,1043
A064520,바른전자,20141202,938,947,924,933,141821,460503,0,948,952,982,1044
A064520,바른전자,20141201,960,965,938,938,359412,459185,0,952,952,984,1045
A064520,바른전자,20141128,951,965,947,956,197976,486555,0,954,955,986,1046
A064520,바른전자,20141127,960,965,947,956,221298,483632,0,951,957,988,1048
A064520,바른전자,20141126,960,969,951,956,288395,475077,0,948,956,990,1049
A064520,바른전자,20141125,947,965,938,956,285902,468326,0,945,957,992,1051
A064520,바른전자,20141124,942,956,938,947,151539,442611,0,945,957,994,1053
A064520,바른전자,20141121,947,947,929,942,266148,431709,0,949,957,996,1054
A064520,바른전자,20141120,947,947,938,938,181708,413674,0,954,958,998,1056
A064520,바른전자,20141119,960,965,938,942,260803,412374,0,960,961,1000,1058
A064520,바른전자,20141118,969,978,951,956,234472,431295,0,964,962,1003,1060
A064520,바른전자,20141117,969,969,942,969,260713,447547,0,965,963,1005,1062
A064520,바른전자,20141114,974,978,956,965,248833,457936,21191,964,962,1007,1065
A064520,바른전자,20141113,960,978,960,969,209107,480062,0,965,961,1009,1068
A064520,바른전자,20141112,969,978,938,960,451024,455957,0,957,960,1011,1070
A064520,바른전자,20141111,974,983,960,960,224034,418624,-15000,951,959,1012,1072
A064520,바른전자,20141110,978,983,956,965,195174,405856,0,946,958,1014,1074
A064520,바른전자,20141107,938,974,920,969,250596,386141,0,952,954,1016,1077
A064520,바른전자,20141106,924,933,911,929,305510,356682,0,957,956,1017,1079
A064520,바른전자,20141105,938,942,924,933,354614,364272,0,961,961,1020,1081
A064520,바른전자,20141104,996,1005,915,933,1202743,343784,0,969,964,1023,1083
A064520,바른전자,20141103,1005,1010,992,996,246423,369105,0,973,968,1025,1084
A064520,바른전자,20141031,960,1041,947,996,1201707,357493,0,963,969,1027,1086
A064520,바른전자,20141030,969,974,947,947,271285,340839,0,956,970,1028,1087
A064520,바른전자,20141029,951,974,942,974,290960,319905,0,965,974,1030,1089
A064520,바른전자,20141028,942,965,942,951,298392,306203,0,966,978,1032,1090
A064520,바른전자,20141027,960,978,942,947,352951,288359,0,968,983,1034,1093
A064520,바른전자,20141024,996,1010,960,960,367337,269977,0,971,989,1037,1095
A064520,바른전자,20141023,978,1005,969,992,350218,310917,0,967,993,1039,1097
A064520,바른전자,20141022,974,987,965,978,227983,305773,0,958,995,1043,1099
A064520,바른전자,20141021,965,992,951,965,399014,304065,0,949,998,1048,1102
A064520,바른전자,20141020,942,969,942,960,296352,283858,0,943,1002,1050,1104
A064520,바른전자,20141017,951,956,938,942,324749,243171,0,931,1005,1053,1107
A064520,바른전자,20141016,933,965,933,947,502805,238692,0,944,1010,1056,1110
A064520,바른전자,20141015,929,960,929,933,594978,251875,15000,959,1014,1059,1113
A064520,바른전자,20141014,906,960,902,933,1813629,239403,0,974,1018,1062,1116
A064520,바른전자,20141013,1001,1019,896,902,1164389,217529,0,990,1023,1065,1118
A064520,바른전자,20141010,1032,1032,1001,1005,224112,217312,0,1010,1030,1068,1120
A064520,바른전자,20141008,1005,1027,1005,1023,192314,241086,0,1011,1031,1071,1120
A064520,바른전자,20141007,996,1023,992,1005,177112,244960,0,1012,1031,1072,1121
A064520,바른전자,20141006,1019,1023,1005,1014,181825,236800,0,1022,1031,1075,1122
A064520,바른전자,20141002,1005,1023,1005,1005,176110,234905,0,1032,1032,1077,1122
A064520,바른전자,20141001,1019,1045,1010,1010,399183,225180,0,1042,1035,1079,1123
A064520,바른전자,20140930,1041,1050,1023,1027,407302,246524,0,1048,1038,1081,1124
A064520,바른전자,20140929,1068,1072,1036,1054,374055,268479,0,1049,1040,1083,1124
A064520,바른전자,20140926,1041,1077,1036,1063,1127885,412627,0,1046,1041,1085,1124
A064520,바른전자,20140925,1045,1068,1036,1054,523311,396250,0,1042,1042,1085,1125
A064520,바른전자,20140924,1036,1045,1027,1041,244421,398552,0,1037,1043,1086,1125
A064520,바른전자,20140923,1041,1050,1023,1032,327916,369633,0,1036,1044,1088,1125
A064520,바른전자,20140922,1041,1054,1036,1041,276176,402921,0,1035,1046,1089,1125
A064520,바른전자,20140919,1036,1050,1027,1041,339861,408638,0,1032,1048,1090,1125
A064520,바른전자,20140918,1032,1041,1027,1032,426634,368708,0,1030,1049,1091,1125
A064520,바른전자,20140917,1032,1041,1023,1036,267014,314677,0,1032,1052,1093,1126
A064520,바른전자,20140916,1023,1032,1014,1027,237690,295332,0,1030,1055,1094,1126
A064520,바른전자,20140915,1032,1036,1019,1023,174292,254368,0,1027,1058,1096,1127
A064520,바른전자,20140912,1050,1050,1027,1032,304658,261603,0,1023,1060,1098,1127
A064520,바른전자,20140911,1036,1045,1023,1041,338231,302727,0,1023,1062,1099,1127
A064520,바른전자,20140905,1014,1036,1014,1027,362523,246051,0,1028,1062,1100,1127
A064520,바른전자,20140904,996,1027,996,1010,554208,216679,0,1037,1065,1102,1128
A064520,바른전자,20140903,1036,1045,1001,1005,944895,216428,0,1050,1068,1104,1129
A064520,바른전자,20140902,1077,1077,1027,1032,1389211,191134,0,1063,1074,1106,1130
A064520,바른전자,20140901,1072,1086,1059,1068,790433,198890,0,1073,1076,1107,1131
A064520,바른전자,20140829,1072,1099,1072,1072,1092854,248696,0,1073,1076,1107,1131
A064520,바른전자,20140828,1068,1081,1068,1072,425409,253088,0,1072,1077,1108,1132
A064520,바른전자,20140827,1077,1086,1068,1072,650287,216131,0,1072,1077,1109,1133
A064520,바른전자,20140826,1072,1099,1068,1081,696238,192596,0,1073,1078,1109,1133
A064520,바른전자,20140825,1077,1077,1063,1068,323735,175430,0,1071,1077,1111,1133
A064520,바른전자,20140822,1068,1081,1068,1068,427640,200039,0,1075,1079,1113,1134
A064520,바른전자,20140821,1072,1086,1068,1072,554321,181639,0,1081,1081,1114,1135
A064520,바른전자,20140820,1077,1086,1068,1077,518249,138374,0,1084,1089,1116,1137
A064520,바른전자,20140819,1086,1090,1068,1072,588718,91848,0,1081,1097,1118,1138
A064520,바른전자,20140818,1108,1108,1077,1086,1174397,125305,0,1079,1100,1120,1140
A064520,바른전자,20140814,1099,1167,1090,1099,3857539,114328,0,1073,1102,1123,1141
A064520,바른전자,20140813,1072,1122,1054,1086,1206285,119314,0,1068,1103,1126,1143
A064520,바른전자,20140812,1063,1077,1054,1063,407665,95255,0,1067,1105,1129,1144
A064520,바른전자,20140811,1063,1077,1050,1059,275775,89875,0,1078,1107,1132,1146
A064520,바른전자,20140808,1068,1077,1054,1059,470037,92551,0,1082,1109,1135,1147
A064520,바른전자,20140807,1077,1090,1059,1072,525210,99210,0,1085,1112,1138,1149
A064520,바른전자,20140806,1113,1117,1081,1081,609877,120236,0,1086,1116,1140,1150
A064520,바른전자,20140805,1108,1122,1095,1117,1014791,102545,0,1086,1118,1142,1151
A064520,바른전자,20140804,1063,1095,1063,1081,532143,124510,0,1080,1119,1143,1152
A064520,바른전자,20140801,1054,1086,1054,1072,362088,119601,0,1078,1123,1143,1154
A064520,바른전자,20140731,1077,1095,1059,1077,693311,102877,0,1085,1126,1144,1155
A064520,바른전자,20140730,1090,1113,1081,1081,619577,102194,0,1091,1129,1146,1156
A064520,바른전자,20140729,1081,1126,1059,1090,1410107,90674,0,1121,1132,1147,1157
A064520,바른전자,20140728,1086,1095,1063,1068,1143615,197204,0,1149,1135,1149,1159
A064520,바른전자,20140725,1108,1126,1095,1108,938896,140716,0,1163,1137,1151,1160
A064520,바른전자,20140724,1229,1238,1063,1108,4123848,193380,-130000,1164,1137,1153,1162
A064520,바른전자,20140723,1252,1274,1212,1229,2778563,103298,0,1168,1138,1155,1163
A064520,바른전자,20140722,1135,1261,1126,1234,5658691,202586,130000,1147,1131,1155,1163
A064520,바른전자,20140721,1113,1140,1113,1135,395140,206202,0,1122,1125,1155,1163
A064520,바른전자,20140718,1113,1126,1104,1113,621066,164070,0,1114,1124,1158,1164
A064520,바른전자,20140717,1122,1189,1113,1131,1814190,139469,0,1116,1124,1161,1165
A064520,바른전자,20140716,1117,1126,1104,1122,374577,166997,0,1117,1124,1163,1166
A064520,바른전자,20140715,1095,1117,1090,1108,458055,218741,0,1120,1124,1167,1168
A064520,바른전자,20140714,1131,1135,1095,1095,744616,178211,0,1126,1125,1171,1169
A064520,바른전자,20140711,1140,1144,1117,1122,420105,185601,-52200,1137,1127,1171,1171
A064520,바른전자,20140710,1135,1153,1135,1140,536603,199016,0,1139,1127,1171,1172
A064520,바른전자,20140709,1135,1144,1126,1135,446482,207532,0,1139,1125,1170,1174
A064520,바른전자,20140708,1140,1158,1135,1140,503845,204520,0,1142,1125,1169,1175
A064520,바른전자,20140707,1140,1167,1131,1149,1010506,219548,0,1141,1123,1169,1177
A064520,바른전자,20140704,1149,1158,1126,1131,683420,227314,0,1134,1121,1168,1178
A064520,바른전자,20140703,1149,1149,1131,1140,478620,225819,0,1131,1118,1167,1179
A064520,바른전자,20140702,1144,1153,1135,1149,715681,217329,2200,1125,1117,1166,1180
A064520,바른전자,20140701,1131,1158,1126,1135,997147,212583,50000,1115,1116,1165,1180
A064520,바른전자,20140630,1117,1131,1108,1117,414245,204378,0,1111,1116,1164,1181
A064520,바른전자,20140627,1126,1135,1108,1113,629592,140313,0,1110,1118,1164,1181
A064520,바른전자,20140626,1113,1167,1113,1113,1674832,140383,0,1110,1121,1163,1182
A064520,바른전자,20140625,1117,1117,1095,1095,319553,142466,0,1116,1123,1162,1183
A064520,바른전자,20140624,1113,1126,1099,1117,309943,140354,0,1120,1127,1162,1184
A064520,바른전자,20140623,1113,1131,1113,1113,435572,160547,0,1124,1132,1160,1185
A064520,바른전자,20140620,1140,1144,1113,1113,503982,152105,0,1126,1137,1160,1185
A064520,바른전자,20140619,1113,1144,1104,1140,699173,202654,0,1127,1144,1159,1186
A064520,바른전자,20140618,1144,1149,1113,1117,435877,172235,0,1122,1151,1158,1186
A064520,바른전자,20140617,1126,1144,1117,1135,567480,215038,0,1123,1158,1158,1187
A064520,바른전자,20140616,1113,1126,1113,1126,424297,195348,0,1118,1162,1157,1188
A064520,바른전자,20140613,1117,1126,1099,1117,446273,190363,0,1112,1168,1156,1188
A064520,바른전자,20140612,1122,1126,1099,1113,395911,190751,0,1102,1175,1154,1188
A064520,바른전자,20140611,1126,1149,1108,1122,882786,226338,0,1105,1179,1154,1189
A064520,바른전자,20140610,1095,1117,1086,1113,388271,263341,0,1107,1182,1154,1188
A064520,바른전자,20140609,1068,1108,1068,1095,694799,236343,0,1110,1186,1155,1188
A064520,바른전자,20140605,1108,1113,1059,1068,1906191,116689,0,1125,1187,1155,1188
A064520,바른전자,20140603,1149,1158,1122,1126,823287,104964,-141774,1145,1190,1156,1189
A064520,바른전자,20140602,1135,1176,1113,1135,1601041,199704,-25000,1150,1191,1156,1189
A064520,바른전자,20140530,1167,1167,1122,1126,1150329,220600,-223000,1159,1193,1157,1189
A064520,바른전자,20140529,1167,1176,1153,1171,855427,336760,-111500,1176,1196,1157,1190
A064520,바른전자,20140528,1153,1180,1153,1167,898590,370048,-88475,1184,1198,1156,1190
A064520,바른전자,20140527,1180,1180,1135,1149,1272546,361800,-177899,1200,1200,1155,1190
A064520,바른전자,20140526,1207,1207,1162,1180,1858846,335796,-371722,1229,1204,1156,1190
A064520,바른전자,20140523,1221,1229,1203,1212,899099,300778,0,1244,1207,1157,1190
A064520,바른전자,20140522,1247,1265,1207,1212,2286816,239453,0,1246,1209,1158,1189
A064520,바른전자,20140521,1306,1315,1238,1247,2063213,121196,0,1253,1212,1159,1188
A064520,바른전자,20140520,1256,1351,1256,1292,3679699,83993,0,1252,1215,1159,1187
A064520,바른전자,20140519,1229,1310,1225,1256,3389434,109671,0,1232,1214,1159,1186
A064520,바른전자,20140516,1256,1265,1216,1221,2487512,148093,0,1218,1219,1159,1185
A064520,바른전자,20140515,1301,1427,1238,1247,14793413,126804,0,1211,1224,1160,1184
A064520,바른전자,20140514,1216,1265,1203,1243,2736113,176479,0,1186,1219,1160,1183
A064520,바른전자,20140513,1203,1221,1171,1194,1545747,189554,0,1162,1212,1159,1183
A064520,바른전자,20140512,1176,1279,1162,1185,5083098,172422,0,1153,1207,1160,1183
A064520,바른전자,20140509,1131,1203,1099,1185,1848046,380365,0,1152,1202,1161,1184
A064520,바른전자,20140508,1140,1149,1099,1122,671017,392922,0,1152,1197,1162,1185
A064520,바른전자,20140507,1158,1171,1108,1122,803177,447596,0,1170,1195,1164,1187
A064520,바른전자,20140502,1189,1198,1144,1153,928290,396954,0,1188,1194,1166,1188
A064520,바른전자,20140430,1185,1198,1162,1176,788681,428120,0,1201,1190,1167,1189
A064520,바른전자,20140429,1212,1225,1185,1185,756780,323435,0,1213,1185,1168,1189
A064520,바른전자,20140428,1198,1238,1194,1212,957490,321261,0,1230,1181,1169,1188
A064520,바른전자,20140425,1216,1256,1203,1212,789082,349090,0,1240,1174,1170,1188
A064520,바른전자,20140424,1198,1234,1167,1221,2487744,391982,0,1258,1168,1171,1188
A064520,바른전자,20140423,1270,1274,1225,1234,1494430,252311,0,1270,1160,1172,1188
A064520,바른전자,20140422,1265,1292,1252,1270,1233171,219269,0,1295,1151,1172,1188
A064520,바른전자,20140421,1301,1310,1247,1261,1794749,224009,0,1304,1140,1171,1186
A064520,바른전자,20140418,1292,1324,1265,1306,3187988,225279,0,1281,1130,1170,1186
A064520,바른전자,20140417,1364,1369,1279,1279,3498522,219261,0,1241,1119,1170,1185
A064520,바른전자,20140416,1346,1405,1292,1360,8881832,148473,-695,1203,1109,1169,1185
A064520,바른전자,20140415,1153,1315,1140,1315,14593014,166696,695,1147,1095,1168,1184
A064520,바른전자,20140414,1099,1153,1099,1144,2024611,207816,0,1102,1083,1168,1183
A064520,바른전자,20140411,1072,1108,1068,1108,641857,228894,0,1091,1080,1170,1183
A064520,바른전자,20140410,1081,1090,1077,1086,207758,216580,0,1087,1076,1174,1183
A064520,바른전자,20140409,1090,1095,1077,1081,303635,217531,0,1086,1078,1177,1183
A064520,바른전자,20140408,1086,1090,1077,1090,346652,219583,0,1086,1080,1181,1184
A064520,바른전자,20140407,1095,1099,1081,1090,330468,247643,0,1088,1082,1185,1184
A064520,바른전자,20140404,1086,1095,1077,1090,288178,247791,0,1086,1084,1188,1185
A064520,바른전자,20140403,1086,1095,1077,1081,432413,225330,0,1086,1086,1191,1185
A064520,바른전자,20140402,1104,1108,1077,1081,621889,226163,0,1081,1088,1193,1185
A064520,바른전자,20140401,1086,1113,1077,1099,886027,230506,0,1075,1092,1196,1185
A064520,바른전자,20140331,1086,1099,1068,1081,436105,224196,0,1066,1093,1198,1185
A064520,바른전자,20140328,1063,1104,1059,1086,749064,267623,0,1063,1095,1199,1184
A064520,바른전자,20140327,1054,1068,1050,1059,403700,226925,0,1062,1096,1201,1184
A064520,바른전자,20140326,1068,1072,1050,1050,463634,229468,0,1065,1104,1204,1183
A064520,바른전자,20140325,1063,1090,1054,1054,544824,219346,0,1072,1115,1207,1183
A064520,바른전자,20140324,1081,1086,1063,1068,475032,230646,0,1077,1126,1209,1183
A064520,바른전자,20140321,1077,1090,1072,1081,357346,226343,0,1079,1134,1211,1183
A064520,바른전자,20140320,1090,1095,1050,1072,508046,203087,0,1071,1143,1212,1182
A064520,바른전자,20140319,1077,1095,1054,1086,514596,202177,0,1079,1154,1214,1182
A064520,바른전자,20140318,1099,1099,1072,1077,475436,194807,0,1085,1162,1217,1181
A064520,바른전자,20140317,1041,1113,1032,1077,1591262,167628,0,1098,1172,1219,1181
A064520,바른전자,20140314,1068,1090,1027,1041,1668871,223105,0,1107,1180,1221,1181
A064520,바른전자,20140313,1122,1131,1108,1113,292842,190350,0,1125,1190,1222,1181
A064520,바른전자,20140312,1140,1140,1113,1117,395181,184379,0,1129,1195,1224,1180
A064520,바른전자,20140311,1117,1144,1108,1140,353063,215135,0,1134,1202,1222,1179
A064520,바른전자,20140310,1135,1140,1108,1122,591894,145238,0,1132,1206,1221,1178
A064520,바른전자,20140307,1140,1144,1131,1131,511467,166115,0,1130,1213,1221,1177
A064520,바른전자,20140306,1144,1158,1135,1135,443409,117305,0,1124,1217,1221,1176
A064520,바른전자,20140305,1126,1153,1126,1144,755562,117305,0,1143,1223,1221,1175
A064520,바른전자,20140304,1113,1158,1104,1126,1506349,111025,0,1167,1226,1221,1174
A064520,바른전자,20140303,1104,1144,1090,1113,1113937,163464,0,1196,1233,1224,1173
A064520,바른전자,20140228,1086,1140,1072,1104,3539830,201751,0,1222,1240,1225,1172
A064520,바른전자,20140227,1261,1274,1221,1229,776382,206133,0,1253,1250,1225,1171
A064520,바른전자,20140226,1283,1283,1252,1261,494107,227738,0,1263,1252,1224,1169
A064520,바른전자,20140225,1256,1301,1252,1274,868667,227905,0,1263,1250,1222,1167
A064520,바른전자,20140224,1265,1288,1243,1243,573971,245618,0,1262,1247,1219,1165
A064520,바른전자,20140221,1283,1310,1256,1256,744114,274709,0,1262,1247,1217,1163
A064520,바른전자,20140220,1265,1306,1261,1283,1854002,304816,0,1257,1246,1215,1161
A064520,바른전자,20140219,1274,1292,1256,1261,344422,351780,0,1246,1245,1213,1159
A064520,바른전자,20140218,1252,1279,1238,1265,705532,349639,0,1242,1247,1210,1158
A064520,바른전자,20140217,1234,1247,1221,1247,286829,355908,0,1236,1248,1208,1156
A064520,바른전자,20140214,1234,1252,1225,1229,337956,324863,0,1237,1250,1207,1154
A064520,바른전자,20140213,1229,1261,1229,1229,335338,303627,0,1236,1255,1206,1153
A064520,바른전자,20140212,1252,1252,1234,1238,319544,249696,0,1238,1257,1206,1151
A064520,바른전자,20140211,1256,1261,1225,1238,568772,221613,0,1233,1262,1207,1149
A064520,바른전자,20140210,1225,1261,1207,1252,978601,236093,0,1237,1266,1208,1148
A064520,바른전자,20140207,1234,1252,1216,1221,584996,189357,0,1239,1266,1209,1146
A064520,바른전자,20140206,1207,1243,1203,1243,574607,200991,0,1254,1269,1210,1144
A064520,바른전자,20140205,1274,1279,1203,1212,829140,148756,0,1258,1268,1211,1143
A064520,바른전자,20140204,1243,1288,1216,1256,843876,178494,0,1261,1269,1210,1142
A064520,바른전자,20140203,1324,1387,1265,1265,2350097,138100,0,1254,1267,1208,1140
A064520,바른전자,20140129,1274,1297,1261,1292,1025378,169471,0,1247,1263,1207,1139
A064520,바른전자,20140128,1234,1310,1216,1265,1986254,175594,0,1239,1259,1205,1137
A064520,바른전자,20140127,1194,1229,1189,1225,804137,301991,0,1237,1256,1204,1135
A064520,바른전자,20140124,1221,1243,1207,1225,646502,260000,0,1253,1256,1203,1134
A064520,바른전자,20140123,1252,1283,1225,1229,1012629,158368,0,1264,1255,1202,1133
A064520,바른전자,20140122,1252,1292,1229,1252,937120,131706,0,1275,1251,1201,1132
A064520,바른전자,20140121,1315,1355,1238,1256,2045482,74458,0,1291,1247,1201,1131
A064520,바른전자,20140120,1319,1333,1288,1301,861738,70291,0,1293,1245,1200,1129
A064520,바른전자,20140117,1283,1324,1261,1283,1443841,148677,0,1302,1241,1199,1127
A064520,바른전자,20140116,1342,1342,1279,1283,1436824,110038,0,1307,1237,1198,1126
A064520,바른전자,20140115,1270,1360,1247,1333,4084126,109421,0,1304,1232,1196,1124
A064520,바른전자,20140114,1292,1310,1238,1265,2545461,90505,0,1291,1223,1192,1122
A064520,바른전자,20140113,1310,1400,1301,1346,2447273,73896,0,1285,1219,1190,1121
A064520,바른전자,20140110,1265,1409,1247,1310,6929739,152551,0,1263,1203,1187,1118
A064520,바른전자,20140109,1270,1274,1243,1265,647743,203475,0,1242,1192,1184,1116
A064520,바른전자,20140108,1234,1274,1229,1270,1492989,198032,0,1227,1184,1182,1115
A064520,바른전자,20140107,1229,1261,1221,1234,861019,242428,0,1213,1177,1179,1113
A064520,바른전자,20140106,1207,1243,1185,1234,1110353,288471,0,1209,1172,1177,1111
A064520,바른전자,20140103,1176,1212,1158,1207,706738,235383,0,1207,1168,1174,1110
A064520,바른전자,20140102,1216,1216,1180,1189,578251,146333,0,1205,1173,1172,1108
A064520,바른전자,20131230,1225,1243,1162,1203,1657504,192455,0,1199,1170,1169,1107
A064520,바른전자,20131227,1225,1256,1203,1212,1035382,126417,0,1191,1168,1166,1106
A064520,바른전자,20131226,1203,1279,1189,1225,1935354,114777,0,1192,1165,1163,1104
A064520,바른전자,20131224,1171,1198,1153,1194,618022,243299,0,1192,1160,1159,1103
A064520,바른전자,20131223,1167,1216,1153,1162,915443,168215,0,1193,1156,1157,1102
A064520,바른전자,20131220,1225,1234,1144,1162,1183657,101723,0,1200,1154,1155,1101
A064520,바른전자,20131219,1225,1274,1203,1216,1539421,52544,0,1195,1152,1152,1101
A064520,바른전자,20131218,1207,1247,1180,1225,1624283,62138,0,1190,1149,1149,1099
A064520,바른전자,20131217,1198,1261,1176,1198,1569583,65693,0,1152,1142,1146,1097
A064520,바른전자,20131216,1135,1265,1135,1198,2660502,60649,0,1127,1140,1143,1095
A064520,바른전자,20131213,1203,1207,1108,1140,2706813,88580,0,1109,1138,1140,1094
A064520,바른전자,20131212,1036,1189,1014,1189,3252351,23475,0,1108,1140,1139,1093
A064520,바른전자,20131211,1077,1081,1027,1036,650825,53888,0,1098,1142,1136,1092
A064520,바른전자,20131210,1099,1122,1068,1072,762808,63611,0,1120,1155,1136,1092
A064520,바른전자,20131209,1126,1153,1108,1108,894180,52737,0,1167,1168,1134,1092
A064520,바른전자,20131206,1131,1180,1126,1135,832304,63125,0,1174,1177,1133,1092
A064520,바른전자,20131205,1135,1167,1108,1140,1545508,63654,0,1177,1186,1130,1092
A064520,바른전자,20131204,1247,1274,1126,1144,6995090,40805,0,1180,1192,1128,1092
A064520,바른전자,20131203,1149,1310,1122,1310,5349442,45290,0,1175,1191,1126,1092
A064520,바른전자,20131202,1153,1162,1131,1140,221233,98952,-110,1135,1184,1121,1091
A064520,바른전자,20131129,1149,1176,1149,1153,282597,92639,-80,1134,1187,1119,1091
A064520,바른전자,20131128,1126,1180,1122,1153,1083630,103994,0,1129,1189,1117,1091
A064520,바른전자,20131127,1104,1153,1104,1117,389567,58513,0,1127,1192,1114,1091
A064520,바른전자,20131126,1144,1144,1108,1113,333620,13426,0,1123,1194,1112,1092
A064520,바른전자,20131125,1144,1180,1126,1135,645739,17195,0,1129,1196,1110,1093
A064520,바른전자,20131122,1203,1203,1126,1126,928268,21732,0,1136,1199,1109,1094
A064520,바른전자,20131121,1108,1189,1077,1144,1250724,31176,0,1146,1204,1107,1095
A064520,바른전자,20131120,1122,1144,1072,1099,673652,94692,0,1165,1208,1106,1096
A064520,바른전자,20131119,1167,1171,1036,1140,1554534,90154,0,1203,1213,1105,1097
A064520,바른전자,20131118,1167,1194,1158,1171,484092,60492,0,1239,1216,1103,1098
A064520,바른전자,20131115,1234,1234,1135,1176,1706962,89231,0,1265,1216,1102,1099
A064520,바른전자,20131114,1292,1301,1198,1238,1160865,74677,0,1290,1215,1099,1099
A064520,바른전자,20131113,1319,1342,1225,1292,1605807,28728,-17,1295,1209,1096,1100
A064520,바른전자,20131112,1333,1346,1301,1319,1258495,24042,0,1264,1201,1092,1099
A064520,바른전자,20131111,1301,1342,1256,1301,1769137,47153,0,1234,1193,1087,1099
A064520,바른전자,20131108,1288,1342,1243,1301,3009835,58244,0,1213,1186,1082,1099
A064520,바른전자,20131107,1140,1279,1117,1261,2063152,158449,0,1191,1176,1078,1098
A064520,바른전자,20131106,1171,1180,1131,1140,519981,189513,0,1182,1169,1074,1098
A064520,바른전자,20131105,1189,1203,1167,1167,421939,216717,0,1187,1164,1074,1099
A064520,바른전자,20131104,1185,1207,1171,1194,297734,250476,0,1182,1158,1072,1100
A064520,바른전자,20131101,1212,1225,1167,1194,523710,213416,97,1181,1150,1070,1100
A064520,바른전자,20131031,1176,1247,1176,1216,1115743,196898,0,1189,1141,1068,1101
A064520,바른전자,20131030,1158,1194,1144,1162,480635,243286,0,1188,1131,1066,1101
A064520,바른전자,20131029,1194,1198,1144,1144,710035,215135,0,1198,1124,1066,1101
A064520,바른전자,20131028,1234,1243,1167,1189,719753,197528,0,1211,1119,1065,1102
A064520,바른전자,20131025,1225,1261,1216,1234,557434,146425,0,1205,1111,1063,1102
A064520,바른전자,20131024,1203,1238,1185,1212,746288,147880,0,1188,1101,1060,1102
A064520,바른전자,20131023,1221,1243,1194,1212,943292,94637,0,1171,1091,1058,1102
A064520,바른전자,20131022,1176,1256,1135,1207,2175751,95874,0,1154,1082,1056,1102
A064520,바른전자,20131021,1158,1167,1131,1162,311787,123699,0,1144,1073,1054,1102
A064520,바른전자,20131018,1122,1194,1113,1149,807300,118460,0,1143,1067,1053,1102
A064520,바른전자,20131017,1122,1144,1090,1126,568749,143354,0,1134,1062,1052,1102
A064520,바른전자,20131016,1176,1207,1126,1126,1312743,107534,330,1133,1057,1051,1102
A064520,바른전자,20131015,1153,1167,1077,1158,695310,118728,0,1118,1051,1050,1103
A064520,바른전자,20131014,1126,1203,1126,1158,1534652,46720,-2000,1094,1043,1048,1103
A064520,바른전자,20131011,1144,1153,1104,1104,795616,44759,0,1070,1035,1047,1104
A064520,바른전자,20131010,1063,1135,1054,1117,1940038,51956,2000,1053,1029,1046,1104
A064520,바른전자,20131008,1027,1054,1014,1054,378348,38539,0,1032,1024,1045,1105
A064520,바른전자,20131007,1050,1072,1036,1036,623352,31212,0,1026,1022,1045,1106
A064520,바른전자,20131004,1014,1054,1010,1041,675733,31212,0,1026,1021,1045,1107
A064520,바른전자,20131002,1014,1027,1001,1019,213841,30259,0,1026,1020,1045,1107
A064520,바른전자,20131001,1019,1032,1001,1010,240264,31413,0,1027,1019,1046,1108
A064520,바른전자,20130930,1059,1059,1014,1023,181449,43408,0,1030,1019,1046,1109
A064520,바른전자,20130927,1041,1054,1032,1036,165054,47100,0,1031,1016,1047,1110
A064520,바른전자,20130926,1019,1041,1014,1041,146963,53339,0,1029,1016,1047,1112
A064520,바른전자,20130925,1036,1036,1014,1023,130374,35448,0,1028,1016,1048,1113
A064520,바른전자,20130924,1019,1050,1019,1027,197997,37376,0,1033,1017,1049,1115
A064520,바른전자,20130923,1027,1063,1010,1027,347193,44943,0,1033,1018,1048,1117
A064520,바른전자,20130917,1032,1041,1019,1027,160415,61833,0,1028,1020,1047,1118
A064520,바른전자,20130916,1036,1050,1032,1036,257360,56675,0,1022,1020,1047,1120
A064520,바른전자,20130913,1027,1077,1027,1050,768355,62802,0,1016,1022,1047,1122
A064520,바른전자,20130912,1010,1032,1001,1023,261349,59779,0,1004,1021,1046,1124
A064520,바른전자,20130911,1001,1010,987,1005,255664,50580,0,1002,1022,1047,1126
A064520,바른전자,20130910,1001,1010,987,996,220380,31245,0,1003,1023,1049,1128
A064520,바른전자,20130909,1005,1010,987,1005,252408,25399,0,1006,1025,1050,1131
A064520,바른전자,20130906,1014,1023,992,992,195943,23931,0,1010,1027,1052,1133
A064520,바른전자,20130905,1010,1027,1005,1014,189131,28983,0,1013,1029,1054,1135
A064520,바른전자,20130904,1010,1019,1005,1010,164438,18484,0,1010,1031,1056,1137
A064520,바른전자,20130903,1027,1027,1005,1010,298800,16292,0,1003,1035,1058,1140
A064520,바른전자,20130902,1001,1023,996,1023,254415,29916,0,1005,1039,1060,1144
A064520,바른전자,20130830,992,1019,987,1010,258407,22126,0,1009,1041,1062,1148
A064520,바른전자,20130829,992,1010,978,996,173571,21251,0,1018,1045,1065,1152
A064520,바른전자,20130828,996,996,947,978,678296,24530,0,1026,1049,1068,1157
A064520,바른전자,20130827,1041,1054,1014,1019,411016,16817,0,1046,1056,1072,1161
A064520,바른전자,20130826,1054,1063,1036,1041,272593,18255,0,1048,1060,1076,1165
A064520,바른전자,20130823,1041,1068,1041,1054,216488,16961,0,1052,1061,1079,1168
A064520,바른전자,20130822,1072,1072,1014,1036,453715,16961,0,1048,1062,1083,1171
A064520,바른전자,20130821,1036,1122,1005,1081,2325157,15906,0,1051,1065,1086,1175
A064520,바른전자,20130820,1063,1068,1027,1027,561564,30283,0,1040,1066,1089,1177
A064520,바른전자,20130819,1032,1090,1032,1063,957861,51379,0,1041,1069,1093,1181
A064520,바른전자,20130816,1041,1045,1023,1032,237935,65509,0,1036,1071,1096,1184
A064520,바른전자,20130814,1023,1063,1023,1054,240093,66962,0,1037,1074,1099,1187
A064520,바른전자,20130813,1032,1036,1014,1023,321245,58268,0,1035,1074,1103,1190
A064520,바른전자,20130812,1041,1045,1032,1032,233793,35811,0,1049,1076,1107,1194
A064520,바른전자,20130809,1054,1054,1036,1041,205920,34869,0,1060,1078,1111,1197
A064520,바른전자,20130808,1045,1054,1032,1036,290477,31389,0,1068,1079,1115,1200
A064520,바른전자,20130807,1086,1086,1032,1045,753891,32639,0,1077,1080,1118,1204
A064520,바른전자,20130806,1090,1099,1077,1090,293075,35306,0,1085,1080,1122,1207
A064520,바른전자,20130805,1077,1095,1072,1090,349753,36522,0,1089,1078,1125,1210
A064520,바른전자,20130802,1086,1104,1077,1077,465616,38523,0,1089,1074,1127,1213
A064520,바른전자,20130801,1108,1108,1077,1081,452067,41791,0,1088,1073,1130,1216
A064520,바른전자,20130731,1122,1122,1086,1086,357887,52120,0,1087,1073,1133,1219
A064520,바른전자,20130730,1086,1135,1077,1113,1126024,64155,0,1087,1070,1135,1222
A064520,바른전자,20130729,1077,1135,1077,1090,1030782,68294,0,1086,1068,1137,1224
A064520,바른전자,20130726,1072,1086,1063,1072,149267,94174,0,1085,1067,1139,1226
A064520,바른전자,20130725,1090,1099,1068,1072,310727,92174,0,1090,1067,1141,1229
A064520,바른전자,20130724,1095,1104,1086,1090,240754,92285,0,1094,1067,1143,1232
A064520,바른전자,20130723,1077,1104,1072,1104,387342,99509,0,1088,1062,1145,1234
A064520,바른전자,20130722,1104,1113,1081,1086,277330,96011,0,1081,1056,1147,1237
A064520,바른전자,20130719,1104,1126,1090,1099,487034,81863,0,1077,1053,1149,1241
A064520,바른전자,20130718,1063,1135,1063,1090,1405481,98657,0,1071,1048,1151,1244
A064520,바른전자,20130717,1063,1072,1054,1063,274386,95878,0,1065,1044,1152,1247
A064520,바른전자,20130716,1068,1072,1050,1068,256683,104561,0,1059,1045,1153,1251
A064520,바른전자,20130715,1077,1081,1054,1063,190488,73639,0,1054,1046,1155,1255
A064520,바른전자,20130712,1059,1081,1054,1072,199611,73849,0,1047,1047,1158,1259
A064520,바른전자,20130711,1032,1068,1010,1059,357260,49544,0,1043,1049,1160,1263
A064520,바른전자,20130710,1036,1054,1027,1032,184576,8400,0,1047,1052,1162,1266
A064520,바른전자,20130709,1023,1059,1014,1045,291686,21862,0,1047,1057,1165,1270
A064520,바른전자,20130708,1050,1063,1027,1027,246943,4849,0,1052,1062,1167,1275
A064520,바른전자,20130705,1090,1090,1050,1050,350951,5327,0,1061,1068,1169,1279
A064520,바른전자,20130704,1032,1095,1027,1081,1064877,4891,0,1063,1072,1170,1283
A064520,바른전자,20130703,1059,1072,1014,1032,570856,11979,0,1063,1076,1170,1286
A064520,바른전자,20130702,1072,1086,1050,1068,298592,33039,0,1054,1083,1172,1289
A064520,바른전자,20130701,1054,1081,1054,1072,242441,53059,0,1036,1091,1173,1291
A064520,바른전자,20130628,1104,1104,1054,1063,565100,20949,0,1028,1100,1176,1293
A064520,바른전자,20130627,992,1135,992,1081,2573289,31171,0,1013,1110,1178,1295
A064520,바른전자,20130626,978,1014,969,987,369055,64128,0,1002,1119,1181,1296
A064520,바른전자,20130625,1027,1027,942,978,474433,65467,0,1019,1132,1185,1298
A064520,바른전자,20130624,978,1054,978,1032,546372,114703,0,1043,1145,1189,1301
A064520,바른전자,20130621,956,1001,938,987,718414,104460,0,1051,1156,1193,1302
A064520,바른전자,20130620,1063,1068,1019,1027,464162,50178,0,1076,1169,1197,1305
A064520,바른전자,20130619,1095,1099,1054,1072,339337,28708,0,1095,1180,1202,1307
A064520,바른전자,20130618,1072,1095,1059,1095,214763,44752,0,1109,1191,1205,1308
A064520,바른전자,20130617,1113,1135,1036,1072,416401,30214,0,1117,1199,1208,1310
A064520,바른전자,20130614,1122,1140,1099,1113,340340,12912,0,1134,1209,1212,1311
A064520,바른전자,20130613,1131,1149,1117,1122,237571,21873,0,1138,1216,1215,1313
A064520,바른전자,20130612,1126,1167,1117,1144,249219,17166,0,1142,1223,1216,1314
A064520,바른전자,20130611,1149,1158,1126,1135,335858,19366,0,1150,1228,1218,1315
A064520,바른전자,20130610,1144,1158,1131,1158,274443,32760,0,1167,1235,1222,1316
A064520,바른전자,20130607,1144,1162,1104,1131,445667,44365,0,1186,1239,1227,1317
A064520,바른전자,20130605,1185,1189,1140,1144,775720,45920,0,1211,1246,1234,1318
A064520,바른전자,20130604,1221,1234,1167,1180,727334,72389,0,1237,1250,1240,1319
A064520,바른전자,20130603,1252,1252,1216,1221,600345,61300,0,1252,1253,1246,1320
A064520,바른전자,20130531,1256,1274,1234,1256,842402,89191,0,1255,1252,1250,1321
A064520,바른전자,20130530,1274,1292,1256,1256,511559,117305,0,1252,1249,1254,1322
A064520,바른전자,20130529,1256,1292,1247,1274,1228915,148257,0,1249,1246,1258,1322
A064520,바른전자,20130528,1243,1261,1238,1252,398002,102751,0,1247,1243,1260,1322
A064520,바른전자,20130527,1238,1256,1225,1238,561538,59974,0,1253,1242,1263,1322
A064520,바른전자,20130524,1247,1252,1221,1238,398132,29623,0,1258,1240,1266,1322
A064520,바른전자,20130523,1256,1279,1243,1243,1115063,29623,0,1263,1239,1269,1322
A064520,바른전자,20130522,1283,1292,1261,1265,1047642,34534,0,1267,1237,1272,1323
A064520,바른전자,20130521,1270,1342,1270,1279,2596647,28799,0,1264,1232,1275,1323
A064520,바른전자,20130520,1270,1301,1247,1265,893164,9285,0,1257,1225,1277,1323
A064520,바른전자,20130516,1274,1292,1252,1265,568191,42565,0,1259,1221,1280,1323
A064520,바른전자,20130515,1247,1279,1238,1261,395476,73585,0,1255,1217,1283,1324
A064520,바른전자,20130514,1247,1261,1216,1252,622267,61741,0,1255,1215,1286,1323
A064520,바른전자,20130513,1265,1279,1243,1243,491926,87216,0,1251,1213,1290,1323
A064520,바른전자,20130510,1256,1301,1256,1274,1608463,66636,0,1249,1210,1293,1324
A064520,바른전자,20130509,1265,1297,1243,1247,740285,105672,0,1235,1204,1296,1324
A064520,바른전자,20130508,1229,1297,1216,1261,1305130,158988,0,1225,1198,1299,1325
A064520,바른전자,20130507,1238,1243,1216,1229,362692,162285,0,1213,1190,1302,1326
A064520,바른전자,20130506,1207,1238,1207,1234,495270,180959,0,1210,1185,1304,1326
A064520,바른전자,20130503,1207,1212,1189,1203,401970,133874,0,1207,1179,1308,1327
A064520,바른전자,20130502,1203,1216,1194,1198,349918,95893,0,1208,1178,1311,1328
A064520,바른전자,20130430,1221,1229,1189,1203,442677,71906,0,1211,1179,1314,1329
A064520,바른전자,20130429,1221,1234,1207,1212,402564,108909,0,1212,1179,1317,1329
A064520,바른전자,20130426,1212,1234,1212,1221,331110,110111,0,1201,1180,1320,1329
A064520,바른전자,20130425,1229,1229,1203,1207,450849,106256,0,1186,1181,1323,1329
A064520,바른전자,20130424,1216,1256,1212,1212,1021972,104733,0,1181,1183,1327,1328
A064520,바른전자,20130423,1167,1270,1153,1207,2078724,115561,0,1178,1184,1332,1327
A064520,바른전자,20130422,1131,1189,1131,1158,508891,55305,0,1179,1187,1337,1327
A064520,바른전자,20130419,1207,1207,1131,1144,824234,27318,0,1189,1193,1342,1327
A064520,바른전자,20130418,1194,1203,1162,1185,729846,173837,0,1196,1199,1348,1328
A064520,바른전자,20130417,1221,1234,1194,1194,1844609,122599,0,1191,1204,1354,1329
A064520,바른전자,20130416,1207,1225,1189,1216,681662,184123,0,1178,1209,1360,1329
A064520,바른전자,20130415,1180,1247,1162,1207,1811829,190643,0,1157,1215,1365,1330
A064520,바른전자,20130412,1180,1229,1171,1180,1272968,213247,0,1139,1212,1370,1331
A064520,바른전자,20130411,1167,1167,1131,1158,610197,286120,0,1127,1217,1375,1332
A064520,바른전자,20130410,1104,1149,1104,1131,457598,273282,0,1131,1226,1382,1333
A064520,바른전자,20130409,1117,1149,1081,1108,921067,213362,0,1150,1245,1389,1335
A064520,바른전자,20130408,1122,1162,1104,1117,1076745,144148,0,1169,1265,1396,1335
A064520,바른전자,20130405,1162,1194,1117,1122,1000902,131754,0,1191,1286,1402,1336
A064520,바른전자,20130404,1207,1216,1135,1176,1219513,127522,0,1214,1305,1405,1337
A064520,바른전자,20130403,1198,1247,1189,1225,944681,124858,0,1228,1321,1409,1337
A064520,바른전자,20130402,1221,1234,1158,1207,1021071,93407,0,1229,1335,1410,1337
A064520,바른전자,20130401,1243,1256,1221,1225,527193,60369,0,1241,1348,1411,1337
A064520,바른전자,20130329,1256,1265,1234,1238,696846,89777,0,1254,1357,1411,1336
A064520,바른전자,20130328,1238,1288,1238,1247,815699,88108,0,1259,1367,1412,1335
A064520,바른전자,20130327,1265,1274,1229,1229,1005559,50627,0,1264,1375,1412,1333
A064520,바른전자,20130326,1283,1288,1243,1265,928839,46295,0,1280,1383,1412,1331
A064520,바른전자,20130325,1261,1324,1261,1292,1896016,42412,0,1292,1392,1412,1330
A064520,바른전자,20130322,1270,1283,1221,1261,1210211,110065,0,1265,1399,1412,1328
A064520,바른전자,20130321,1306,1315,1270,1274,1479106,37924,0,1266,1407,1412,1326
A064520,바른전자,20130320,1324,1369,1279,1306,6084828,26902,0,1281,1416,1411,1324
A064520,바른전자,20130319,1194,1328,1171,1328,8698920,50891,0,1321,1424,1411,1321
A064520,바른전자,20130318,1265,1270,1149,1158,3497253,76269,0,1359,1429,1411,1318
A064520,바른전자,20130315,1346,1355,1252,1265,3305592,61948,0,1434,1444,1413,1318
A064520,바른전자,20130314,1476,1476,1288,1346,6000427,50398,0,1480,1452,1412,1316
A064520,바른전자,20130313,1508,1526,1485,1508,799572,36111,0,1511,1458,1411,1313
A064520,바른전자,20130312,1539,1544,1508,1517,1388184,0,0,1509,1455,1406,1309
A064520,바른전자,20130311,1499,1544,1431,1535,2001227,0,0,1499,1449,1402,1304
A064520,바른전자,20130308,1508,1535,1481,1494,1437201,27436,0,1475,1442,1398,1299
A064520,바른전자,20130307,1494,1508,1463,1499,860404,61000,0,1462,1439,1395,1295
A064520,바른전자,20130306,1472,1508,1454,1499,1362308,48369,0,1443,1434,1392,1290
A064520,바른전자,20130305,1423,1476,1414,1467,1459357,55921,0,1423,1428,1389,1286
A064520,바른전자,20130304,1431,1445,1414,1414,672581,35625,0,1417,1423,1386,1281
A064520,바른전자,20130228,1414,1431,1400,1431,694842,86329,0,1422,1424,1384,1277
A064520,바른전자,20130227,1405,1440,1405,1405,634218,41292,0,1418,1422,1381,1273
A064520,바른전자,20130226,1431,1431,1400,1400,637788,37845,0,1430,1425,1378,1270
A064520,바른전자,20130225,1436,1467,1423,1436,694855,44967,0,1441,1430,1376,1266
A064520,바른전자,20130222,1414,1445,1414,1436,692205,60525,0,1440,1433,1374,1262
A064520,바른전자,20130221,1454,1454,1409,1414,1042912,69623,0,1445,1434,1372,1258
A064520,바른전자,20130220,1463,1494,1458,1463,1363580,80267,0,1449,1439,1370,1254
A064520,바른전자,20130219,1436,1467,1423,1458,1039232,118771,0,1447,1442,1367,1250
A064520,바른전자,20130218,1458,1476,1427,1431,811143,80083,0,1445,1447,1364,1247
A064520,바른전자,20130215,1436,1467,1396,1458,1422073,174278,0,1441,1453,1360,1244
A064520,바른전자,20130214,1440,1454,1423,1436,623757,127506,0,1429,1453,1357,1240
A064520,바른전자,20130213,1436,1472,1427,1454,1117526,135075,0,1426,1456,1355,1237
A064520,바른전자,20130212,1414,1454,1391,1445,1108947,190769,0,1417,1463,1353,1233
A064520,바른전자,20130208,1396,1423,1382,1414,820767,189048,0,1403,1468,1351,1229
A064520,바른전자,20130207,1423,1431,1387,1396,820552,199133,0,1394,1472,1349,1227
A064520,바른전자,20130206,1414,1476,1400,1423,2003731,219205,0,1399,1478,1348,1224
A064520,바른전자,20130205,1355,1427,1351,1405,1038523,399862,0,1392,1473,1347,1221
A064520,바른전자,20130204,1382,1409,1378,1378,499916,394685,0,1406,1470,1345,1217
A064520,바른전자,20130201,1427,1427,1364,1369,1107003,399921,0,1432,1466,1344,1214
A064520,바른전자,20130131,1382,1431,1373,1418,810877,287209,0,1455,1462,1342,1210
A064520,바른전자,20130130,1472,1481,1391,1391,1579204,108686,0,1464,1453,1339,1206
A064520,바른전자,20130129,1499,1512,1472,1472,1240792,85062,0,1489,1448,1334,1203
A064520,바른전자,20130128,1481,1512,1449,1512,1151570,164466,0,1498,1436,1328,1198
A064520,바른전자,20130125,1454,1485,1427,1481,1403722,283768,0,1509,1422,1322,1193
A064520,바른전자,20130124,1539,1539,1427,1463,2103718,227437,0,1520,1411,1316,1188
A064520,바른전자,20130123,1571,1602,1517,1517,3973809,218831,0,1521,1402,1312,1183
A064520,바른전자,20130122,1580,1580,1517,1517,1500736,271677,0,1518,1389,1308,1178
A064520,바른전자,20130121,1539,1566,1517,1566,1651048,332720,0,1534,1376,1303,1173
A064520,바른전자,20130118,1490,1571,1476,1539,3731412,246642,0,1528,1362,1299,1168
A064520,바른전자,20130117,1503,1503,1436,1467,2569912,296649,0,1520,1350,1295,1162
A064520,바른전자,20130116,1575,1589,1499,1503,3699638,28284,0,1528,1341,1292,1158
A064520,바른전자,20130115,1535,1593,1494,1593,4518099,52875,0,1491,1329,1288,1153
A064520,바른전자,20130114,1503,1589,1481,1539,8121998,56780,0,1444,1311,1284,1147
A064520,바른전자,20130111,1616,1633,1467,1499,13078928,59569,0,1397,1296,1280,1142
A064520,바른전자,20130110,1319,1508,1306,1508,6687947,78542,0,1353,1285,1274,1137
A064520,바른전자,20130109,1360,1391,1297,1315,1595294,73435,0,1300,1274,1270,1133
A064520,바른전자,20130108,1297,1360,1283,1360,1574200,134855,0,1292,1273,1268,1130
A064520,바른전자,20130107,1274,1315,1252,1301,1736527,102665,0,1266,1271,1266,1127
A064520,바른전자,20130104,1247,1279,1229,1279,863024,109236,0,1253,1273,1264,1124
A064520,바른전자,20130103,1270,1279,1243,1243,786655,102160,0,1250,1273,1262,1121
A064520,바른전자,20130102,1238,1279,1221,1279,933599,145165,0,1261,1275,1261,1119
A064520,바른전자,20121228,1243,1261,1229,1229,576956,121769,0,1256,1275,1257,1117
A064520,바른전자,20121227,1247,1256,1229,1234,1185421,128257,0,1261,1275,1254,1115
A064520,바른전자,20121226,1297,1315,1265,1265,1044712,83420,0,1269,1276,1251,1113
A064520,바른전자,20121224,1261,1297,1247,1297,1057326,96214,0,1278,1278,1248,1111
A064520,바른전자,20121221,1270,1270,1238,1256,640341,79854,0,1277,1279,1244,1108
A064520,바른전자,20121220,1261,1283,1238,1252,959402,90362,0,1275,1282,1240,1106
A064520,바른전자,20121218,1315,1324,1274,1274,1010826,84104,0,1273,1282,1236,1104
A064520,바른전자,20121217,1297,1319,1279,1310,1047070,79673,0,1267,1283,1231,1101
A064520,바른전자,20121214,1234,1310,1234,1292,1847554,111277,0,1260,1278,1226,1098
A064520,바른전자,20121213,1256,1279,1229,1247,518058,108205,0,1258,1275,1222,1096
A064520,바른전자,20121212,1256,1261,1221,1243,568733,92286,0,1270,1279,1219,1094
A064520,바른전자,20121211,1288,1288,1243,1243,934465,87893,0,1284,1284,1215,1093
A064520,바른전자,20121210,1283,1301,1247,1274,761028,93011,0,1303,1288,1211,1091
A064520,바른전자,20121207,1306,1315,1270,1283,1001923,76183,0,1306,1290,1206,1090
A064520,바른전자,20121206,1315,1333,1288,1306,1370426,72666,0,1304,1292,1201,1088
A064520,바른전자,20121205,1328,1342,1288,1315,1658859,94776,0,1299,1294,1195,1086
A064520,바른전자,20121204,1297,1342,1288,1337,2136049,131555,0,1281,1293,1189,1083
A064520,바른전자,20121203,1283,1319,1261,1288,1433131,131105,0,1264,1293,1182,1081
A064520,바른전자,20121130,1297,1306,1261,1274,777699,159744,0,1270,1291,1176,1079
A064520,바른전자,20121129,1229,1283,1229,1279,845168,282564,0,1278,1288,1171,1076
A064520,바른전자,20121128,1256,1274,1225,1225,878358,220120,0,1283,1281,1165,1074
A064520,바른전자,20121127,1315,1319,1221,1256,1591398,123839,0,1290,1275,1161,1072
A064520,바른전자,20121126,1333,1337,1288,1315,1042529,146192,0,1298,1270,1156,1070
A064520,바른전자,20121123,1297,1355,1292,1315,1524745,133457,0,1275,1260,1150,1066
A064520,바른전자,20121122,1265,1306,1265,1306,1042475,206016,0,1262,1254,1145,1063
A064520,바른전자,20121121,1310,1315,1256,1256,839431,170171,0,1263,1253,1139,1060
A064520,바른전자,20121120,1234,1306,1216,1297,1491434,223429,0,1282,1252,1134,1057
A064520,바른전자,20121119,1247,1283,1203,1203,1217686,175981,0,1289,1252,1130,1054
A064520,바른전자,20121116,1319,1346,1212,1247,1800965,106603,0,1311,1256,1127,1052
A064520,바른전자,20121115,1346,1423,1288,1310,3702063,130614,0,1325,1258,1124,1049
A064520,바른전자,20121114,1337,1382,1319,1355,1729665,111292,0,1333,1258,1119,1045
A064520,바른전자,20121113,1292,1387,1292,1328,2413886,175082,0,1321,1257,1113,1042
A064520,바른전자,20121112,1315,1337,1279,1315,1052962,220463,0,1322,1256,1108,1038
A064520,바른전자,20121109,1346,1373,1288,1315,1493629,122731,0,1309,1248,1104,1034
A064520,바른전자,20121108,1256,1355,1243,1351,1490177,236559,0,1286,1243,1100,1030
A064520,바른전자,20121107,1355,1364,1279,1297,1592303,177800,0,1244,1237,1096,1027
A064520,바른전자,20121106,1247,1414,1234,1333,7331735,190979,0,1208,1234,1090,1023
A064520,바른전자,20121105,1221,1283,1203,1247,1408684,218011,0,1171,1226,1083,1020
A064520,바른전자,20121102,1158,1212,1153,1203,1193886,226901,0,1143,1222,1078,1017
A064520,바른전자,20121101,1117,1162,1108,1140,744411,298175,0,1145,1219,1074,1015
A064520,바른전자,20121031,1167,1171,1113,1117,736622,272638,0,1174,1217,1071,1013
A064520,바른전자,20121030,1086,1162,1086,1149,863616,296314,0,1195,1213,1067,1012
A064520,바른전자,20121029,1212,1234,1099,1108,2237212,173355,0,1225,1208,1063,1010
A064520,바른전자,20121026,1283,1288,1212,1212,1983545,115017,0,1263,1205,1060,1008
A064520,바른전자,20121025,1238,1283,1198,1283,2372493,326061,0,1277,1197,1055,1006
A064520,바른전자,20121024,1256,1315,1221,1221,2115882,205670,0,1282,1186,1049,1003
A064520,바른전자,20121023,1301,1333,1283,1301,1971907,191406,0,1304,1174,1043,999
A064520,바른전자,20121022,1243,1319,1212,1297,1997282,207726,0,1307,1158,1037,995
A064520,바른전자,20121019,1301,1324,1221,1283,2724571,139510,0,1276,1145,1030,991
A064520,바른전자,20121018,1346,1396,1283,1306,4711754,138484,0,1262,1133,1024,988
A064520,바른전자,20121017,1396,1458,1265,1333,11525361,186561,0,1248,1120,1017,985
A064520,바른전자,20121016,1158,1315,1113,1315,4577483,191967,0,1229,1104,1010,982
A064520,바른전자,20121015,1256,1279,1095,1144,3935930,126849,0,1202,1088,1003,979
A064520,바른전자,20121012,1279,1315,1207,1212,3572580,41192,0,1205,1080,1000,977
A064520,바른전자,20121011,1238,1337,1203,1238,5284347,67103,0,1193,1068,996,975
A064520,바른전자,20121010,1162,1355,1162,1234,8539128,117745,0,1163,1053,991,973
A064520,바른전자,20121009,1162,1207,1126,1180,2204291,116555,0,1123,1039,987,971
A064520,바른전자,20121008,1158,1207,1144,1162,2933559,107536,0,1097,1028,983,969
A064520,바른전자,20121005,1099,1162,1081,1149,3616808,162857,0,1078,1016,980,968
A064520,바른전자,20121004,1041,1108,1032,1090,3033322,143243,0,1057,1005,977,966
A064520,바른전자,20121002,1050,1068,1023,1036,1134658,92026,0,1051,998,976,964
A064520,바른전자,20120928,1081,1108,1045,1050,2244476,71225,0,1042,995,975,964
A064520,바른전자,20120927,1027,1063,1027,1063,1176498,103878,-5,1027,991,974,963
A064520,바른전자,20120926,1059,1086,1041,1045,2420424,109053,0,1019,986,973,962
A064520,바른전자,20120925,996,1081,974,1063,5208113,103633,0,1021,982,972,962
A064520,바른전자,20120924,969,1005,965,987,1063433,167731,0,1017,976,971,961
A064520,바른전자,20120921,1005,1014,942,978,3285194,165521,0,1022,975,971,961
A064520,바른전자,20120920,1068,1081,1019,1023,2383941,95533,0,1027,979,971,961
A064520,바른전자,20120919,1063,1104,1036,1054,4466683,119125,0,1017,980,971,960
A064520,바른전자,20120918,1014,1045,1001,1045,2087793,185285,0,1000,980,970,960
A064520,바른전자,20120917,1019,1036,996,1010,1660324,104206,0,981,978,970,960
A064520,바른전자,20120914,978,1014,965,1005,2525326,198708,0,968,978,971,960
A064520,바른전자,20120913,978,978,951,969,1055563,116549,0,959,979,972,961
A064520,바른전자,20120912,956,978,951,969,837984,123610,0,952,984,974,960
A064520,바른전자,20120911,947,960,938,951,613375,133856,0,944,990,975,961
A064520,바른전자,20120910,974,974,947,947,602292,127077,0,943,997,977,961
A064520,바른전자,20120907,960,1001,947,960,2325125,120726,4,947,997,978,961
A064520,바른전자,20120906,933,951,924,933,640801,111760,0,949,996,979,961
A064520,바른전자,20120905,947,951,929,929,906514,97364,0,956,997,981,962
A064520,바른전자,20120904,974,974,938,947,862080,100097,0,965,998,982,963
A064520,바른전자,20120903,974,992,947,965,1598032,96472,0,964,998,983,966
A064520,바른전자,20120831,969,996,965,969,1073303,122289,0,963,994,983,969
A064520,바른전자,20120830,974,1005,956,969,1466674,131499,0,979,991,983,973
A064520,바른전자,20120829,942,983,933,974,1623175,140403,0,994,988,983,977
A064520,바른전자,20120828,960,983,933,942,1598157,157629,0,1011,985,981,980
A064520,바른전자,20120827,1050,1081,906,960,4246407,126721,0,1025,983,981,982
A064520,바른전자,20120824,1027,1059,1014,1050,1616293,138171,0,1034,981,981,985
A064520,바른전자,20120823,1072,1086,1045,1045,2570330,94856,0,1029,973,979,988
A064520,바른전자,20120822,1019,1086,1001,1059,5042832,103779,0,1036,966,977,990
A064520,바른전자,20120821,1019,1054,1001,1010,2715683,135421,0,1039,958,974,993
A064520,바른전자,20120820,1027,1045,992,1005,3244953,180534,0,1055,952,972,995
A064520,바른전자,20120817,1090,1099,1023,1027,2940193,107064,0,1044,947,970,998
A064520,바른전자,20120816,1059,1117,1054,1077,8004183,131507,1,1027,943,968,1001
A064520,바른전자,20120814,1117,1117,1041,1077,8741000,190522,0,1002,936,964,1003
A064520,바른전자,20120813,956,1090,938,1090,12367936,213072,0,977,929,960,1006
A064520,바른전자,20120810,947,974,947,951,350782,233973,0,947,924,958,1009
A064520,바른전자,20120809,960,960,933,942,383188,227700,0,937,925,957,1012
A064520,바른전자,20120808,938,960,938,951,449193,225138,0,929,925,956,1015
A064520,바른전자,20120807,942,965,933,951,496513,230193,0,921,927,956,1018
A064520,바른전자,20120806,906,974,906,938,1045177,244689,0,913,929,956,1021
A064520,바른전자,20120803,902,906,895,902,218423,239413,0,906,932,956,1022
A064520,바른전자,20120802,911,929,902,902,194822,247521,0,908,937,956,1023
A064520,바른전자,20120801,915,920,902,911,184188,253654,0,907,942,957,1025
A064520,바른전자,20120731,906,929,897,911,305248,264444,0,906,946,957,1026
A064520,바른전자,20120730,929,929,897,906,235662,243426,0,901,950,957,1028
A064520,바른전자,20120727,906,920,897,911,303376,256933,0,898,954,957,1029
A064520,바른전자,20120726,906,915,894,896,326518,264674,0,900,958,955,1030
A064520,바른전자,20120725,884,938,867,906,668042,286679,0,908,961,954,1032
A064520,바른전자,20120724,884,897,867,887,470591,293331,0,914,966,953,1034
A064520,바른전자,20120723,915,920,888,891,515988,303923,0,927,972,953,1035
A064520,바른전자,20120720,942,947,911,920,394530,300340,0,944,980,953,1036
A064520,바른전자,20120719,938,947,920,938,409296,283445,0,955,987,954,1037
A064520,바른전자,20120718,951,969,906,933,564589,305948,0,957,993,954,1038
A064520,바른전자,20120717,974,978,951,951,355006,285533,0,966,1000,954,1039
A064520,바른전자,20120716,983,983,960,978,396010,306103,0,974,1007,955,1040
A064520,바른전자,20120713,933,996,933,974,963989,285216,0,979,1011,955,1040
A064520,바른전자,20120712,978,983,938,947,576561,308243,0,985,1012,955,1041
A064520,바른전자,20120711,992,992,951,978,1091038,310727,0,995,1016,956,1042
A064520,바른전자,20120710,1005,1010,974,992,527973,312739,0,997,1020,955,1043
A064520,바른전자,20120709,1014,1019,996,1005,498861,328974,0,998,1020,954,1044
A064520,바른전자,20120706,983,1023,983,1005,674261,354101,0,995,1019,953,1045
A064520,바른전자,20120705,987,1005,978,996,449460,328939,0,993,1017,952,1046
A064520,바른전자,20120704,1005,1005,983,987,483856,301071,0,985,1016,952,1046
A064520,바른전자,20120703,992,1005,983,996,622218,313373,0,988,1014,952,1046
A064520,바른전자,20120702,1001,1010,969,992,561497,247559,0,991,1009,951,1046
A064520,바른전자,20120629,969,996,960,992,393985,249867,0,1001,1007,951,1046
A064520,바른전자,20120628,1001,1010,960,960,732924,209391,0,1014,1004,950,1045
A064520,바른전자,20120627,1010,1023,969,1001,778940,198213,0,1037,1002,951,1044
A064520,바른전자,20120626,1014,1036,1001,1010,1000152,187692,0,1051,998,950,1043
A064520,바른전자,20120625,1054,1072,1032,1041,747923,187692,0,1064,992,950,1042
A064520,바른전자,20120622,1041,1063,1032,1059,584840,193882,0,1070,985,950,1041
A064520,바른전자,20120621,1059,1077,1032,1072,1187496,192376,0,1056,977,950,1040
A064520,바른전자,20120620,1095,1099,1059,1072,1015474,192697,0,1048,968,950,1039
A064520,바른전자,20120619,1072,1095,1041,1077,1855379,189621,0,1042,956,947,1037
A064520,바른전자,20120618,1023,1077,1014,1068,1797681,189731,0,1025,945,946,1036
A064520,바른전자,20120615,1032,1104,992,992,3354747,191060,0,1011,938,944,1035
A064520,바른전자,20120614,1041,1063,1019,1032,1217605,190992,0,1004,933,944,1034
A064520,바른전자,20120613,1005,1090,978,1041,4133136,190194,0,995,928,942,1032
A064520,바른전자,20120612,978,992,960,992,736139,215380,0,975,923,942,1031
A064520,바른전자,20120611,987,1001,974,996,1180891,200781,0,957,921,944,1031
A064520,바른전자,20120608,987,996,956,960,984839,201663,0,946,917,948,1031
A064520,바른전자,20120607,983,1019,951,987,2272135,202537,0,940,915,954,1032
A064520,바른전자,20120605,915,947,906,942,1144757,237366,0,929,912,964,1032
A064520,바른전자,20120604,911,933,893,902,1220732,217117,0,924,910,972,1033
A064520,바른전자,20120601,938,969,929,938,1070113,261787,0,923,911,978,1033
A064520,바른전자,20120531,915,956,902,933,1137984,296840,0,914,909,983,1034
A064520,바른전자,20120530,942,983,924,929,2156248,233191,0,905,902,990,1035
A064520,바른전자,20120529,897,942,896,920,1420339,273820,0,900,897,997,1036
A064520,바른전자,20120525,894,911,887,896,549057,195868,0,884,894,1004,1036
A064520,바른전자,20120524,893,920,887,891,698656,215026,0,876,894,1011,1037
A064520,바른전자,20120523,920,920,888,891,829264,212090,0,880,895,1018,1038
A064520,바른전자,20120522,878,951,851,902,2814648,242277,0,882,898,1027,1038
A064520,바른전자,20120521,856,875,822,838,927907,200783,0,886,899,1034,1039
A064520,바른전자,20120518,897,911,856,856,1190781,219759,0,907,905,1042,1041
A064520,바른전자,20120517,897,951,891,915,1294133,213002,0,929,912,1052,1041
A064520,바른전자,20120516,924,965,897,897,1310524,237053,0,927,916,1061,1041
A064520,바른전자,20120515,942,965,896,924,1280430,245752,0,933,921,1068,1042
A064520,바른전자,20120514,938,974,929,942,1677795,245022,0,934,924,1074,1042
A064520,바른전자,20120511,911,1036,892,969,10305086,246776,0,925,924,1079,1043
A064520,바른전자,20120510,947,965,896,902,1170596,229746,0,914,922,1085,1043
A064520,바른전자,20120509,911,942,911,929,901212,258096,0,916,922,1088,1044
A064520,바른전자,20120508,897,951,894,929,1405646,323432,0,889,924,1090,1044
A064520,바른전자,20120507,915,929,879,896,1419106,294763,0,868,928,1092,1046
A064520,바른전자,20120504,956,1001,915,915,4050353,306260,0,860,931,1096,1048
A064520,바른전자,20120503,799,911,789,911,3109754,393482,0,857,933,1099,1049
A064520,바른전자,20120502,799,820,718,793,1713954,435763,0,858,936,1101,1051
A064520,바른전자,20120430,843,879,808,825,1120565,258279,0,887,945,1106,1053
A064520,바른전자,20120427,906,920,852,857,1381382,183939,0,909,953,1111,1056
A064520,바른전자,20120426,920,942,892,897,1090114,181146,0,929,958,1115,1058
A064520,바른전자,20120425,933,951,911,920,936855,168939,0,946,963,1117,1061
A064520,바른전자,20120424,911,951,911,938,877781,184828,-5,961,970,1119,1063
A064520,바른전자,20120423,956,969,929,933,1053069,165934,0,976,974,1121,1065
A064520,바른전자,20120420,983,1001,942,956,1013544,181858,0,983,982,1123,1066
A064520,바른전자,20120419,996,1014,969,983,1168207,169696,0,981,981,1124,1067
A064520,바른전자,20120418,1014,1036,987,996,1645903,158939,0,969,981,1125,1069
A064520,바른전자,20120417,974,1059,960,1010,3918893,165718,0,954,980,1126,1070
A064520,바른전자,20120416,938,974,924,969,1438050,284710,0,944,978,1127,1071
A064520,바른전자,20120413,924,956,920,947,1829958,249926,0,952,975,1128,1072
A064520,바른전자,20120412,938,965,911,924,1377877,229280,0,953,981,1131,1072
A064520,바른전자,20120410,942,974,896,920,2366654,206827,0,958,989,1134,1072
A064520,바른전자,20120409,996,1014,951,960,2721225,197300,0,969,1006,1137,1072
A064520,바른전자,20120406,942,1090,942,1010,18796394,196493,0,973,1024,1140,1070
A064520,바른전자,20120405,924,951,906,951,944312,285943,0,967,1051,1141,1069
A064520,바른전자,20120404,960,992,870,951,2672909,220092,0,969,1075,1141,1068
A064520,바른전자,20120403,987,996,960,974,1472744,193942,0,980,1090,1141,1067
A064520,바른전자,20120402,987,1005,951,978,1457483,206124,0,994,1105,1141,1066
A064520,바른전자,20120330,960,1001,956,983,1463256,219873,0,1005,1123,1139,1064
A064520,바른전자,20120329,1005,1005,938,960,1993582,251040,0,1024,1142,1138,1062
A064520,바른전자,20120328,1059,1063,996,1005,2551311,170851,0,1019,1160,1136,1060
A064520,바른전자,20120327,1045,1086,1041,1045,4296760,170851,0,1016,1176,1135,1058
A064520,바른전자,20120326,1090,1108,1023,1032,6906820,171585,0,1002,1190,1132,1055
A064520,바른전자,20120323,947,1077,924,1077,10527816,290084,0,992,1208,1130,1052
A064520,바른전자,20120322,983,1005,929,938,2784525,190588,0,957,1220,1127,1049
A064520,바른전자,20120321,969,1005,965,987,2060002,179883,0,982,1242,1127,1047
A064520,바른전자,20120320,983,1014,956,978,3583633,183442,0,1001,1265,1126,1045
A064520,바른전자,20120319,965,1019,942,978,7686801,225815,0,1060,1287,1125,1044
A064520,바른전자,20120316,1081,1095,906,906,6271542,216766,0,1128,1303,1123,1042
A064520,바른전자,20120315,978,1122,960,1063,15495555,375068,-1090,1256,1324,1122,1041
A064520,바른전자,20120314,1265,1301,1081,1081,9371531,201282,1090,1330,1334,1120,1040
A064520,바른전자,20120313,1238,1283,1122,1270,12416653,272038,0,1363,1344,1117,1038
A064520,바른전자,20120312,1378,1414,1319,1319,5578793,194068,0,1362,1336,1113,1034
A064520,바른전자,20120309,1580,1642,1526,1548,21207475,228449,0,1367,1323,1109,1030
A064520,바른전자,20120308,1247,1431,1247,1431,4869261,185893,0,1331,1298,1100,1024
A064520,바른전자,20120307,1229,1297,1221,1247,1520114,189483,0,1310,1281,1093,1019
A064520,바른전자,20120306,1328,1346,1247,1265,2080645,110042,0,1326,1274,1089,1016
A064520,바른전자,20120305,1382,1400,1319,1342,2411894,141652,0,1336,1264,1085,1012
A064520,바른전자,20120302,1342,1391,1333,1369,2805921,201446,-28833,1346,1251,1080,1009
A064520,바른전자,20120229,1328,1364,1306,1328,2290538,231750,0,1335,1238,1074,1005
A064520,바른전자,20120228,1346,1378,1265,1324,3282667,312589,0,1344,1226,1068,1001
A064520,바른전자,20120227,1409,1445,1315,1319,3904033,204641,28833,1370,1212,1062,998
A064520,바른전자,20120224,1346,1449,1337,1391,6522841,383332,0,1389,1198,1057,995
A064520,바른전자,20120223,1355,1409,1315,1315,4206792,362883,0,1373,1180,1050,991
A064520,바른전자,20120222,1467,1503,1355,1369,7051518,139889,0,1373,1168,1045,988
A064520,바른전자,20120221,1436,1580,1423,1454,12607933,181176,0,1351,1151,1039,985
A064520,바른전자,20120220,1319,1494,1310,1418,11910259,223957,0,1316,1129,1030,981
A064520,바른전자,20120217,1351,1414,1306,1310,9358624,195399,0,1256,1112,1022,977
A064520,바른전자,20120216,1261,1405,1243,1315,11645081,208702,0,1206,1099,1016,974
A064520,바른전자,20120215,1346,1400,1216,1256,15466145,306220,0,1151,1086,1010,971
A064520,바른전자,20120214,1122,1283,1104,1283,11281474,392367,0,1118,1078,1006,969
A064520,바른전자,20120213,1081,1117,1077,1117,2313610,378831,0,1084,1068,1001,966
A064520,바른전자,20120210,1054,1086,1036,1059,1907804,370170,0,1073,1068,999,965
A064520,바른전자,20120209,1095,1104,1041,1041,2492114,147471,0,1079,1071,998,965
A064520,바른전자,20120208,1131,1131,1090,1090,2676994,111698,0,1093,1073,1000,965
A064520,바른전자,20120207,1077,1140,1054,1113,6613798,161757,0,1092,1066,1000,964
A064520,바른전자,20120206,1090,1113,1063,1063,2363128,147896,-100000,1076,1058,1000,962
A064520,바른전자,20120203,1122,1135,1086,1086,2751529,155026,0,1072,1054,1000,960
A064520,바른전자,20120202,1099,1117,1068,1113,2631763,210555,0,1063,1045,1000,958
A064520,바른전자,20120201,1036,1108,1032,1086,3186709,270963,0,1053,1033,1000,955
A064520,바른전자,20120131,1045,1072,1023,1032,1647015,167368,0,1043,1022,1002,953
A064520,바른전자,20120130,1041,1068,1019,1045,1865246,256596,-80000,1041,1016,1005,951
A064520,바른전자,20120127,1081,1095,1041,1041,1461568,265842,0,1044,1009,1007,951
A064520,바른전자,20120126,1050,1108,1041,1063,2692502,331419,0,1046,1002,1009,951
A064520,바른전자,20120125,1014,1059,1014,1032,1047888,338273,0,1047,995,1010,951
A064520,바른전자,20120120,1054,1068,1001,1023,1905968,289567,0,1060,989,1010,951
A064520,바른전자,20120119,1050,1086,1027,1063,2168781,281263,0,1072,984,1012,952
A064520,바른전자,20120118,1068,1131,1050,1050,3683305,196981,0,1083,976,1014,952
A064520,바른전자,20120117,1104,1122,1068,1068,2212242,162491,0,1097,968,1014,953
A064520,바른전자,20120116,1059,1117,1045,1095,3816737,220311,0,1099,955,1015,954
A064520,바른전자,20120113,1149,1207,1086,1086,8134560,153199,-24161,1069,947,1014,954
A064520,바른전자,20120112,1131,1167,1095,1117,5136484,160677,174547,1044,940,1011,954
A064520,바른전자,20120111,1122,1176,1072,1117,9979107,207925,-19948,1015,936,1006,954
A064520,바른전자,20120110,956,1081,951,1081,9469581,277809,0,973,932,1001,954
A064520,바른전자,20120109,978,987,933,942,926355,182136,0,932,929,998,954
A064520,바른전자,20120106,978,992,933,965,938670,191177,0,919,933,996,955
A064520,바른전자,20120105,906,1019,895,969,4059653,161276,0,905,935,994,957
A064520,바른전자,20120104,887,911,885,906,850800,135646,9562,893,939,990,959
A064520,바른전자,20120103,882,894,876,877,702294,89664,0,893,944,988,961
A064520,바른전자,20120102,902,902,869,877,569971,44267,0,900,951,986,963
A064520,바른전자,20111229,911,915,895,896,575564,47218,0,908,956,984,965
A064520,바른전자,20111228,897,915,895,911,487357,43546,0,913,960,981,968
A064520,바른전자,20111227,929,942,896,902,644541,43546,0,914,963,977,970
A064520,바른전자,20111226,956,965,906,915,1488537,50683,30000,908,968,974,973
A064520,바른전자,20111223,929,942,911,915,724793,72040,0,890,973,971,976
A064520,바른전자,20111222,924,956,911,924,1117647,64573,0,893,977,968,979
A064520,바른전자,20111221,906,969,891,915,2055930,117142,0,899,977,965,982
A064520,바른전자,20111220,808,873,808,873,1317725,210603,0,920,977,962,984
A064520,바른전자,20111219,929,947,794,821,2525989,111888,0,953,982,960,986
A064520,바른전자,20111216,951,974,929,933,1007004,65363,0,996,990,961,990
A064520,바른전자,20111215,1010,1014,951,951,1513956,52505,0,1014,992,960,991
A064520,바른전자,20111214,1054,1072,1014,1023,1934102,37285,0,1025,994,959,992
A064520,바른전자,20111213,1054,1095,1023,1036,4291064,48032,0,1026,992,955,991
A064520,바른전자,20111212,1041,1059,1027,1036,2421965,41836,0,1022,992,952,991
A064520,바른전자,20111209,987,1045,987,1023,1760893,42560,0,1020,997,949,992
A064520,바른전자,20111208,1041,1059,996,1005,2122425,71378,10000,1010,1002,946,993
A064520,바른전자,20111207,1019,1054,1005,1032,1814172,51593,0,1003,1006,942,993
A064520,바른전자,20111206,1041,1095,1014,1014,3768644,50651,0,992,1009,939,992
A064520,바른전자,20111205,974,1027,969,1027,1461620,194653,0,990,1013,938,991
A064520,바른전자,20111202,978,987,951,974,1102132,123552,0,985,1017,936,991
A064520,바른전자,20111201,1010,1023,956,969,2648200,40558,0,990,1028,934,991
A064520,바른전자,20111130,1010,1023,978,978,1976214,40558,0,982,1038,933,992
A064520,바른전자,20111129,1023,1045,1001,1001,2829298,40757,5,967,1049,933,994
A064520,바른전자,20111128,1010,1063,974,1005,4372064,40757,0,962,1057,932,995
A064520,바른전자,20111125,929,1068,897,996,8095708,104917,0,957,1061,932,996
A064520,바른전자,20111124,902,960,885,929,2375787,157892,0,955,1064,932,997
A064520,바른전자,20111123,965,992,906,906,1471373,60396,0,966,1076,932,999
A064520,바른전자,20111122,947,1005,947,974,825437,81666,0,984,1088,933,1001
A064520,바른전자,20111121,1005,1019,978,978,1278687,41295,0,993,1094,932,1002
A064520,바른전자,20111118,951,1023,951,987,2163708,51184,0,1028,1099,931,1003
A064520,바른전자,20111117,1005,1014,978,987,1354190,41997,0,1054,1103,932,1004
A064520,바른전자,20111116,1027,1072,992,992,3777868,41058,0,1071,1100,931,1005
A064520,바른전자,20111115,1104,1108,992,1019,6617358,65487,0,1092,1090,930,1005
A064520,바른전자,20111114,1153,1176,1117,1153,2587956,42485,0,1106,1081,932,1005
A064520,바른전자,20111111,1113,1140,1077,1117,2705744,44194,0,1097,1066,930,1004
A064520,바른전자,20111110,1054,1153,1014,1072,5923799,72509,0,1113,1052,927,1004
A064520,바른전자,20111109,1099,1122,1063,1099,2830143,53450,0,1135,1041,924,1004
A064520,바른전자,20111108,1117,1149,1090,1090,3355518,45451,0,1151,1024,920,1005
A064520,바른전자,20111107,1158,1171,1104,1108,6609240,70004,0,1166,1008,915,1006
A064520,바른전자,20111104,1270,1270,1176,1194,4440649,58047,0,1164,990,909,1007
A064520,바른전자,20111103,1207,1274,1180,1185,9237702,42233,0,1136,967,903,1008
A064520,바른전자,20111102,1095,1306,1086,1180,11152255,70747,0,1131,944,898,1008
A064520,바른전자,20111101,1095,1185,1054,1162,6066986,87613,0,1123,919,895,1009
A064520,바른전자,20111031,1095,1144,1068,1099,3377307,68486,0,1112,896,893,1010
A064520,바른전자,20111028,1212,1216,1054,1054,4129455,113587,0,1108,878,892,1011
A064520,바른전자,20111027,1180,1252,1122,1162,6952912,49107,0,1109,862,893,1013
A064520,바른전자,20111026,1086,1203,1068,1140,9571831,55379,0,1062,841,891,1014
A064520,바른전자,20111025,1090,1221,1081,1104,14056170,38160,0,995,823,891,1016
A064520,바른전자,20111024,1095,1117,1041,1081,10819552,53639,0,939,806,891,1017
A064520,바른전자,20111021,978,1059,969,1059,9310340,118154,0,894,793,893,1018
A064520,바른전자,20111020,817,924,817,924,5188646,286302,0,849,784,893,1020
A064520,바른전자,20111019,843,843,801,806,945074,250544,0,836,782,896,1023
A064520,바른전자,20111018,825,839,813,825,1241447,240627,0,827,784,902,1028
A064520,바른전자,20111017,843,891,843,854,1350428,245025,0,815,784,907,1033
A064520,바른전자,20111014,852,852,818,834,1351919,230821,0,794,783,911,1039
A064520,바른전자,20111013,771,872,770,861,5431834,296185,0,775,783,915,1044
A064520,바른전자,20111012,770,787,746,759,1067797,245670,0,745,779,920,1048
A064520,바른전자,20111011,730,825,724,769,4950834,199953,0,733,785,927,1053
A064520,바른전자,20111010,749,755,731,748,483043,161157,0,718,792,934,1057
A064520,바른전자,20111007,731,740,722,736,407245,95276,0,717,800,940,1062
A064520,바른전자,20111006,721,740,714,714,422190,96049,0,714,807,947,1067
A064520,바른전자,20111005,700,712,686,697,501037,88997,0,722,817,955,1075
A064520,바른전자,20111004,709,709,673,693,624903,92434,0,739,830,963,1082
A064520,바른전자,20110930,727,758,727,744,717513,147466,0,750,843,972,1091
A064520,바른전자,20110929,749,749,715,723,1224976,63965,-155526,767,855,981,1099
A064520,바른전자,20110928,779,825,754,754,2063919,42360,0,797,869,990,1107
A064520,바른전자,20110927,727,803,727,780,706303,55944,0,824,879,999,1115
A064520,바른전자,20110926,830,843,736,749,877259,42491,0,836,887,1005,1123
A064520,바른전자,20110923,843,856,807,827,1100771,39316,0,852,897,1012,1131
A064520,바른전자,20110922,887,942,861,876,1944324,40112,0,856,902,1019,1139
A064520,바른전자,20110921,835,956,834,890,2730841,39316,0,846,908,1022,1146
A064520,바른전자,20110920,809,842,808,839,499547,97971,0,824,910,1025,1152
A064520,바른전자,20110919,843,848,826,826,592802,50889,0,834,917,1027,1160
A064520,바른전자,20110916,836,856,828,850,748633,50067,0,849,932,1031,1168
A064520,바른전자,20110915,816,886,799,825,1256305,43718,0,860,942,1035,1175
A064520,바른전자,20110914,888,894,774,781,625850,62242,0,871,946,1040,1183
A064520,바른전자,20110909,902,906,879,888,697140,96520,0,898,951,1044,1190
A064520,바른전자,20110908,924,942,897,902,639093,106211,0,910,950,1045,1197
A064520,바른전자,20110907,897,929,896,906,854707,72809,0,921,946,1045,1202
A064520,바른전자,20110906,915,915,872,879,1076041,47406,0,939,938,1046,1207
A064520,바른전자,20110905,947,1005,915,915,1935513,38740,0,960,936,1048,1213
A064520,바른전자,20110902,956,969,947,947,764973,62396,0,971,934,1052,1219
A064520,바른전자,20110901,1001,1019,956,960,1813986,59503,0,969,937,1055,1226
A064520,바른전자,20110831,1001,1010,965,992,1764557,62234,0,965,940,1058,1234
A064520,바른전자,20110830,987,1090,978,987,8281635,73333,0,954,943,1061,1243
A064520,바른전자,20110829,960,996,951,969,1626556,110612,0,955,949,1063,1251
A064520,바른전자,20110826,929,996,924,938,2028531,101940,0,949,954,1065,1259
A064520,바른전자,20110825,956,1001,915,938,3207126,92711,0,954,962,1069,1267
A064520,바른전자,20110824,1014,1027,938,938,2320937,98793,0,993,972,1072,1275
A064520,바른전자,20110823,960,1027,947,992,2886337,243980,0,1013,982,1075,1284
A064520,바른전자,20110822,942,1001,906,938,2059103,341762,0,996,988,1076,1293
A064520,바른전자,20110819,1054,1090,965,965,4712426,259726,0,988,997,1079,1302
A064520,바른전자,20110818,1099,1189,1095,1131,8499472,321011,0,965,1005,1080,1312
A064520,바른전자,20110817,915,1041,902,1041,4693847,531001,0,904,1005,1079,1320
A064520,바른전자,20110816,942,942,897,906,1259873,420631,0,847,1008,1078,1328
A064520,바른전자,20110812,888,960,870,897,2799828,562645,0,831,1017,1082,1338
A064520,바른전자,20110811,765,852,764,852,1377502,594685,0,828,1030,1085,1349
A064520,바른전자,20110810,791,842,790,825,1402615,611811,0,857,1046,1090,1360
A064520,바른전자,20110809,736,763,703,755,1967366,566057,0,897,1064,1097,1370
A064520,바른전자,20110808,867,887,754,826,859054,269312,0,959,1082,1105,1382
A064520,바른전자,20110805,852,933,852,880,4572768,162432,-5585,1013,1099,1112,1391
A064520,바른전자,20110804,1027,1054,1001,1001,355359,194455,0,1050,1115,1118,1401
A064520,바른전자,20110803,1054,1054,1019,1023,450081,173998,0,1070,1123,1123,1409
A064520,바른전자,20110802,1086,1099,1059,1063,365727,179332,0,1094,1133,1127,1416
A064520,바른전자,20110801,1072,1099,1072,1099,345941,171292,0,1111,1143,1131,1423
A064520,바른전자,20110729,1108,1131,1059,1063,552640,111350,0,1113,1153,1133,1429
A064520,바른전자,20110728,1131,1135,1104,1104,455420,88101,0,1123,1163,1137,1436
A064520,바른전자,20110727,1171,1171,1131,1140,694092,116509,0,1125,1167,1140,1442
A064520,바른전자,20110726,1108,1149,1108,1149,755803,136371,0,1124,1166,1142,1448
A064520,바른전자,20110725,1117,1126,1081,1108,505547,98186,0,1114,1171,1144,1454
A064520,바른전자,20110722,1149,1153,1104,1113,741827,69623,0,1109,1170,1147,1461
A064520,바른전자,20110721,1149,1167,1099,1117,1370456,90664,0,1121,1166,1150,1467
A064520,바른전자,20110720,1135,1162,1113,1135,1589678,84375,0,1130,1161,1154,1474
A064520,바른전자,20110719,1081,1140,1050,1095,1916458,25244,0,1142,1156,1159,1481
A064520,바른전자,20110718,1153,1158,1077,1086,2518567,12754,0,1146,1154,1167,1488
A064520,바른전자,20110715,1185,1203,1162,1171,876575,15835,0,1160,1156,1174,1495
A064520,바른전자,20110714,1212,1221,1153,1162,753288,14834,0,1167,1151,1176,1502
A064520,바른전자,20110713,1122,1252,1122,1198,3095882,9325,0,1166,1139,1179,1509
A064520,바른전자,20110712,1131,1180,1113,1113,669009,18047,471,1172,1126,1180,1516
A064520,바른전자,20110711,1203,1212,1158,1158,807658,22088,0,1203,1119,1183,1523
A064520,바른전자,20110708,1158,1207,1149,1203,1283052,50437,0,1231,1110,1187,1529
A064520,바른전자,20110707,1225,1229,1158,1158,1480994,22651,0,1242,1106,1194,1536
A064520,바른전자,20110706,1265,1306,1229,1229,1422670,17447,0,1248,1105,1202,1542
A064520,바른전자,20110705,1301,1414,1261,1265,4551665,44398,0,1227,1101,1210,1548
A064520,바른전자,20110704,1247,1342,1216,1301,3286239,125811,0,1223,1097,1217,1554
A064520,바른전자,20110701,1328,1364,1256,1256,6071554,145365,0,1180,1087,1225,1559
A064520,바른전자,20110630,1140,1238,1126,1189,3051772,201275,0,1135,1079,1232,1565
A064520,바른전자,20110629,1189,1212,1122,1122,2942067,174096,0,1100,1078,1241,1572
A064520,바른전자,20110628,1108,1247,1095,1247,2933209,222567,-142344,1081,1078,1251,1579
A064520,바른전자,20110627,1019,1131,1019,1086,1697124,224976,0,1046,1070,1258,1584
A064520,바른전자,20110624,1019,1059,996,1032,604976,221070,0,1054,1070,1269,1590
A064520,바른전자,20110623,1041,1068,1014,1014,608111,161208,0,1060,1074,1280,1597
A064520,바른전자,20110622,1108,1140,1027,1027,960927,133625,0,1041,1074,1293,1604
A064520,바른전자,20110621,1108,1171,1072,1072,1351910,94941,0,1023,1075,1305,1611
A064520,바른전자,20110620,1019,1203,1010,1126,4068924,97445,-100000,1003,1073,1316,1618
A064520,바른전자,20110617,996,1059,987,1059,1167805,88164,0,976,1072,1326,1624
A064520,바른전자,20110616,882,923,882,923,534961,91684,0,986,1074,1336,1632
A064520,바른전자,20110615,988,992,931,935,437467,43864,0,1031,1086,1348,1640
A064520,바른전자,20110614,976,1014,969,973,282940,44404,0,1075,1100,1359,1649
A064520,바른전자,20110613,1086,1098,992,992,575144,25567,0,1114,1113,1368,1658
A064520,바른전자,20110610,1154,1166,1108,1108,270430,75917,0,1137,1126,1378,1667
A064520,바른전자,20110609,1166,1199,1147,1147,326357,73648,0,1136,1134,1387,1675
A064520,바른전자,20110608,1169,1192,1142,1154,380075,95795,20000,1138,1141,1398,1682
A064520,바른전자,20110607,1101,1177,1082,1169,854792,138169,55000,1134,1148,1411,1690
A064520,바른전자,20110603,1108,1147,1101,1105,236686,159837,0,1117,1152,1424,1697
A064520,바른전자,20110602,1135,1147,1094,1105,390543,166293,0,1112,1160,1439,1704
A064520,바른전자,20110601,1161,1229,1142,1158,833188,153556,0,1113,1169,1452,1712
A064520,바른전자,20110531,1086,1241,1086,1132,1514632,177303,0,1087,1176,1465,1720
A064520,바른전자,20110530,1086,1113,1082,1086,195314,196922,0,1070,1182,1479,1728
A064520,바른전자,20110527,1101,1116,1079,1079,196006,184746,0,1058,1192,1494,1736
A064520,바른전자,20110526,1052,1120,1037,1108,581033,191581,0,1062,1202,1511,1744
A064520,바른전자,20110525,1033,1071,1029,1029,329302,150756,0,1060,1211,1526,1750
A064520,바른전자,20110524,1056,1063,1026,1048,262906,118691,0,1087,1228,1543,1756
A064520,바른전자,20110523,1094,1124,1026,1026,522371,91971,0,1122,1246,1560,1763
A064520,바른전자,20110520,1116,1158,1094,1101,470335,94495,0,1163,1272,1577,1770
A064520,바른전자,20110519,1161,1185,1094,1098,364228,28302,0,1194,1293,1595,1777
A064520,바른전자,20110518,1211,1229,1161,1161,409804,20040,0,1228,1303,1613,1785
A064520,바른전자,20110517,1252,1264,1218,1222,391099,19399,0,1253,1314,1630,1791
A064520,바른전자,20110516,1241,1264,1233,1233,352892,34750,0,1265,1316,1644,1796
A064520,바른전자,20110513,1279,1293,1252,1256,331146,29205,0,1269,1317,1659,1801
A064520,바른전자,20110512,1252,1320,1252,1267,751541,29024,0,1270,1323,1671,1806
A064520,바른전자,20110511,1298,1332,1279,1286,632071,42196,0,1277,1341,1684,1810
A064520,바른전자,20110509,1271,1312,1252,1282,430332,50227,0,1278,1360,1695,1815
A064520,바른전자,20110506,1260,1293,1233,1252,434782,39343,0,1271,1380,1704,1821
A064520,바른전자,20110504,1308,1308,1245,1264,695047,35236,0,1276,1404,1715,1828
A064520,바른전자,20110503,1305,1335,1298,1301,653958,60290,0,1283,1428,1725,1836
A064520,바른전자,20110502,1248,1301,1237,1290,421407,86391,0,1279,1448,1734,1842
A064520,바른전자,20110429,1290,1290,1245,1248,459491,27363,0,1293,1470,1744,1849
A064520,바른전자,20110428,1301,1317,1260,1279,756206,24436,0,1329,1493,1754,1857
A064520,바른전자,20110427,1305,1361,1290,1298,1592744,23702,0,1382,1514,1764,1864
A064520,바른전자,20110426,1305,1365,1267,1282,2285058,30538,0,1423,1534,1774,1871
A064520,바른전자,20110425,1411,1459,1351,1358,1914661,20088,0,1429,1556,1784,1878
A064520,바른전자,20110422,1581,1584,1422,1426,3944739,16216,0,1432,1578,1794,1885
A064520,바른전자,20110421,1622,1705,1531,1546,6552010,12749,0,1398,1593,1803,1892
A064520,바른전자,20110420,1335,1505,1305,1505,3452829,20044,0,1340,1602,1809,1897
A064520,바른전자,20110419,1358,1365,1271,1308,1382450,26536,0,1316,1614,1817,1904
A064520,바른전자,20110418,1271,1433,1237,1373,5752181,17719,0,1381,1630,1828,1912
A064520,바른전자,20110415,1271,1301,1256,1256,1261397,76754,0,1436,1646,1839,1920
A064520,바른전자,20110414,1271,1320,1218,1256,4110472,72667,0,1523,1661,1851,1929
A064520,바른전자,20110413,1388,1388,1388,1388,100915,38852,0,1618,1674,1863,1938
A064520,바른전자,20110412,1637,1649,1625,1630,334984,38852,0,1687,1685,1871,1946
A064520,바른전자,20110411,1690,1690,1649,1649,641099,31848,0,1704,1685,1877,1952
A064520,바른전자,20110408,1728,1747,1678,1694,716956,8980,0,1720,1693,1882,1957
A064520,바른전자,20110407,1758,1765,1716,1728,478103,30022,0,1723,1705,1886,1962
A064520,바른전자,20110406,1716,1807,1716,1735,1795775,22914,24380,1716,1717,1890,1967
A064520,바른전자,20110405,1747,1750,1713,1713,509391,34164,0,1710,1728,1893,1971
A064520,바른전자,20110404,1739,1769,1721,1728,634670,64341,0,1711,1739,1898,1975
A064520,바른전자,20110401,1697,1743,1682,1709,853942,81750,0,1723,1748,1903,1980
A064520,바른전자,20110331,1713,1735,1682,1694,616241,31068,9000,1728,1761,1906,1985
A064520,바른전자,20110330,1735,1743,1690,1705,472698,36129,0,1736,1778,1909,1991
A064520,바른전자,20110329,1769,1788,1721,1721,828482,16675,13000,1742,1796,1911,1996
A064520,바른전자,20110328,1731,1788,1713,1788,652063,13560,0,1726,1811,1913,2002
A064520,바른전자,20110325,1735,1758,1697,1731,460521,17143,4796,1703,1824,1914,2006
A064520,바른전자,20110324,1769,1792,1721,1735,723869,15004,0,1672,1842,1916,2012
A064520,바른전자,20110323,1678,1818,1656,1735,1720328,13385,0,1627,1857,1919,2018
A064520,바른전자,20110322,1690,1705,1633,1641,504025,13845,0,1603,1879,1923,2023
A064520,바른전자,20110321,1615,1682,1596,1675,721180,27523,2800,1599,1906,1928,2029
A064520,바른전자,20110318,1520,1573,1520,1573,827511,26085,0,1624,1932,1932,2035
A064520,바른전자,20110317,1543,1558,1493,1509,1043483,24512,0,1696,1956,1940,2042
A064520,바른전자,20110316,1599,1675,1569,1615,971294,22400,0,1791,1988,1949,2050
A064520,바른전자,20110315,1803,1837,1531,1622,1484724,37739,0,1859,2005,1955,2056
A064520,바른전자,20110314,1947,1958,1762,1800,1154685,28608,0,1920,2026,1962,2064
A064520,바른전자,20110311,1962,1985,1935,1935,400593,22901,0,1941,2032,1967,2069
A064520,바른전자,20110310,2014,2033,1950,1985,762965,15160,10000,1948,2028,1968,2074
A064520,바른전자,20110309,1947,2048,1920,1954,1283890,6367,0,1957,2023,1969,2081
A064520,바른전자,20110308,1901,1962,1901,1928,489523,14019,0,1979,2019,1970,2088
A064520,바른전자,20110307,1976,1988,1894,1901,1026318,6642,0,1998,2016,1972,2092
A064520,바른전자,20110304,2038,2067,1973,1973,1440236,12221,0,2028,2014,1976,2096
A064520,바른전자,20110303,2090,2204,2029,2029,2936689,4728,0,2051,2007,1978,2100
A064520,바른전자,20110302,2045,2098,2026,2064,879149,5514,0,2055,1999,1977,2104
A064520,바른전자,20110228,2052,2124,2011,2022,729197,4642,0,2075,1992,1976,2107
A064520,바른전자,20110225,2056,2075,2000,2052,895802,28726,0,2107,1986,1974,2110
A064520,바른전자,20110224,2045,2161,2007,2090,1251684,48697,0,2135,1980,1970,2113
A064520,바른전자,20110223,2128,2218,2000,2045,1222034,28860,0,2126,1974,1966,2115
A064520,바른전자,20110222,2154,2313,2139,2166,2073424,4640,0,2148,1967,1963,2119
A064520,바른전자,20110221,2169,2275,2151,2180,2206059,5370,0,2105,1957,1960,2118
A064520,바른전자,20110218,2052,2256,2011,2196,3484136,10920,0,2077,1948,1957,2119
A064520,바른전자,20110217,2185,2188,1966,2045,2382776,4952,0,2023,1941,1952,2121
A064520,바른전자,20110216,1976,2245,1966,2151,5217822,12120,0,1987,1936,1948,2124
A064520,바른전자,20110215,2007,2041,1932,1954,1065831,4718,23000,1933,1927,1943,2126
A064520,바른전자,20110214,1924,2071,1897,2041,2311186,4625,0,1917,1924,1941,2130
A064520,바른전자,20110211,1856,1954,1856,1924,620256,6770,0,1882,1921,1936,2135
A064520,바른전자,20110210,1901,1901,1844,1867,281430,4694,0,1870,1922,1936,2140
A064520,바른전자,20110209,1879,1909,1863,1879,227773,4441,0,1863,1926,1938,2146
A064520,바른전자,20110208,1871,1909,1871,1875,227570,5463,0,1861,1929,1942,2151
A064520,바른전자,20110207,1887,1901,1863,1867,235984,8810,0,1869,1932,1946,2157
A064520,바른전자,20110201,1829,1894,1829,1863,339376,22792,0,1878,1938,1950,2162
A064520,바른전자,20110131,1841,1863,1810,1829,360157,7764,0,1891,1948,1955,2167
A064520,바른전자,20110128,1954,1954,1867,1871,440655,11056,0,1919,1951,1960,2175
A064520,바른전자,20110127,1920,1969,1909,1916,503247,24123,0,1926,1950,1965,2182
A064520,바른전자,20110126,1924,1947,1913,1913,323330,14359,0,1938,1946,1968,2189
A064520,바른전자,20110125,1976,2022,1916,1924,467724,4266,0,1952,1941,1972,2196
A064520,바른전자,20110124,1924,2079,1909,1969,1423557,3352,0,1979,1938,1977,2203
A064520,바른전자,20110121,1976,1992,1906,1906,587559,4627,0,1976,1934,1980,2209
A064520,바른전자,20110120,1988,2019,1947,1976,506682,5544,0,1987,1934,1986,2214
A064520,바른전자,20110119,2075,2128,1985,1985,1067857,3495,0,1972,1931,1991,2218
A064520,바른전자,20110118,1992,2082,1954,2060,1570709,4655,0,1972,1930,1996,2223
A064520,바른전자,20110117,1995,2011,1950,1954,434319,4958,0,1949,1923,2000,2228
A064520,바른전자,20110114,1916,2071,1916,1958,1633124,4723,0,1947,1927,2006,2235
A064520,바른전자,20110113,2003,2048,1887,1901,898609,4706,0,1943,1933,2013,2241
A064520,바른전자,20110112,1947,2041,1943,1988,1001662,4760,0,1949,1938,2020,2245
A064520,바른전자,20110111,1947,1973,1928,1943,416709,5021,0,1949,1940,2026,2248
A064520,바른전자,20110110,1962,2019,1943,1943,569070,5737,0,1975,1946,2033,2253
A064520,바른전자,20110107,1928,2011,1913,1939,710382,17253,0,1963,1951,2038,2260
A064520,바른전자,20110106,1973,2003,1909,1932,858552,6688,0,1946,1956,2044,2268
A064520,바른전자,20110105,2052,2128,1973,1988,1196508,9315,0,1927,1960,2049,2274
A064520,바른전자,20110104,1879,2124,1856,2075,2745396,46760,0,1892,1963,2053,2281
A064520,바른전자,20110103,1890,1916,1863,1879,291188,47905,0,1850,1964,2056,2287
A064520,바른전자,20101230,1863,1887,1826,1856,263123,53437,0,1850,1975,2064,2296
A064520,바른전자,20101229,1829,1863,1815,1837,254418,30262,0,1859,1982,2072,2306
A064520,바른전자,20101228,1887,1939,1815,1815,467809,8520,0,1878,1991,2081,2317
A064520,바른전자,20101227,1856,1939,1853,1863,237306,30944,0,1907,1994,2091,2327
A064520,바른전자,20101224,1916,1932,1879,1879,273844,24217,0,1919,1991,2099,2336
A064520,바른전자,20101223,1894,1943,1894,1901,347296,24210,0,1948,1990,2108,2346
A064520,바른전자,20101222,1976,1988,1924,1932,448586,8768,0,1983,1989,2116,2355
A064520,바른전자,20101221,1932,2003,1932,1958,427454,28993,0,1997,1990,2124,2365
A064520,바른전자,20101220,1992,1992,1848,1924,823980,22332,0,2011,1993,2131,2372
A064520,바른전자,20101217,2075,2101,2003,2026,480001,51420,0,2041,1991,2139,2377
A064520,바른전자,20101216,2000,2180,2000,2075,1756941,59584,0,2042,1982,2145,2379
A064520,바른전자,20101215,2041,2056,1988,2000,376677,66373,0,2034,1970,2150,2380
A064520,바른전자,20101214,2082,2113,2029,2029,469105,50830,0,2036,1961,2157,2381
A064520,바른전자,20101213,2038,2139,2038,2075,756931,57810,0,2043,1947,2165,2381
A064520,바른전자,20101210,2038,2060,2022,2029,333539,33689,0,2047,1940,2172,2383
A064520,바른전자,20101209,2045,2082,2011,2038,545948,35294,0,2062,1939,2180,2384
A064520,바른전자,20101208,2098,2098,1992,2011,480030,24533,0,2052,1942,2192,2385
A064520,바른전자,20101207,2120,2169,2038,2064,920674,2312,0,2054,1947,2205,2386
A064520,바른전자,20101206,2124,2151,2045,2094,695964,3463,0,2013,1950,2212,2385
A064520,바른전자,20101203,2014,2260,2003,2101,3628227,4973,0,1959,1951,2217,2382
A064520,바른전자,20101202,2041,2086,1981,1992,1211732,20179,0,1907,1952,2222,2379
A064520,바른전자,20101201,1887,2135,1871,2019,2038529,45320,0,1888,1964,2230,2377
A064520,바른전자,20101130,1834,1871,1822,1860,234340,45258,0,1873,1968,2238,2376
A064520,바른전자,20101129,1815,1882,1810,1822,263430,37292,0,1904,1982,2246,2375
A064520,바른전자,20101126,1894,1932,1784,1844,533842,31681,0,1917,2000,2255,2376
A064520,바른전자,20101125,1985,2019,1890,1894,530426,16832,0,1916,2017,2265,2376
A064520,바른전자,20101124,1810,2011,1810,1947,655854,13939,0,1904,2034,2274,2376
A064520,바른전자,20101123,1897,2101,1890,2014,2429482,49584,0,1879,2050,2277,2375
A064520,바른전자,20101122,1818,1894,1810,1887,330679,99379,0,1827,2065,2281,2373
A064520,바른전자,20101119,1853,1890,1834,1837,331594,66180,0,1838,2086,2289,2370
A064520,바른전자,20101118,1822,1906,1822,1837,545229,60297,0,1869,2111,2299,2367
A064520,바른전자,20101117,1713,1853,1678,1818,631226,75098,0,1923,2138,2308,2365
A064520,바른전자,20101116,1856,1916,1702,1754,1187999,47154,0,1982,2162,2319,2362
A064520,바른전자,20101115,1976,2019,1924,1943,325425,1766,0,2055,2191,2333,2359
A064520,바른전자,20101112,2117,2128,1909,1995,612753,1887,0,2089,2211,2344,2356
A064520,바른전자,20101111,2128,2173,2086,2105,663958,1658,0,2116,2226,2353,2355
A064520,바른전자,20101110,2101,2139,2101,2113,461469,8914,0,2139,2234,2359,2353
A064520,바른전자,20101109,2139,2161,2117,2117,475697,1734,0,2137,2241,2367,2352
A064520,바른전자,20101108,2128,2173,2117,2117,473385,2669,0,2141,2247,2374,2351
A064520,바른전자,20101105,2256,2260,2128,2128,931459,1609,0,2155,2254,2380,2352
A064520,바른전자,20101104,2143,2370,2139,2222,4146112,8544,0,2167,2264,2390,2351
A064520,바른전자,20101103,2143,2166,2101,2101,683167,2440,0,2168,2271,2400,2349
A064520,바른전자,20101102,2188,2226,2117,2135,606814,1557,0,2203,2285,2410,2348
A064520,바른전자,20101101,2199,2222,2185,2188,394947,24481,0,2240,2297,2420,2344
A064520,바른전자,20101029,2230,2256,2180,2188,679819,21172,0,2263,2305,2429,2340
A064520,바른전자,20101028,2275,2294,2230,2230,698651,12744,0,2292,2317,2437,2335
A064520,바른전자,20101027,2351,2351,2275,2275,749070,33007,0,2320,2326,2442,2330
A064520,바른전자,20101026,2324,2399,2313,2317,1348212,25054,0,2325,2332,2446,2325
A064520,바른전자,20101025,2336,2346,2301,2305,657278,27781,0,2328,2334,2449,2320
A064520,바른전자,20101022,2426,2437,2332,2332,1125513,1582,0,2339,2339,2456,2316
A064520,바른전자,20101021,2324,2380,2301,2373,1172667,33613,0,2329,2342,2463,2311
A064520,바른전자,20101020,2301,2346,2286,2298,766294,34075,0,2306,2343,2469,2306
A064520,바른전자,20101019,2403,2415,2332,2332,1068771,1466,0,2298,2350,2471,2301
A064520,바른전자,20101018,2305,2437,2286,2358,2509885,23840,0,2279,2357,2471,2297
A064520,바른전자,20101015,2256,2286,2245,2286,513040,25388,0,2261,2365,2474,2293
A064520,바른전자,20101014,2256,2286,2241,2256,614258,10060,0,2267,2376,2482,2290
A064520,바른전자,20101013,2271,2283,2237,2256,444464,11224,0,2288,2401,2491,2287
A064520,바른전자,20101012,2286,2294,2222,2237,671628,19509,0,2315,2427,2499,2285
A064520,바른전자,20101011,2336,2373,2267,2271,625762,1500,0,2342,2440,2509,2282
A064520,바른전자,20101008,2370,2384,2313,2317,675361,8334,0,2359,2446,2518,2279
A064520,바른전자,20101007,2415,2430,2339,2358,969568,2064,0,2378,2450,2528,2276
A064520,바른전자,20101006,2415,2483,2392,2392,1846066,1554,0,2388,2457,2541,2276
A064520,바른전자,20101005,2324,2452,2324,2373,1430594,4168,0,2390,2460,2552,2276
A064520,바른전자,20101004,2426,2445,2354,2354,797755,9526,0,2386,2460,2563,2275
A064520,바른전자,20101001,2418,2460,2407,2415,870672,7289,0,2398,2461,2574,2276
A064520,바른전자,20100930,2433,2512,2407,2407,2298223,7998,0,2394,2460,2584,2276
A064520,바른전자,20100929,2384,2483,2380,2399,1706996,6700,0,2391,2463,2593,2277
A064520,바른전자,20100928,2433,2468,2354,2354,907351,1388,0,2397,2450,2606,2278
A064520,바른전자,20100927,2415,2498,2392,2415,1486498,44282,0,2423,2445,2614,2279
A064520,바른전자,20100924,2422,2441,2396,2396,827034,84174,0,2442,2443,2616,2280
A064520,바른전자,20100920,2415,2502,2370,2392,1518763,123736,0,2465,2444,2613,2281
A064520,바른전자,20100917,2479,2509,2415,2430,1419866,82155,0,2538,2443,2610,2281
A064520,바른전자,20100916,2536,2584,2479,2483,1787577,70336,0,2607,2447,2604,2282
A064520,바른전자,20100915,2512,2588,2460,2509,2534925,143135,0,2610,2451,2598,2283
A064520,바른전자,20100914,2773,2841,2475,2512,5634156,8390,0,2586,2454,2593,2284
A064520,바른전자,20100913,2773,2819,2694,2754,4468228,1300,0,2563,2456,2588,2284
A064520,바른전자,20100910,2505,2860,2479,2777,14276294,22943,0,2509,2443,2578,2283
A064520,바른전자,20100909,2422,2547,2415,2498,2719342,76726,0,2447,2433,2568,2283
A064520,바른전자,20100908,2407,2569,2389,2389,4242441,3718,0,2422,2434,2557,2285
A064520,바른전자,20100907,2505,2512,2384,2396,1354406,1531,0,2419,2440,2546,2288
A064520,바른전자,20100906,2486,2558,2449,2486,1882078,1583,0,2419,2456,2535,2292
A064520,바른전자,20100903,2396,2528,2370,2464,2417618,28635,0,2414,2472,2524,2296
A064520,바른전자,20100902,2426,2468,2365,2377,1301430,22551,0,2349,2483,2514,2300
A064520,바른전자,20100901,2415,2509,2358,2370,3282300,10951,0,2323,2503,2504,2304
A064520,바른전자,20100831,2565,2600,2399,2399,6259007,1404,0,2325,2521,2496,2309
A064520,바른전자,20100830,2226,2460,2218,2460,2801302,103584,0,2328,2534,2487,2315
A064520,바른전자,20100827,2192,2279,2139,2139,1300790,94514,0,2313,2538,2478,2319
A064520,바른전자,20100826,2407,2468,2199,2245,1101296,6567,0,2384,2558,2472,2326
A064520,바른전자,20100825,2407,2449,2377,2384,800865,6320,0,2450,2570,2464,2333
A064520,바른전자,20100824,2365,2528,2354,2411,1954256,31191,0,2487,2585,2450,2339
A064520,바른전자,20100823,2524,2536,2384,2384,1048829,6512,0,2514,2604,2435,2345
A064520,바른전자,20100820,2528,2573,2486,2498,2668009,8688,0,2538,2622,2421,2350
A064520,바른전자,20100819,2581,2645,2517,2573,1780438,6557,0,2551,2615,2404,2355
A064520,바른전자,20100818,2573,2637,2547,2569,1724971,10225,-5,2539,2605,2385,2358
A064520,바른전자,20100817,2512,2664,2449,2547,3280920,5785,0,2531,2602,2369,2361
A064520,바른전자,20100816,2584,2600,2479,2502,1265376,10062,0,2561,2613,2357,2367
A064520,바른전자,20100813,2539,2679,2528,2565,1695381,305,0,2622,2630,2347,2372
A064520,바른전자,20100812,2464,2622,2445,2512,1912286,4589,0,2648,2638,2337,2376
A064520,바른전자,20100811,2683,2743,2498,2528,2205330,217,0,2700,2653,2328,2378
A064520,바른전자,20100810,2872,2932,2687,2697,4004137,344,0,2740,2667,2323,2379
A064520,바른전자,20100809,2690,2845,2630,2807,5107846,19080,0,2735,2678,2312,2380
A064520,바른전자,20100806,2807,2815,2679,2697,2425116,2679,0,2680,2694,2299,2380
A064520,바른전자,20100805,2803,2860,2697,2769,3548922,4639,0,2646,2714,2286,2379
A064520,바른전자,20100804,2732,2800,2626,2732,3468591,3164,0,2592,2725,2268,2378
A064520,바른전자,20100803,2565,2898,2565,2671,9661988,1,3471,2583,2739,2250,2377
A064520,바른전자,20100802,2547,2671,2521,2531,1933933,0,0,2607,2758,2233,2376
A064520,바른전자,20100730,2528,2766,2460,2528,6377672,810,0,2647,2777,2217,2376
A064520,바른전자,20100729,2687,2709,2483,2498,3722829,1451,0,2616,2812,2204,2378
A064520,바른전자,20100728,2819,2879,2645,2687,6331427,728,0,2588,2827,2191,2382
A064520,바른전자,20100727,2815,2977,2750,2792,11098884,2516,32897,2556,2820,2176,2383
A064520,바른전자,20100726,2437,2728,2392,2728,9658674,1598,24000,2551,2792,2159,2384
A064520,바른전자,20100723,2399,2426,2275,2373,2776800,92515,0,2570,2765,2142,2391
A064520,바른전자,20100722,2573,2603,2313,2362,4942214,41359,0,2641,2751,2131,2398
A064520,바른전자,20100721,2822,2826,2505,2524,4671006,13725,0,2733,2737,2122,2409
A064520,바른전자,20100720,2845,2898,2766,2766,3790933,0,0,2790,2722,2112,2415
A064520,바른전자,20100719,2769,2837,2740,2826,3749516,198,0,2821,2694,2098,2419
A064520,바른전자,20100716,2788,2925,2716,2728,6187162,51,0,2879,2662,2084,2424
A064520,바른전자,20100715,2890,2916,2792,2822,5289111,25514,0,2952,2632,2070,2432
A064520,바른전자,20100714,2943,3038,2784,2807,6897245,112019,0,2985,2584,2055,2439
A064520,바른전자,20100713,3173,3180,2920,2920,5634439,0,0,3027,2530,2039,2444
A064520,바른전자,20100712,3185,3271,3060,3117,8077619,0,-473,3054,2471,2024,2446
A064520,바른전자,20100709,3000,3346,3000,3094,19433459,12975,-3380,3014,2405,2012,2444
A064520,바른전자,20100708,3019,3162,2906,2985,11522308,1253,0,3038,2344,1999,2442
A064520,바른전자,20100707,3132,3241,3011,3019,10589684,0,8858,3000,2286,1988,2441
A064520,바른전자,20100706,2909,3158,2872,3057,19092453,0,15000,2908,2227,1978,2441
A064520,바른전자,20100705,3276,3569,2868,2913,36188857,2109,-13000,2742,2170,1968,2441
A064520,바른전자,20100702,2860,3215,2819,3215,19041424,651,0,2598,2117,1962,2442
A064520,바른전자,20100701,2740,2920,2679,2796,16507157,0,0,2375,2047,1950,2439
A064520,바른전자,20100630,2192,2558,2188,2558,4661204,0,0,2231,1996,1944,2439
A064520,바른전자,20100629,2241,2358,2147,2226,7904942,0,0,2163,1945,1943,2440
A064520,바른전자,20100628,2128,2233,2117,2196,2990059,25602,13000,2159,1909,1948,2446
A064520,바른전자,20100625,2038,2166,2019,2098,2454132,141979,0,2157,1876,1952,2451
A064520,바른전자,20100624,2233,2260,2075,2075,3191245,3110,0,2164,1845,1960,2454
A064520,바른전자,20100623,2169,2384,2139,2222,7659641,484,0,2120,1813,1968,2456
A064520,바른전자,20100622,2188,2264,2117,2204,5467736,0,0,2023,1783,1975,2456
A064520,바른전자,20100621,2151,2199,2094,2188,8168183,1156,0,1931,1764,1981,2457
A064520,바른전자,20100618,1871,2132,1834,2132,11978406,4466,0,1852,1749,1988,2457
A064520,바른전자,20100617,1769,1943,1758,1856,4270303,47774,0,1799,1742,1998,2459
A064520,바른전자,20100616,1765,1777,1686,1735,1445348,84833,0,1792,1748,2013,2464
A064520,바른전자,20100615,1796,1848,1739,1743,993508,1866,0,1815,1773,2030,2470
A064520,바른전자,20100614,1909,1935,1788,1796,1271048,1355,0,1847,1787,2049,2475
A064520,바른전자,20100611,1856,1939,1826,1867,2221470,4051,0,1861,1799,2068,2479
A064520,바른전자,20100610,1887,1887,1800,1818,1446629,54229,0,1851,1801,2086,2482
A064520,바른전자,20100609,1924,2000,1810,1853,2320195,1086,0,1842,1794,2104,2485
A064520,바른전자,20100608,1913,2038,1890,1901,4191574,282,0,1779,1783,2123,2489
A064520,바른전자,20100607,1735,1935,1697,1867,4479355,1233,0,1701,1770,2142,2492
A064520,바른전자,20100604,1769,1913,1739,1818,6393109,282,-44801,1632,1757,2161,2495
A064520,바른전자,20100603,1562,1769,1562,1769,4237976,12658,0,1566,1752,2179,2498
A064520,바른전자,20100601,1528,1550,1517,1539,1262961,8298,-1,1498,1750,2202,2502
A064520,바른전자,20100531,1517,1562,1509,1512,1105500,6802,0,1515,1763,2227,2505
A064520,바른전자,20100528,1509,1558,1490,1524,2302429,7885,-69916,1579,1775,2254,2508
A064520,바른전자,20100527,1437,1509,1407,1486,2540843,47390,-129370,1648,1785,2279,2511
A064520,바른전자,20100526,1422,1478,1399,1430,5719486,452,-247917,1749,1798,2306,2514
A064520,바른전자,20100525,1803,1829,1573,1625,778251,8180,0,1861,1816,2331,2518
A064520,바른전자,20100524,1750,2014,1675,1829,1448583,12931,0,1982,1830,2353,2519
A064520,바른전자,20100520,1985,2098,1735,1871,885352,0,0,2021,1836,2376,2520
A064520,바른전자,20100519,1995,2188,1841,1992,1557224,14911,0,2052,1840,2397,2520
A064520,바른전자,20100518,2317,2320,1932,1988,2632614,0,0,2038,1837,2415,2520
A064520,바른전자,20100517,2045,2327,2045,2230,7132154,19575,-5500,1975,1833,2427,2520
A064520,바른전자,20100514,2014,2117,1932,2026,2819390,123105,0,1857,1815,2435,2518
A064520,바른전자,20100513,2060,2207,2026,2026,4745267,105650,0,1780,1815,2447,2518
A064520,바른전자,20100512,1686,1920,1678,1920,1295128,160747,0,1695,1832,2460,2518
A064520,바른전자,20100511,1652,1735,1649,1671,388469,161422,0,1656,1851,2472,2519
A064520,바른전자,20100510,1644,1671,1611,1644,340176,150741,0,1668,1885,2488,2523
A064520,바른전자,20100507,1502,1731,1502,1641,883734,136383,0,1698,1924,2503,2526
A064520,바른전자,20100506,1697,1697,1493,1599,347577,145858,0,1720,1964,2519,2530
A064520,바른전자,20100504,1750,1765,1724,1724,194336,141849,0,1744,2012,2535,2534
A064520,바른전자,20100503,1743,1807,1728,1731,477826,142342,0,1747,2049,2553,2537
A064520,바른전자,20100430,1773,1841,1773,1796,437454,144217,0,1759,2085,2572,2539
A064520,바른전자,20100429,1743,1792,1716,1750,670276,139253,0,1783,2122,2589,2542
A064520,바른전자,20100428,1731,1792,1678,1721,534720,109163,0,1821,2160,2610,2544
A064520,바른전자,20100427,1781,1796,1721,1739,782044,83013,0,1869,2196,2639,2547
A064520,바른전자,20100426,1887,1887,1678,1788,889709,79594,0,1906,2236,2664,2550
A064520,바른전자,20100423,1962,1985,1916,1916,310978,47739,0,1930,2276,2696,2553
A064520,바른전자,20100422,1947,2000,1924,1939,261810,35385,0,1921,2312,2718,2556
A064520,바른전자,20100421,2000,2000,1939,1962,290642,12186,0,1938,2342,2739,2559
A064520,바른전자,20100420,1932,1969,1913,1924,340253,7860,0,2021,2374,2764,2561
A064520,바른전자,20100419,1841,2026,1810,1909,1405871,2269,0,2094,2416,2794,2564
A064520,바른전자,20100416,1909,1913,1826,1871,1352282,8201,0,2184,2459,2824,2566
A064520,바른전자,20100415,2038,2090,2022,2022,1147048,12788,0,2294,2503,2849,2568
A064520,바른전자,20100414,2301,2498,2301,2377,900538,21758,0,2380,2544,2868,2569
A064520,바른전자,20100413,2354,2384,2267,2290,339567,16661,0,2414,2572,2877,2567
A064520,바른전자,20100412,2437,2441,2339,2362,219615,9469,0,2450,2605,2886,2565
A064520,바른전자,20100409,2509,2509,2339,2418,201210,8728,0,2465,2633,2894,2563
A064520,바른전자,20100408,2547,2547,2430,2452,224415,6351,0,2489,2662,2904,2561
A064520,바른전자,20100407,2437,2558,2437,2550,360337,11948,0,2503,2692,2914,2558
A064520,바른전자,20100406,2521,2565,2433,2468,321921,5000,0,2479,2713,2921,2556
A064520,바른전자,20100405,2550,2573,2196,2437,459658,10094,0,2495,2737,2928,2554
A064520,바른전자,20100402,2531,2656,2475,2539,553415,2486,0,2524,2770,2933,2553
A064520,바른전자,20100401,2430,2521,2411,2521,397592,22556,0,2545,2797,2938,2550
A064520,바른전자,20100331,2547,2565,2430,2430,442680,0,0,2546,2828,2943,2548
A064520,바른전자,20100330,2607,2641,2543,2547,389295,1609,0,2584,2857,2950,2545
A064520,바른전자,20100329,2641,2671,2573,2584,414401,1827,0,2627,2884,2949,2543
A064520,바른전자,20100326,2550,2754,2550,2645,1146625,1740,0,2661,2902,2943,2541
A064520,바른전자,20100325,2603,2626,2452,2524,793131,33739,0,2685,2915,2937,2538
A064520,바른전자,20100324,2792,2803,2596,2618,730604,294,0,2749,2952,2933,2537
A064520,바른전자,20100323,2803,2906,2702,2762,1725782,0,0,2810,2977,2927,2535
A064520,바른전자,20100322,2807,2815,2743,2758,451294,33704,0,2850,2992,2921,2532
A064520,바른전자,20100319,2845,2856,2754,2762,788066,29163,0,2882,2988,2915,2531
A064520,바른전자,20100318,2925,2969,2834,2845,790737,200,0,2930,2987,2909,2529
A064520,바른전자,20100317,3019,3022,2925,2925,673388,200,0,2970,2983,2901,2528
A064520,바른전자,20100316,2935,3026,2890,2962,1055994,890,0,2978,2976,2889,2526
A064520,바른전자,20100315,3022,3026,2898,2916,863963,2491,0,2975,2959,2877,2522
A064520,바른전자,20100312,3132,3154,3000,3000,1084289,200,0,3013,2944,2867,2519
A064520,바른전자,20100311,2966,3086,2962,3048,1382135,3728,0,3028,2924,2855,2514
A064520,바른전자,20100310,2985,3079,2890,2962,1335725,732,0,3045,2901,2841,2509
A064520,바른전자,20100309,3075,3094,2943,2951,1336081,700,0,3057,2882,2829,2504
A064520,바른전자,20100308,3117,3215,3067,3105,1731008,1758,0,3085,2873,2817,2500
A064520,바른전자,20100305,3185,3199,3048,3072,1347243,2092,0,3053,2863,2802,2493
A064520,바른전자,20100304,3060,3362,3034,3136,4585946,337,0,3020,2848,2783,2486
A064520,바른전자,20100303,3132,3147,2988,3019,978826,1203,0,3044,2841,2762,2480
A064520,바른전자,20100302,3057,3241,3057,3094,2889446,200,0,3062,2866,2743,2475
A064520,바른전자,20100226,2995,3154,2943,2943,1821869,200,0,3059,2872,2723,2468
A064520,바른전자,20100225,3276,3286,2906,2906,2039746,200,0,3006,2911,2704,2460
A064520,바른전자,20100224,3091,3257,2995,3257,2712685,800,-59344,2971,2927,2685,2453
A064520,바른전자,20100223,3132,3373,3045,3109,4525845,2348,-180000,2874,2924,2663,2442
A064520,바른전자,20100222,2747,3079,2740,3079,4261102,9649,25000,2806,2940,2643,2434
A064520,바른전자,20100219,2687,2713,2486,2679,2021166,2700,0,2718,2973,2625,2425
A064520,바른전자,20100218,2792,2792,2697,2732,476848,2700,0,2705,3024,2613,2420
A064520,바른전자,20100217,2830,2837,2721,2769,654467,2700,0,2676,3058,2602,2414
A064520,바른전자,20100216,2622,2822,2622,2773,1128056,2930,0,2640,3076,2589,2408
A064520,바른전자,20100212,2656,2671,2592,2637,586330,3374,0,2602,3082,2576,2402
A064520,바른전자,20100211,2573,2645,2565,2615,597263,4092,0,2630,3092,2566,2396
A064520,바른전자,20100210,2637,2721,2543,2588,1170028,2700,0,2686,3104,2558,2393
A064520,바른전자,20100209,2558,2588,2456,2588,1256068,26088,0,2726,3125,2550,2390
A064520,바른전자,20100208,2841,2901,2573,2581,1542721,2700,0,2806,3148,2542,2387
A064520,바른전자,20100205,2656,2856,2641,2777,1553081,2700,0,2992,3170,2533,2384
A064520,바른전자,20100204,2784,3041,2721,2898,4282016,3001,0,3081,3176,2520,2379
A064520,바른전자,20100203,2943,3094,2656,2784,4378037,12720,0,3245,3167,2506,2375
A064520,바른전자,20100202,3690,3690,2988,2988,5252905,9483,0,3335,3168,2494,2371
A064520,바른전자,20100201,3547,3706,3245,3513,6149125,700,0,3375,3161,2478,2365
A064520,바른전자,20100129,3849,4076,3162,3223,7123841,1000,0,3358,3127,2455,2355
A064520,바른전자,20100128,3223,3716,3215,3716,2627535,23100,0,3464,3090,2436,2346
A064520,바른전자,20100127,3207,3283,3109,3233,1006663,38891,30099,3460,3017,2410,2333
A064520,바른전자,20100126,3490,3584,3048,3192,1277676,24539,0,3496,2968,2393,2324
A064520,바른전자,20100125,3683,4053,3252,3426,1857640,1276,-700,3483,2923,2378,2316
A064520,바른전자,20100122,3709,4076,3709,3751,2816102,2201,700,3377,2865,2359,2305
A064520,바른전자,20100121,3064,3879,3048,3698,4024543,236923,0,3195,2796,2334,2292
A064520,바른전자,20100120,3298,3596,3170,3411,8951187,238941,0,3026,2733,2307,2280
A064520,바른전자,20100119,2958,3177,2943,3128,2045145,285703,45000,2945,2682,2287,2270
A064520,바른전자,20100118,2868,3034,2845,2898,713300,269238,49368,2930,2643,2271,2262
A064520,바른전자,20100115,2826,2988,2792,2841,892456,227952,0,2952,2611,2257,2255
A064520,바른전자,20100114,3057,3057,2853,2853,964156,194450,0,2963,2580,2245,2248
A064520,바른전자,20100113,3064,3124,2973,3004,950172,194997,-12350,2939,2552,2233,2240
A064520,바른전자,20100112,2988,3053,2837,3053,953886,202131,0,2896,2516,2217,2230
A064520,바른전자,20100111,2981,3170,2906,3007,1800211,196186,0,2856,2475,2203,2221
A064520,바른전자,20100108,2750,2909,2690,2898,802003,254869,0,2822,2436,2191,2211
A064520,바른전자,20100107,2724,2985,2652,2732,1384390,243974,0,2736,2403,2180,2201
A064520,바른전자,20100106,2845,2845,2664,2792,1377529,231928,0,2643,2376,2173,2193
A064520,바른전자,20100105,3230,3230,2807,2853,3415026,194185,-102145,2535,2332,2163,2185
A064520,바른전자,20100104,2792,2837,2716,2837,617825,233720,0,2424,2284,2152,2176
A064520,바른전자,20091230,2271,2536,2267,2468,1063767,237826,170181,2310,2237,2141,2168
A064520,바른전자,20091229,2264,2377,2241,2264,665041,223225,0,2291,2206,2138,2162
A064520,바른전자,20091228,2267,2313,2237,2252,369094,227815,0,2324,2184,2139,2158
A064520,바른전자,20091224,2271,2336,2252,2301,199716,233799,0,2353,2159,2140,2156
A064520,바른전자,20091223,2370,2373,2241,2267,391341,229166,0,2361,2141,2141,2154
A064520,바른전자,20091222,2452,2460,2354,2370,356148,230233,0,2358,2126,2143,2153
A064520,바른전자,20091221,2418,2430,2346,2430,377559,247206,0,2331,2105,2143,2150
A064520,바른전자,20091218,2324,2433,2298,2399,434072,220015,0,2302,2083,2146,2147
A064520,바른전자,20091217,2256,2464,2256,2339,979544,216729,0,2278,2064,2149,2145
A064520,바른전자,20091216,2237,2290,2233,2252,278365,218059,0,2257,2048,2155,2144
A064520,바른전자,20091215,2286,2327,2222,2233,451189,199755,0,2255,2036,2162,2141
A064520,바른전자,20091214,2320,2494,2286,2286,1602772,192459,0,2256,2026,2167,2139
A064520,바른전자,20091211,2271,2286,2237,2279,480143,200197,0,2236,2017,2172,2137
A064520,바른전자,20091210,2271,2313,2218,2237,1038160,192433,0,2160,2008,2173,2132
A064520,바른전자,20091209,2237,2256,2143,2241,718203,201786,-18934,2093,2002,2176,2128
A064520,바른전자,20091208,2286,2317,2188,2237,1621544,192963,-20470,2026,1992,2179,2124
A064520,바른전자,20091207,2000,2185,2000,2185,772447,211158,-45816,1948,1982,2182,2121
A064520,바른전자,20091204,1897,1916,1871,1901,95909,210273,-41296,1876,1976,2183,2118
A064520,바른전자,20091203,1909,1924,1879,1901,141309,208085,-16992,1845,1984,2190,2118
A064520,바른전자,20091202,1848,1932,1848,1906,180611,206763,-24900,1852,1990,2198,2118
A064520,바른전자,20091201,1822,1871,1810,1848,139763,211401,-32353,1863,2000,2206,2118
A064520,바른전자,20091130,1796,1834,1769,1822,137845,207380,-27959,1886,2013,2214,2120
A064520,바른전자,20091127,1909,1954,1735,1747,280273,199632,0,1920,2029,2217,2121
A064520,바른전자,20091126,1950,1981,1920,1939,86345,208543,0,1974,2052,2221,2122
A064520,바른전자,20091125,2000,2000,1901,1958,151713,204356,-3676,1989,2071,2222,2122
A064520,바른전자,20091124,2019,2019,1943,1962,157169,204074,0,2000,2085,2224,2123
A064520,바른전자,20091123,2022,2029,1988,1992,114189,205726,-3700,2014,2099,2226,2125
A064520,바른전자,20091120,2011,2045,2007,2019,134194,206096,0,2037,2106,2227,2126
A064520,바른전자,20091119,2011,2052,2000,2014,76492,200951,0,2054,2113,2227,2128
A064520,바른전자,20091118,2033,2056,2000,2014,80618,194955,0,2073,2121,2228,2131
A064520,바른전자,20091117,2105,2105,2019,2033,209229,193159,0,2077,2125,2227,2134
A064520,바른전자,20091116,2105,2151,2079,2105,135895,201579,0,2079,2129,2227,2137
A064520,바른전자,20091113,2143,2143,2067,2105,79833,210659,0,2070,2130,2227,2138
A064520,바른전자,20091112,2038,2158,2029,2109,237986,218995,0,2062,2128,2230,2139
A064520,바른전자,20091111,2052,2079,2022,2033,122552,213681,0,2044,2132,2233,2139
A064520,바른전자,20091110,2109,2109,2038,2045,97820,210548,0,2062,2144,2236,2140
A064520,바른전자,20091109,2067,2090,2000,2060,138731,213953,0,2072,2155,2238,2142
A064520,바른전자,20091106,2052,2128,2029,2064,205017,195573,0,2087,2166,2243,2148
A064520,바른전자,20091105,2079,2124,1995,2019,308609,197953,-1500,2120,2173,2247,2155
A064520,바른전자,20091104,2075,2120,2075,2120,100444,197348,0,2176,2182,2252,2162
A064520,바른전자,20091103,2135,2143,2090,2098,141874,193414,0,2202,2184,2255,2171
A064520,바른전자,20091102,2105,2226,2105,2135,352352,191794,-26500,2232,2193,2256,2178
A064520,바른전자,20091030,2271,2298,2226,2226,393822,191700,0,2230,2203,2256,2186
A064520,바른전자,20091029,2241,2301,2161,2301,269076,191861,0,2217,2207,2255,2191
A064520,바른전자,20091028,2248,2309,2161,2248,413928,191927,0,2191,2210,2253,2195
A064520,바른전자,20091027,2128,2248,2086,2248,357016,192885,0,2161,2219,2252,2199
A064520,바른전자,20091026,1966,2135,1966,2128,964401,193106,175200,2132,2223,2251,2204
A064520,바른전자,20091023,2139,2237,2113,2161,426220,193751,0,2133,2248,2252,2211
A064520,바른전자,20091022,2101,2204,2052,2169,160821,196928,0,2113,2269,2253,2218
A064520,바른전자,20091021,2105,2105,2038,2101,155999,199546,0,2119,2295,2253,2224
A064520,바른전자,20091020,2158,2158,2060,2101,113282,198776,0,2151,2324,2253,2232
A064520,바른전자,20091019,2041,2166,2011,2132,193778,202802,0,2184,2347,2250,2239
A064520,바른전자,20091016,2180,2180,2052,2064,418939,193173,0,2214,2368,2247,2244
A064520,바른전자,20091015,2264,2309,2169,2196,328377,209018,0,2243,2384,2244,2249
A064520,바른전자,20091014,2264,2298,2226,2264,188420,225916,0,2244,2393,2238,2255
A064520,바른전자,20091013,2279,2290,2241,2264,174526,226042,0,2221,2403,2230,2263
A064520,바른전자,20091012,2294,2336,2226,2283,369713,225715,0,2226,2409,2222,2270
A064520,바른전자,20091009,2166,2226,2113,2207,306134,233339,0,2236,2408,2213,2277
A064520,바른전자,20091008,2158,2241,2101,2204,271425,214654,0,2256,2414,2207,2283
A064520,바른전자,20091007,2332,2332,1992,2147,361267,206758,0,2288,2422,2200,2288
A064520,바른전자,20091006,2346,2362,2264,2290,176417,199086,0,2342,2433,2195,2291
A064520,바른전자,20091005,2264,2362,2264,2332,151464,207255,0,2351,2434,2186,2296
A064520,바른전자,20091001,2377,2377,2260,2309,217992,198207,0,2410,2418,2178,2301
A064520,바른전자,20090930,2430,2479,2362,2362,206063,203810,0,2464,2403,2172,2306
A064520,바른전자,20090929,2377,2471,2339,2415,331832,206793,0,2530,2385,2168,2309
A064520,바른전자,20090928,2411,2445,2286,2339,660060,206806,-28146,2581,2368,2163,2313
A064520,바른전자,20090925,2592,2687,2460,2626,433447,211012,0,2627,2355,2158,2315
A064520,바른전자,20090924,2675,2709,2517,2577,551761,193700,0,2613,2327,2149,2315
A064520,바른전자,20090923,2792,2822,2679,2694,1320317,194849,0,2572,2300,2141,2313
A064520,바른전자,20090922,2565,2721,2490,2671,1228439,203833,0,2511,2267,2132,2307
A064520,바른전자,20090921,2531,2581,2437,2565,588693,194200,-5214,2466,2233,2120,2300
A064520,바른전자,20090918,2373,2562,2365,2558,1015719,197997,-16126,2433,2204,2110,2294
A064520,바른전자,20090917,2403,2460,2324,2370,500047,199241,-17398,2374,2184,2101,2288
A064520,바른전자,20090916,2468,2543,2370,2389,877347,194208,0,2364,2179,2091,2284
A064520,바른전자,20090915,2490,2622,2399,2449,1925626,193708,-10000,2360,2172,2080,2278
A064520,바른전자,20090914,2294,2445,2226,2399,1231072,198502,-6295,2345,2161,2069,2274
A064520,바른전자,20090911,2339,2380,2211,2264,714597,224321,0,2326,2151,2061,2271
A064520,바른전자,20090910,2392,2471,2305,2317,1038169,213523,0,2274,2155,2053,2269
A064520,바른전자,20090909,2354,2464,2305,2373,1000880,264877,10000,2214,2155,2045,2264
A064520,바른전자,20090908,2449,2603,2346,2370,4599783,275655,-58625,2140,2151,2037,2258
A064520,바른전자,20090907,2029,2305,1973,2305,872575,291002,0,2080,2148,2031,2251
A064520,바른전자,20090904,2022,2060,1962,2007,169028,276065,-7674,2034,2140,2026,2246
A064520,바른전자,20090903,2029,2071,2003,2014,190526,272212,-3356,2048,2148,2025,2244
A064520,바른전자,20090902,2071,2086,2000,2003,204328,276111,0,2051,2155,2023,2242
A064520,바른전자,20090901,2079,2086,2038,2071,156678,280398,0,2059,2165,2023,2239
A064520,바른전자,20090831,2067,2132,2029,2075,149592,290150,-18823,2042,2169,2023,2233
A064520,바른전자,20090828,2038,2098,2007,2075,210562,293160,0,2023,2174,2024,2226
A064520,바른전자,20090827,2071,2082,1995,2029,195703,293825,-5472,2040,2180,2025,2218
A064520,바른전자,20090826,1973,2120,1973,2045,252882,296460,0,2087,2190,2029,2210
A064520,바른전자,20090825,1981,2011,1932,1985,217473,277795,0,2130,2195,2034,2201
A064520,바른전자,20090824,2166,2222,1837,1981,694801,278884,-20000,2176,2203,2041,2193
A064520,바른전자,20090821,2267,2286,2143,2158,332807,290619,-2465,2222,2200,2048,2186
A064520,바른전자,20090820,2324,2324,2241,2264,212857,315863,0,2258,2188,2049,2177
A064520,바른전자,20090819,2264,2354,2241,2260,353264,329862,6573,2270,2169,2047,2167
A064520,바른전자,20090818,2045,2264,2045,2218,279109,300064,0,2275,2150,2045,2157
A064520,바른전자,20090817,2317,2339,2196,2211,375150,295381,2000,2293,2128,2044,2147
A064520,바른전자,20090814,2370,2452,2305,2339,432821,301684,-469,2281,2106,2046,2137
A064520,바른전자,20090813,2384,2441,2301,2320,892894,301523,30000,2247,2076,2053,2126
A064520,바른전자,20090812,2286,2317,2233,2286,464060,294533,0,2215,2051,2063,2117
A064520,바른전자,20090811,2154,2309,2151,2309,601834,295159,0,2195,2028,2072,2108
A064520,바른전자,20090810,2207,2226,2120,2151,595276,269020,-1423,2164,2003,2086,2099
A064520,바른전자,20090807,2204,2256,2113,2169,454137,269446,-7294,2170,1984,2101,2089
A064520,바른전자,20090806,2211,2271,2147,2158,630144,268991,-13285,2174,1967,2115,2080
A064520,바른전자,20090805,2151,2248,2135,2188,321359,283627,-11751,2190,1957,2126,2071
A064520,바른전자,20090804,2196,2230,2154,2154,334899,277207,0,2180,1955,2137,2062
A064520,바른전자,20090803,2204,2241,2180,2180,264518,284270,0,2179,1952,2147,2054
A064520,바른전자,20090731,2248,2327,2173,2188,422561,271615,0,2126,1945,2158,2044
A064520,바른전자,20090730,2139,2384,2075,2241,932640,273811,7100,2073,1940,2170,2035
A064520,바른전자,20090729,2113,2226,2067,2139,581730,268621,-32000,2000,1933,2182,2025
A064520,바른전자,20090728,1913,2188,1894,2147,1020167,273165,0,1949,1935,2196,2016
A064520,바른전자,20090727,1924,1966,1875,1913,312097,283810,-10000,1876,1923,2210,2007
A064520,바른전자,20090724,1894,1954,1887,1924,287462,291907,-27370,1848,1927,2228,1999
A064520,바른전자,20090723,1897,1924,1844,1879,299357,296841,-10000,1812,1932,2242,1992
A064520,바른전자,20090722,1792,1916,1792,1882,552206,299337,-92520,1798,1926,2254,1984
A064520,바른전자,20090721,1781,1834,1762,1784,171358,285074,0,1787,1918,2272,1977
A064520,바른전자,20090720,1762,1803,1735,1769,172994,288874,-7576,1792,1919,2295,1970
A064520,바른전자,20090717,1826,1853,1721,1747,336843,271654,-6516,1793,1925,2317,1964
A064520,바른전자,20090716,1834,1901,1788,1807,213406,278881,-71660,1810,1928,2341,1958
A064520,바른전자,20090715,1800,1867,1800,1829,112600,279825,0,1841,1929,2359,1951
A064520,바른전자,20090714,1844,1848,1773,1807,136213,271632,0,1902,1933,2375,1944
A064520,바른전자,20090713,1834,1863,1735,1773,233766,271632,-22426,1959,1942,2388,1937
A064520,바른전자,20090710,2022,2022,1834,1834,419172,276994,-5000,2015,1953,2406,1930
A064520,바른전자,20090709,2188,2199,1954,1962,513311,270811,-12708,2066,1959,2424,1923
A064520,바른전자,20090708,2079,2207,2060,2135,912626,273344,-73810,2094,1956,2439,1914
A064520,바른전자,20090707,2052,2113,2022,2090,317801,289126,0,2101,1949,2450,1905
A064520,바른전자,20090706,2109,2135,2048,2052,382504,279862,8000,2066,1948,2463,1895
A064520,바른전자,20090703,2014,2143,1985,2090,523403,278548,0,2053,1952,2473,1887
A064520,바른전자,20090702,2173,2196,2026,2105,761215,271611,0,2040,1955,2481,1878
A064520,바른전자,20090701,1924,2204,1924,2166,1087683,293548,0,1972,1962,2484,1869
A064520,바른전자,20090630,2014,2132,1897,1916,1171017,271403,0,1883,1974,2481,1860
A064520,바른전자,20090629,2026,2086,1928,1988,847971,304479,0,1859,1998,2481,1853
A064520,바른전자,20090626,1792,2026,1784,2026,1030356,343855,-2833,1841,2017,2478,1844
A064520,바른전자,20090625,1721,1784,1713,1762,120391,329917,-12380,1796,2026,2475,1836
A064520,바른전자,20090624,1810,1871,1721,1721,176012,303967,-20000,1809,2046,2476,1829
A064520,바른전자,20090623,1887,1887,1777,1800,159187,301670,0,1846,2068,2477,0
A064520,바른전자,20090622,1743,1897,1743,1897,191971,314947,0,1886,2085,2479,0
A064520,바른전자,20090619,1826,1860,1735,1800,158645,295024,-17390,1903,2107,2481,0
A064520,바른전자,20090618,1906,1924,1826,1826,156801,288976,-15883,1933,2154,2484,0
A064520,바른전자,20090617,2014,2014,1848,1906,271621,299771,-19371,1948,2208,2482,0
A064520,바른전자,20090616,1954,2075,1935,2000,156015,302442,0,1967,2256,2478,0
A064520,바른전자,20090615,1939,1995,1882,1985,133908,320043,7633,1979,2314,2472,0
A064520,바른전자,20090612,1932,2000,1887,1950,170039,308278,-652,2012,2365,2467,0
A064520,바른전자,20090611,2038,2038,1848,1901,357830,306476,-160539,2049,2419,2464,0
A064520,바른전자,20090610,2143,2143,1969,2000,211280,290642,-14389,2119,2464,2462,0
A064520,바른전자,20090609,2185,2185,1988,2060,234046,306070,15852,2199,2508,2454,0
A064520,바른전자,20090608,2158,2180,2079,2151,196455,292038,-15435,2268,2541,2443,0
A064520,바른전자,20090605,2260,2286,2075,2135,333475,276919,-26121,2312,2576,2428,0
A064520,바른전자,20090604,2407,2407,2233,2248,453467,269573,1611,2326,2616,2411,0
A064520,바른전자,20090603,2415,2468,2320,2403,413736,273053,-5881,2308,2652,2391,0
A064520,바른전자,20090602,2418,2468,2377,2403,380681,271358,-11060,2258,2680,2368,0
A064520,바른전자,20090601,2230,2389,2204,2370,619007,278475,7978,2207,2708,2345,0
A064520,바른전자,20090529,2226,2309,2060,2204,474456,314548,0,2201,2741,2325,0
A064520,바른전자,20090528,2075,2196,1829,2161,625944,315724,84717,2309,2768,2306,0
A064520,바른전자,20090527,2248,2324,2120,2151,471770,306492,5045,2458,2789,2287,0
A064520,바른전자,20090526,2271,2380,2113,2151,1067032,317681,-40646,2602,2830,2269,0
A064520,바른전자,20090525,2690,2747,2336,2336,1678826,308195,-33675,2800,2881,2250,0
A064520,바른전자,20090522,2868,2909,2679,2747,542143,306492,-111873,2937,2918,2227,0
A064520,바른전자,20090521,2872,2977,2750,2906,529715,306492,-24310,2991,2940,2200,0
A064520,바른전자,20090520,3162,3170,2830,2868,802868,306492,-48357,2971,2940,2171,0
A064520,바른전자,20090519,3064,3245,2962,3143,1083606,324709,56663,2974,2936,2143,0
A064520,바른전자,20090518,3026,3048,2909,3019,500724,342988,22475,2890,2907,2111,0
A064520,바른전자,20090515,2845,3057,2747,3019,1108454,343055,37030,2855,2898,2078,0
A064520,바른전자,20090514,2830,2913,2713,2807,267004,333841,0,2836,2895,2046,0
A064520,바른전자,20090513,2716,2973,2634,2882,539259,344333,-15000,2869,2898,2017,0
A064520,바른전자,20090512,2868,2872,2724,2724,308480,330095,0,2887,2894,1987,0
A064520,바른전자,20090511,2928,2981,2822,2841,374266,341304,-18957,2935,2901,1960,0
A064520,바른전자,20090508,3014,3014,2716,2928,508459,338058,0,2971,2890,1931,0
A064520,바른전자,20090507,2992,3154,2962,2969,708716,336548,-38647,2933,2874,1900,0
A064520,바른전자,20090506,2969,3000,2853,2973,427819,333693,-24340,2859,2839,1868,0
A064520,바른전자,20090504,2939,3004,2875,2966,370881,332900,-34978,2859,2789,1836,0
A064520,바른전자,20090430,2845,3019,2792,3019,855817,354687,-86342,2900,2737,1804,0
A064520,바른전자,20090429,2679,2766,2536,2740,796051,366194,-191194,2912,2677,1770,0
A064520,바른전자,20090428,2906,2932,2528,2596,1108363,348440,36873,3001,2630,1742,0
A064520,바른전자,20090427,3162,3207,2800,2973,373937,329931,-7217,3063,2592,1715,0
A064520,바른전자,20090424,3079,3223,2943,3170,715180,346695,-65187,3023,2532,1681,0
A064520,바른전자,20090423,3283,3283,3057,3079,429758,371961,-83168,2902,2470,1645,0
A064520,바른전자,20090422,2906,3336,2879,3185,1178945,373827,68638,2856,2416,1611,0
A064520,바른전자,20090421,2649,2906,2649,2906,653821,343002,-109967,2808,2357,1576,0
A064520,바른전자,20090420,2652,2913,2569,2777,1721941,333978,-197898,2803,2299,1544,0
A064520,바른전자,20090417,2868,2906,2468,2565,864779,329900,-69831,2806,2241,1514,0
A064520,바른전자,20090416,3094,3101,2769,2849,866653,329900,-216570,2866,2195,1487,0
A064520,바른전자,20090415,2875,3151,2762,2943,732096,324654,-10330,2819,2137,1455,0
A064520,바른전자,20090414,2800,2981,2452,2879,887790,324996,89502,2753,2079,1422,0
A064520,바른전자,20090413,2853,2913,2668,2792,1113966,325415,-264564,2631,2024,1389,0
A064520,바른전자,20090410,2747,2951,2618,2868,3294377,400521,2070000,2468,1962,1359,0
A064520,바른전자,20090409,2687,2845,2565,2615,429829,324332,0,2279,1885,1328,0
A064520,바른전자,20090408,2309,2611,2301,2611,501781,327678,23000,2120,1818,1301,0
A064520,바른전자,20090407,2226,2271,2041,2271,462322,327110,0,1958,1742,1274,0
A064520,바른전자,20090406,2000,2029,1909,1976,174564,324000,-30000,1872,1683,1254,0
A064520,바른전자,20090403,1837,2038,1834,1924,225350,327193,30000,1833,1636,1239,0
A064520,바른전자,20090402,1916,2000,1807,1818,164983,325820,0,1833,1591,1224,0
A064520,바른전자,20090401,1792,1887,1788,1803,120337,326754,0,1869,1556,1210,0
A064520,바른전자,20090331,1777,1871,1735,1841,98227,324088,0,1908,1519,1197,0
A064520,바른전자,20090330,1924,1924,1773,1777,67299,328800,0,1888,1479,1182,0
A064520,바른전자,20090327,2048,2048,1890,1924,152355,330566,0,1859,1443,0,0
A064520,바른전자,20090326,2014,2120,1928,2000,448415,330914,0,1802,1398,0,0
A064520,바른전자,20090325,1739,2000,1675,2000,498795,330211,0,1741,1348,0,0
A064520,바른전자,20090324,1656,1739,1607,1739,415221,328800,0,1697,1303,0,0
A064520,바른전자,20090323,1637,1769,1584,1633,658964,328982,0,1704,1274,0,0
A064520,바른전자,20090320,1709,1735,1618,1637,282005,329297,0,1686,1251,0,0
A064520,바른전자,20090319,1765,1807,1697,1697,306554,328800,0,1627,1230,0,0
A064520,바른전자,20090318,1916,1985,1721,1781,919915,328800,0,1541,1199,0,0
A064520,바른전자,20090317,1694,1773,1644,1773,471971,328800,0,1405,1163,0,0
A064520,바른전자,20090316,1361,1543,1361,1543,386627,328800,0,1266,1128,0,0
A064520,바른전자,20090313,1403,1452,1286,1343,644660,328800,0,1164,1106,0,0
A064520,바른전자,20090312,1113,1264,1082,1264,252469,306540,0,1102,1095,0,0
A064520,바른전자,20090311,1079,1101,1056,1101,63242,291700,0,1075,1086,0,0
A064520,바른전자,20090310,1022,1082,1022,1079,50592,291700,0,1066,1084,0,0
A064520,바른전자,20090309,1037,1071,1019,1033,42718,291700,0,1058,1082,0,0
A064520,바른전자,20090306,1071,1105,1029,1033,108361,291700,0,1063,1083,0,0
A064520,바른전자,20090305,1067,1207,1056,1127,401274,291700,0,1059,1084,0,0
A064520,바른전자,20090304,1033,1086,1010,1060,18216,291700,0,1034,1078,0,0
A064520,바른전자,20090303,1071,1101,1029,1037,14775,291700,0,1043,1075,0,0
A064520,바른전자,20090302,1075,1075,981,1056,13085,291700,0,1068,1073,0,0
A064520,바른전자,20090227,1010,1067,1007,1014,28907,291700,0,1091,1068,0,0
A064520,바른전자,20090226,1067,1135,1003,1003,44785,291700,0,1133,1067,0,0
A064520,바른전자,20090225,1177,1207,1079,1105,82111,291700,0,1145,1069,0,0
A064520,바른전자,20090224,1139,1195,1105,1161,119389,291700,0,1137,1068,0,0
A064520,바른전자,20090223,1282,1403,1166,1173,596017,291700,0,1119,1058,0,0
A064520,바른전자,20090220,1222,1222,1127,1222,696879,291700,0,1107,1049,0,0
A064520,바른전자,20090219,1086,1086,1029,1063,42221,291700,0,1088,1035,0,0
A064520,바른전자,20090218,1067,1086,1026,1067,23356,291700,0,1090,1028,0,0
A064520,바른전자,20090217,1113,1113,1019,1071,31223,291700,0,1088,1023,0,0
A064520,바른전자,20090216,1139,1139,1101,1113,18252,291700,0,1084,1017,0,0
A064520,바른전자,20090213,1075,1132,1067,1124,76558,291700,0,1073,1009,0,0
A064520,바른전자,20090212,1056,1075,1041,1075,15678,291700,0,1055,1002,0,0
A064520,바른전자,20090211,1052,1063,1026,1056,12313,291700,0,1043,999,0,0
A064520,바른전자,20090210,1056,1071,1019,1052,13680,291700,0,1034,997,0,0
A064520,바른전자,20090209,1056,1071,1014,1056,51897,291700,0,1021,998,0,0
A064520,바른전자,20090206,1041,1063,1014,1037,12546,291700,0,1001,998,0,0
A064520,바른전자,20090205,1019,1041,995,1014,28486,291700,0,991,997,0,0
A064520,바른전자,20090204,988,1010,957,1010,43650,291700,0,997,997,0,0
A064520,바른전자,20090203,957,988,943,988,21605,291700,0,1011,995,0,0
A064520,바른전자,20090202,984,1033,943,957,22964,291700,0,1010,995,0,0
A064520,바른전자,20090130,992,1026,976,984,61404,291700,0,1014,0,0,0
A064520,바른전자,20090129,1116,1203,995,1048,177819,291700,0,1008,0,0,0
A064520,바른전자,20090128,1019,1127,973,1079,88659,291700,0,984,0,0,0
A064520,바른전자,20090123,981,981,950,981,2277,291700,0,960,0,0,0
A064520,바른전자,20090122,962,981,920,976,1064,291700,0,952,0,0,0
A064520,바른전자,20090121,943,954,860,954,16205,291700,0,950,0,0,0
A064520,바른전자,20090120,962,1014,928,928,1641,294758,0,956,0,0,0
A064520,바른전자,20090119,957,966,943,962,6574,294758,0,973,0,0,0
A064520,바른전자,20090116,969,1000,916,939,4406,294758,0,982,0,0,0
A064520,바른전자,20090115,969,976,943,969,2892,297758,0,1010,0,0,0
A064520,바른전자,20090114,981,1007,973,984,20099,297758,0,1028,0,0,0
A064520,바른전자,20090113,1037,1037,995,1010,1707,297758,0,1035,0,0,0
A064520,바른전자,20090112,1026,1101,984,1010,5858,297758,0,1033,0,0,0
A064520,바른전자,20090109,1022,1086,1022,1079,7873,297758,0,1028,0,0,0
A064520,바른전자,20090108,1116,1116,1003,1056,4928,297758,0,1008,0,0,0
A064520,바른전자,20090107,988,1033,981,1019,10648,297758,0,0,0,0,0
A064520,바른전자,20090106,981,1003,976,1003,5197,297758,0,0,0,0,0
A064520,바른전자,20090105,981,1010,962,981,7610,296258,0,0,0,0,0
A064520,바른전자,20090102,1045,1045,947,981,3879,296258,0,0,0,0,0
